0	4.67983395343e+11
1	1.01002212616e+12
2	3.74781688952e+12
3	2.47830988946e+11
4	1.72156501199e+12
5	9.59025769393e+11
6	2.87159760184e+12
7	8.64487659237e+11
8	4.14400823575e+11
9	6.32611649693e+11
10	7.77151976033e+11
11	1.51036874317e+12
12	3.13775998841e+12
13	2.78574408978e+11
14	2.96051189842e+12
15	6.30009825157e+11
16	1.35584346732e+12
17	5.21929240001e+11
18	1.74151718579e+12
19	1.73546344079e+12
20	3.83349876327e+11
21	1.39259271907e+12
22	6.06038376298e+11
23	4.42718167205e+12
24	1.14350844796e+12
25	9.82153718905e+11
26	2.418388114e+11
27	1.44645561949e+12
28	3.45972712379e+11
29	4.43212627159e+11
30	1.96395334811e+12
31	3.6551706221e+11
32	2.41953693634e+11
33	1.57993843288e+12
34	3.80235480848e+11
35	1.34748742155e+11
36	2.34380925332e+12
37	2.48474138525e+11
38	9.21729971913e+11
39	1.67455151537e+12
40	3.68156572061e+12
41	4.32661720299e+11
42	1.20025007848e+12
43	3.65868500409e+11
44	2.82117055141e+12
45	1.96281046982e+12
46	1.02262180567e+12
47	8.13492414026e+11
48	2.48967280549e+12
49	4.85511070459e+11
50	1.09097379955e+12
51	1.46378162286e+12
52	7.30718129396e+12
53	9.71616290316e+11
54	2.02053311525e+12
55	3.45559367366e+12
56	1.50624072355e+12
57	1.03709376418e+12
58	1.06772822572e+13
59	1.39564743628e+12
60	9.96845600088e+11
61	1.60364352056e+11
62	2.03048348217e+12
63	3.05823520582e+11
64	1.52722652455e+12
65	6.83626124743e+11
66	6.42835495448e+11
67	1.97177287235e+12
68	1.00731736394e+12
69	2.19119484087e+12
70	5.27172027438e+11
71	8.87239706516e+11
72	4.17848262893e+11
73	1.31919701064e+12
