0	17.7251622671
1	356.257640058
2	2784.38054675
3	1184.31811551
4	69.1449450352
5	73.0040244613
6	210.406682309
7	103.539197136
8	2067.07461353
9	710.417079426
10	113.902448235
11	1775.04992714
12	89.6161211045
13	16.0015239449
14	83.7305168063
15	81.1073078772
16	610.641794274
17	2279.67325764
18	1515.20172659
19	247.964797196
20	866.861346718
21	31.7403065608
22	49.2949524621
23	360.065090263
24	694.288849292
25	128.235682459
26	439.395260842
27	592.364623577
28	896.503017306
29	278.932804004
30	1074.79300156
31	63.91953112
