0	4.19844416631e+12
1	2.66699862175e+12
2	4.40684256597e+12
3	4.01278000519e+12
4	1.9756687215e+12
5	1.2568202084e+13
6	9.48613228208e+11
7	4.25543588037e+12
8	1.25267109291e+12
9	6.08206608598e+12
10	1.85228805542e+13
11	7.97021822591e+12
12	2.28484111827e+13
13	1.189921193e+13
14	2.48487681033e+12
15	3.35054351236e+12
16	2.8050011309e+13
17	1.68070265845e+13
18	2.10910176979e+12
19	1.6298940991e+13
20	5.50264823665e+12
21	9.97943522302e+11
22	3.80386153902e+12
23	1.51982284277e+12
24	3.4746501393e+12
25	7.08720275199e+12
26	2.37205559164e+12
27	7.06795223121e+12
28	4.19177451257e+13
29	2.39204258771e+13
30	4.49332832427e+12
31	3.36093030573e+13
32	4.10905663284e+12
33	4.42937161478e+12
34	2.57680323744e+12
35	5.15386699597e+12
36	8.45755793433e+11
37	1.61614085686e+13
38	4.46462135356e+13
39	2.02562242362e+13
40	5.50978966655e+12
41	5.51619361362e+12
42	1.16619830199e+13
43	3.57999440757e+13
44	4.43105321702e+13
45	1.44329398892e+12
46	7.57012851256e+12
47	9.36859082809e+12
48	3.41048289074e+12
49	1.36104034305e+13
50	1.81066145481e+13
51	4.15759655883e+12
52	2.78539454539e+12
53	1.25561672636e+13
54	9.40258923899e+11
55	1.26904256754e+12
56	2.33072265278e+12
57	1.80353338757e+13
58	1.92615550279e+12
59	2.33670438715e+12
60	4.6236018281e+12
61	1.39171592852e+13
62	1.81204125187e+13
63	1.27509197416e+13
64	2.74882105535e+12
65	1.48842141772e+12
66	2.42998600874e+12
67	4.13392552895e+12
68	1.09732323928e+13
69	5.03111775328e+13
70	9.06447383374e+12
71	1.24933087856e+13
72	5.36181836277e+12
73	3.49728995457e+12
74	5.18138482314e+13
75	6.50964976157e+12
76	3.23245464086e+12
77	1.62055869757e+13
78	1.08114925443e+12
79	5.67233869128e+12
80	4.37548297912e+12
81	3.50877798628e+12
82	3.43044239193e+12
83	1.28987048118e+13
84	9.24994717913e+11
85	1.1294928767e+13
86	1.96492323706e+12
87	1.21570961229e+12
88	1.81399335276e+12
89	4.04479791828e+13
90	3.84247660312e+12
91	1.43617720554e+13
92	4.74870508518e+12
93	1.10651721816e+13
94	7.78651519263e+12
95	2.51071356033e+12
96	4.23980311248e+13
97	1.63425768647e+13
98	1.12732945067e+13
99	3.84746278384e+12
100	5.03692066342e+12
101	8.56282035417e+12
102	1.08230057926e+12
103	1.39212339911e+13
104	5.45840754536e+13
105	3.49554095063e+12
106	7.92379410456e+12
107	2.39298888212e+12
108	5.01557043041e+12
109	5.70444761734e+12
110	5.06364405246e+12
111	8.90746793974e+12
112	6.79268690175e+12
113	3.64079227612e+12
114	6.35972671841e+11
115	6.55871730416e+12
116	1.75966378269e+12
117	2.03946905384e+12
118	1.37472406174e+13
119	2.87507146605e+13
