0	13495.3786527
1	5613.01038725
2	1814.42450695
3	2711.99087371
4	431.399009591
5	552.235129277
6	769.759372232
7	8353.20915455
8	3119.43232323
9	654.598522414
10	29258.1575454
11	3227.22030326
12	10986.3408552
13	730.419344526
14	199.60558008
15	256.814674173
16	28577.5688659
17	685.546097257
18	20713.808448
19	105001.944917
20	917.639579602
21	1330.92565863
22	12809.0418764
23	7932.13005332
24	165.361930751
25	10456.1480499
26	1211.05846075
27	1365.63441102
28	179.379555749
29	407.912990509
30	33140.7124854
31	9247.93577414
32	1454.2835253
33	3303.22495936
34	826.161234964
35	375.41257324
36	11131.0955368
37	3098.46331302
38	3052.22530134
39	914.16065257
40	2659.4081669
41	83960.9026923
42	5289.39010223
43	12855.0698883
44	17484.5648721
45	188.404714992
46	552.840570011
