0	480763049222.70154
1	230667528585.93884
2	359295378074.87897
3	34964206681.11765
4	16788860962.266203
5	17770676968.91585
6	3291842793481.6646
7	1120191709945.4487
8	115565583601.73996
9	1244337778286.3367
10	16903106451.794846
11	3752659475345.561
12	217092261601.94125
13	36312042593.63264
14	677335224194.1057
15	115140448803.2555
16	432272912382.59375
17	45149511592.91023
18	39993904279.911934
19	5408517069.280734
20	27968708256.088573
21	1937426783101.2512
22	257192775306.84744
23	185348748596.89944
24	15149882304.831963
25	36620150214.50201
26	204365317600.5458
27	2772442747663.6597
28	141178676670.1317
29	211485287077.56537
30	35136360906.26579
31	817058914743.078
32	96559013103.29578
33	33663358360.327267
34	1536687860987.8584
35	1415776641060.453
36	11522658302.519487
37	320157271468.80334
38	67995611385.66662
39	77973565684.0167
40	949872559666.6097
41	179144998200.64185
42	96628126221.96164
43	16625173361.335909
44	57512043153.18013
45	142672012364.6307
46	95674897176.13239
47	156683505627.2629
48	267995385574.31613
49	22718811372.672592
50	74268734458.78857
