0	2.61013208041e+11
1	4.43961722048e+11
2	62536323427.0
3	58331541105.8
4	2.45227887769e+11
5	2.4767852012e+11
6	1.00444797277e+11
7	4.88503753736e+11
8	2.33975567922e+11
9	8.95764897523e+11
10	2.33113198168e+11
11	1.8765051889e+11
12	2.72383479165e+11
13	6.68986788075e+11
14	1.01423168109e+11
15	3.98880228474e+11
16	1.67757869078e+11
17	4.2943075142e+11
18	2.21667013023e+11
19	46046954126.3
20	2.84660914346e+11
21	90567851896.7
22	1.72540075583e+11
23	6.4663326166e+11
24	1.08094117442e+11
25	4.7073878966e+11
26	2.65083787332e+11
27	4.05205916197e+11
28	3.07302111473e+11
29	4.86983421865e+11
30	1.27476810623e+11
31	7.10324851201e+12
32	3.4880205922e+11
33	38045443942.1
34	1.34125072373e+11
35	1.07784019097e+11
36	1.41903825407e+11
37	1.20004975488e+11
