0	1.76315210013e+11
1	12418446403.4
2	1.56762896031e+11
3	16663031536.3
4	1.19983191587e+11
5	2.28106520498e+11
6	1.93136799622e+11
7	1.45961311934e+12
8	1.23576370158e+11
9	72509772249.5
10	76372986015.3
11	52647161139.4
12	77384096515.5
13	2.56263510055e+11
14	2.65617762288e+11
15	1.26466132566e+11
16	4.36045635413e+11
17	1.25662396375e+11
18	25676922656.4
19	2.58997209645e+11
20	1.11125218992e+11
21	89854871021.2
22	1.72390294497e+11
23	7.39830307422e+11
24	88722905864.6
25	15874433517.5
26	39525277126.6
27	4.65040538255e+11
28	32378650523.1
29	2.90866710711e+11
30	7.0462500424e+11
31	55531809011.7
32	53933471233.1
33	2.84538051093e+11
