0	1.2023517854e+12
1	1.07380082771e+12
2	5.56520781566e+11
3	2.16583011244e+13
4	1.51764983519e+12
5	4.66886687533e+12
6	3.93422441767e+12
7	5.16635091802e+11
8	1.78677043124e+11
9	2.33538640864e+12
10	1.27371547337e+13
11	7.43226980306e+11
12	8.35525600819e+11
13	1.99813135256e+12
14	1.82143236461e+12
15	7.93372161919e+11
16	2.77072407479e+12
17	2.69984086102e+12
18	1.13506407161e+12
19	5.04516518983e+12
20	5.10172824353e+11
21	3.56577621133e+11
22	1.98953733981e+12
23	6.5187416028e+11
24	1.54169331233e+12
25	2.45260182062e+12
26	7.55492608692e+11
27	6.98196592472e+11
28	1.74852416389e+11
29	2.59245145453e+12
30	5.95205503454e+11
31	2.61646438864e+12
32	1.63349240939e+12
33	9.7843256e+11
34	1.84277771255e+11
35	2.8006272567e+12
36	7.06498415771e+12
37	6.80574889646e+12
38	1.95788678136e+12
39	1.49090769751e+12
40	2.77874082891e+12
41	1.07538038405e+12
42	3.25523632603e+12
43	1.55492128678e+13
44	3.61413442182e+11
45	1.10645146973e+12
46	5.97117040663e+11
47	1.52198856419e+12
48	2.80571877555e+12
49	7.72363242419e+12
50	3.47223603429e+12
51	1.7425921119e+12
52	6.83496796962e+11
53	8.11764111851e+11
54	3.45738600125e+11
55	2.16251739608e+12
56	1.8805424941e+12
57	6.5458085502e+12
58	1.30323486963e+11
59	7.72097120589e+12
60	3.34234830897e+11
61	1.49524864331e+11
62	2.16501712614e+12
63	1.98929318969e+12
64	3.1191689438e+12
65	1.19340682122e+12
66	2.04357065726e+12
67	2.7852139696e+12
68	6.45274495531e+12
69	1.38173459356e+11
70	2.67274135578e+12
71	1.85748000651e+12
72	5.57617174384e+12
73	4.01910695176e+12
74	4.19671915574e+11
75	1.06173787157e+11
76	5.75345036069e+11
77	1.37785773311e+12
78	2.35405887657e+11
79	4.81269289665e+12
80	2.27470460339e+12
81	3.17206782019e+11
82	1.23747391052e+12
83	5.02603255882e+11
84	2.80377664757e+12
85	7.35813563322e+11
86	6.25955375253e+11
87	9.90591574381e+11
88	6.9793154836e+11
89	7.67222876832e+12
90	2.5967596957e+11
91	3.09728039855e+12
92	6.94662319895e+12
93	5.75417112536e+11
94	1.12003153088e+12
95	1.14480045179e+12
96	5.05249754792e+11
97	1.04568301457e+12
98	8.55128460002e+11
99	1.96846318479e+11
100	2.29853444471e+12
101	8.95592484472e+11
102	3.49040066579e+12
103	9.74918167469e+11
104	6.45157229786e+12
105	1.30949033281e+12
106	5.75016804517e+11
107	2.44310461538e+12
108	1.23487388679e+12
109	1.0219471489e+12
110	3.59443628785e+12
111	1.48062736217e+12
112	4.2023301322e+12
113	1.8068571434e+12
114	2.12116718438e+11
115	5.10115954915e+12
116	1.220653868e+12
117	1.64707122666e+11
118	3.57441954085e+12
119	1.74085618816e+12
120	3.03578937086e+11
121	3.82269947824e+12
122	78998104422.6
123	4.29077385402e+11
124	3.78213888269e+11
125	6.39195452673e+11
126	3.63983023868e+11
127	7.45412601748e+11
128	1.97286694995e+12
129	2.30318436623e+12
130	1.42380318474e+12
131	3.64677569646e+11
132	6.1016731799e+11
133	2.61848515167e+11
134	2.65505077967e+12
135	3.06543358285e+12
136	2.90312950065e+12
137	8.75813153657e+11
138	3.88201906845e+11
139	6.8963183923e+11
140	7.3630938481e+11
141	4.05984038079e+11
142	4.78193180815e+12
143	9.97324776968e+11
144	1.88148970958e+12
145	1.25238990119e+12
146	1.93999180834e+12
147	6.74543824122e+12
148	1.33923759727e+12
149	2.9229936738e+11
150	3.48406015986e+12
151	2.21514064323e+12
152	4.50563820925e+12
153	7.21690303394e+11
154	8.3867465526e+11
155	7.70387933459e+11
156	9.22222398607e+11
157	1.24777260937e+12
158	6.85479244775e+11
159	1.05192010928e+13
160	1.6380189757e+12
161	2.05067993624e+12
162	2.39113711195e+11
163	1.03663157657e+12
164	4.73315750293e+11
165	1.07521925593e+12
166	4.80750866749e+12
167	2.23611169128e+13
168	9.79651612723e+11
169	4.60196098553e+12
170	5.81627691149e+12
171	9.51770795846e+11
172	1.31124991593e+12
173	2.88133872928e+12
174	2.17633407854e+13
175	1.05840955608e+13
176	1.58598620777e+12
177	4.36076494011e+12
178	5.25200824362e+11
179	3.0382806135e+12
180	2.5742029154e+12
181	2.07308843243e+12
182	3.7421316307e+12
183	4.47289370928e+12
184	8.62829737177e+11
185	1.22835262983e+12
186	1.74471970094e+12
187	1.70298998064e+12
188	6.28664361457e+12
189	3.62200114917e+11
190	2.98563180114e+12
191	6.85696636557e+11
192	1.59853316646e+12
193	4.18305981725e+12
194	4.86039978718e+12
195	2.96356482642e+11
196	3.02176360268e+12
197	1.34333915278e+12
198	9.10434830629e+11
199	1.63272788954e+12
200	2.13125629296e+12
201	9.70344770127e+11
202	3.59849404763e+12
203	6.20606931439e+11
204	1.53960448544e+12
205	2.37604885917e+12
206	3.66301724618e+12
207	5.29410945266e+11
