0	1.59692442562e+12
1	1.63861752345e+12
2	2.72754958904e+11
3	1.98577975585e+12
4	2.62125316515e+12
5	6.25862725496e+12
6	7.06227163536e+11
7	4.5467350332e+11
8	1.22393087083e+12
9	1.61399086011e+12
10	1.64268610465e+13
11	8.2988954132e+12
12	3.75135183255e+11
13	5.8051351277e+11
14	5.56280312531e+12
15	1.41933250652e+12
16	1.15615212168e+12
17	5.806855177e+11
18	3.21227519954e+12
19	1.30815203948e+12
20	2.20165753184e+12
21	1.62535782502e+12
22	3.44717955575e+11
23	1.56832201832e+12
24	6.76818379175e+11
25	4.10334954625e+12
26	1.25236948397e+12
27	3.26904201832e+12
28	1.6799783719e+12
29	2.08210310355e+12
30	1.4048165298e+13
31	2.60032776662e+12
32	1.50780074316e+12
33	4.41369479621e+11
34	2.38606051881e+12
35	7.54836819464e+11
36	8.82255556217e+12
37	2.02819928505e+12
38	1.72189915185e+12
39	6.89687778731e+11
40	3.44994365153e+12
41	1.52909304864e+12
42	4.51057287589e+12
43	7.12730770618e+11
44	9.11720987892e+11
45	3.65844405523e+12
46	8.27888001614e+11
47	1.37482351151e+12
48	2.28386792133e+12
49	4.87016553361e+11
50	3.57600714476e+12
51	9.22674457678e+11
52	3.94070979557e+11
53	1.53444653205e+11
54	1.71225386265e+12
55	2.59651496345e+12
56	4.86835110239e+13
57	1.32171433086e+12
58	2.13657644e+12
59	1.00154511486e+12
60	2.48701797977e+12
61	9.89003083808e+12
62	4.78231669043e+12
63	2.64424794911e+12
64	2.02423537147e+12
65	9.00251745644e+12
66	1.6016799987e+12
67	2.21173020322e+11
68	4.45981995378e+12
69	3.49218284865e+12
70	1.44849340274e+13
71	6.53408605961e+11
72	1.63565431317e+12
73	4.29996313585e+11
74	2.79960718498e+11
