0	1.26670597553e+11
1	7.09128568702e+11
2	1.34165621205e+11
3	4.22635536106e+11
4	2.17808143867e+11
5	1.34454705613e+11
6	1.0375071011e+11
7	3.95340625166e+11
8	1.50743239514e+12
9	1.09281089355e+11
10	1.22147123005e+11
11	1.315277949e+12
12	1.05887430885e+11
13	4.44125246142e+11
14	78880180124.6
15	8.1220429574e+11
16	1.33068308696e+11
17	5.71108468132e+11
18	1.16432670923e+12
19	6.34326769841e+11
20	3.71372700009e+11
21	2.49392651924e+12
22	43778241344.3
23	7.24138676491e+11
24	2.47030196249e+11
25	1.93674880922e+12
26	2.79528859526e+11
27	5.34779352939e+11
28	1.64506712682e+11
29	49836816398.8
30	4.99826577565e+11
