0	73442983802.8
1	2.59313655838e+11
2	1.04914007329e+12
3	83126811390.0
4	3.21078735113e+11
5	56663285866.4
6	5.71346198354e+11
7	3.92768860804e+11
8	62262085426.7
9	40059063109.4
10	25898718202.8
11	15214433899.7
12	7.68806970416e+11
13	6.29883546713e+11
14	1.02890533801e+11
15	1.6303993765e+11
16	2.29940679525e+11
17	46901318946.1
18	91851711741.6
19	28419561211.0
20	9436561861.81
21	1.84986013556e+11
22	4.16636079614e+11
23	88398536417.7
24	3.71401023564e+11
25	64835064327.6
26	68979934126.6
27	14528395080.5
28	1.18414772963e+11
29	1.09465617329e+11
30	17550568374.0
31	7.49613186604e+11
32	27211855763.7
