0	5.83886991051e+11
1	2.13698066233e+12
2	7.4482440695e+11
3	3.08744630742e+12
4	1.31159879476e+12
5	1.23869948003e+12
6	2.32910402536e+11
7	1.35179502141e+12
8	6.36415279859e+12
9	1.80308776428e+12
10	2.45430659794e+11
11	7.29911547022e+11
12	9.33336348712e+12
13	2.32582667859e+11
14	2.31696742513e+11
15	3.08615443156e+11
16	1.58820152962e+12
17	5.96543752347e+11
18	1.69019802505e+12
19	1.83254033943e+12
20	1.13473683096e+12
21	1.4890132718e+12
22	4.11730261729e+11
23	3.49480823747e+11
24	1.76507093107e+12
25	2.4414480512e+12
26	8.98854273877e+11
27	3.03647602819e+11
28	6.8940669143e+11
29	7.26630037494e+11
30	3.52900661722e+12
31	2.60447996278e+11
32	2.91771838695e+12
33	6.95366007735e+11
34	1.23269485628e+12
35	9.02129852701e+12
36	1.36833457242e+12
37	1.6172019959e+12
38	4.8004486532e+11
39	1.32737409557e+12
40	7.17285589798e+11
41	7.06827360738e+11
42	1.06224019147e+13
43	2.95693644525e+12
44	5.6684187586e+11
45	4.78059323229e+11
46	9.5876825394e+11
47	2.60836381272e+11
48	8.19209219781e+11
49	1.09472152662e+12
50	5.11743432193e+11
51	4.77976226062e+11
52	1.27955626918e+12
53	7.69853345009e+11
54	4.40725653612e+12
55	2.65911848889e+12
56	6.4675646102e+11
57	1.0824813154e+11
58	1.30499922848e+12
59	3.5015718475e+11
60	1.67626407836e+12
61	5.18076174132e+12
62	7.80328279365e+11
63	1.92815128114e+12
