0	195.226092678
1	12072.3756338
2	6439.47710331
3	1065.00234406
4	833.734112676
5	1934.34651691
6	8031.48455689
7	3650.28546843
8	30.1071068843
9	159.741403447
10	1257.69767835
11	121.772815394
12	1784.32641458
13	834.452363041
14	4425.87591422
15	279.242236894
16	11420.4394791
17	1934.94937196
18	407.795338584
19	5121.58298148
20	1378.4399533
21	599.771317608
22	21302.5872978
23	794.691761531
24	3005.73793959
25	4141.13893295
26	474.698840673
27	270.03439695
28	29659.8742501
29	777.692842327
30	1971.65822801
31	316.323294685
32	2342.25330387
33	234.777368598
34	463.078547871
35	202.712284114
36	640.799626242
37	427.896611396
38	266.906037207
39	1630.74245071
40	4585.47098201
41	6372.69914341
42	231.062557703
43	2881.3606887
44	1348.43130651
45	71200.2528874
46	163.361344469
47	287.082410233
48	272.486256742
49	1151.83091984
50	11452.1189886
51	2084.84068408
52	3706.52975299
53	52.6269210519
54	174.094855484
55	3468.34796853
56	711.214099417
57	3508.36728997
58	2147.92184241
59	256.322394546
60	2428.73574283
61	597.292448814
62	4731.10735459
63	4846.78006052
