0	1.9676375744e+12
1	4.22002125393e+11
2	3.96410817201e+11
3	1.11405487069e+12
4	1.81935904659e+12
5	1.5721725724e+12
6	7.84253518108e+11
7	7.97209966112e+11
8	1.60822128494e+11
9	2.07171476348e+11
10	1.20049926406e+12
11	5.30635718772e+11
12	3.21366077787e+11
13	2.73238866287e+12
14	1.17739751553e+12
15	1.65652010782e+12
16	1.25567237342e+11
17	4.51684914037e+11
18	4.05941235911e+11
19	1.06076763344e+12
20	5.04507518416e+11
21	66757473083.4
22	3.41339702604e+11
23	69072864316.8
24	4.96705310629e+11
25	7.00824377654e+11
