0	802.549473762
1	18153.9270438
2	2628.69979214
3	1154.58999781
4	512.976580271
5	236.049400969
6	2290.25134895
7	133.592533439
8	3951.64040178
9	7249.49136003
10	4742.93199241
11	7372.87984731
12	2436.76044788
13	1044.20929765
14	1419.57868161
15	247.901915331
16	208.583414363
17	7236.18640046
18	9059.31133674
19	5234.80020157
20	1443.0107977
21	6594.90552292
22	15701.8546456
23	19856.3725746
24	3001.19861906
25	30334.221084
26	26110.2511871
27	150187.827664
28	8332.89927361
29	12088.152856
30	6153.04161793
31	402.532968834
32	35131.7969521
33	533.374340137
34	164.251729348
35	1249.98976945
36	955.248591144
37	20854.8673744
38	283.340306708
39	30813.6303176
40	7852.49900901
41	456.700031128
42	3257.31753076
43	2564.36803192
44	170337.865176
45	4092.38672997
46	3271.46026442
47	77945.4793544
48	165.177157604
49	1891.02177618
50	558.320405673
51	8349.55403331
52	605.540551579
53	64974.9872569
54	11419.273416
55	906.552899577
56	5460.89229378
57	16475.2760122
58	307.75574537
59	632.557804828
60	1925.5428614
61	3109.45560133
62	2868.48572983
63	6561.38102894
64	4948.7932285
65	1151.67573893
66	267.226520313
67	845.375512688
68	127.536110926
69	9580.85367452
70	13406.5440188
71	662.673633649
72	8317.90875821
73	1938.53679115
74	1011.26322715
75	9095.47392243
76	1191.34579032
77	26215.1791667
78	8373.30814344
