0	9.48050143138e+11
1	9.22515905665e+11
2	2.49781725473e+11
3	5.31991941818e+12
4	5.23126513895e+11
5	4.19407909053e+11
6	8.89350313881e+11
7	6.23000947219e+11
8	1.19736381406e+12
9	6.10517709855e+11
10	1.56158141524e+12
11	1.63117593797e+11
12	1.47205703527e+12
13	2.46163691731e+12
14	1.30142959672e+12
15	4.83860229467e+11
16	1.81634711372e+11
17	3.95977685813e+11
18	1.17420000788e+12
19	1.07446821797e+12
20	7.37716995311e+11
21	33008707664.1
22	13778491212.5
23	3.1181168286e+11
24	1.05613975042e+12
25	7.72493834962e+11
26	7.72070092647e+11
27	96772878797.3
28	2.25925240142e+12
29	1.73100148622e+11
30	4.40941764235e+11
31	4.12931127824e+11
32	6.6577277929e+11
33	1.18207604151e+12
34	94293508002.9
35	5.44487719861e+11
36	5.64241533527e+11
37	1.38731791647e+12
38	1.26764622073e+11
39	86869411740.9
40	1.75562707711e+12
41	4.61427243069e+12
42	1.751503544e+11
43	2.79253703231e+11
44	7.29749587992e+11
45	1.45612963723e+11
46	9.40191804629e+11
47	1.0219511775e+12
48	7.7492433993e+11
49	1.9282506049e+12
