0	2.24231818264e+12
1	2.86036184487e+12
2	6.0661658382e+12
3	2.07850150615e+12
4	6.84857294056e+11
5	3.55050676212e+11
6	3.29204675649e+12
7	1.08012158341e+12
8	3.70829232394e+11
9	7.77342638263e+11
10	1.71636704276e+12
11	5.33089061569e+11
12	4.14303211897e+12
13	6.33024119432e+11
14	1.13771188941e+13
15	7.17148426046e+11
16	7.51820713471e+11
17	4.14598783702e+11
18	3.90610957238e+11
19	2.12662375855e+12
20	3.518301298e+11
21	6.11313234705e+11
22	9.02275656506e+12
23	9.79505783886e+11
24	7.73033671589e+11
25	4.61651840011e+11
26	2.7223973941e+12
27	1.29831686774e+12
28	1.1091210489e+12
29	2.35274005363e+12
30	1.45836721404e+12
31	2.62115930416e+12
32	4.15539556123e+12
33	3.56644309882e+12
34	2.34117680035e+12
35	1.4626861628e+12
36	4.19722960485e+11
37	1.87837949936e+12
38	1.51728072698e+12
39	1.47509595193e+12
40	4.15198702993e+12
41	4.85100409025e+11
42	1.36210764014e+12
43	1.28869892803e+12
44	2.97663196153e+11
45	2.7469365775e+11
46	3.98691077095e+12
47	2.58686542767e+12
48	5.26634260299e+11
49	3.88228550877e+11
50	2.62545118723e+11
51	9.6562746618e+11
52	9.07583288706e+11
53	1.55769175102e+12
54	1.26867307471e+12
55	1.53282678475e+12
56	4.74792617657e+11
57	2.89302850244e+11
58	3.1600029573e+11
59	2.65496117461e+12
60	2.84431479484e+12
61	5.00080829036e+12
62	5.75600809458e+12
63	1.5524688468e+12
64	1.95852439248e+11
65	9.01400047206e+11
66	1.79920404237e+12
67	2.63505687843e+12
68	2.31605612406e+12
69	6.3245430117e+11
70	1.17118977893e+12
71	1.46956640566e+12
72	4.39635615459e+11
73	8.57574350517e+11
74	1.54405490759e+12
75	1.53407206868e+12
76	6.96311660131e+12
77	4.35506265492e+11
78	8.20844931534e+11
79	2.79093989613e+12
80	3.95938881416e+12
81	1.83274975138e+12
82	1.54806654017e+12
83	9.03080208005e+12
84	2.92298639387e+12
85	3.53009511656e+12
86	4.56724855555e+11
87	4.98444324887e+12
88	4.87356516873e+12
89	1.29240748328e+12
90	7.27335291425e+11
91	4.29208379018e+12
92	1.85146586796e+12
93	6.43515539974e+11
94	1.91497839088e+12
95	1.77616644506e+13
96	1.03380097024e+12
97	1.17425793603e+12
98	2.99214890112e+12
99	1.85148334537e+13
100	8.20610679058e+11
101	9.08174617607e+12
102	1.88420432809e+13
103	2.94838560353e+12
104	1.09285497131e+12
105	1.90536640817e+12
106	3.75272510294e+12
107	6.56373216601e+11
108	2.78448309861e+12
109	9.12335130727e+12
110	5.22827905216e+11
111	6.80395765841e+12
112	4.3631993534e+11
113	8.99157219277e+11
114	1.58114202579e+12
115	1.87573881443e+12
116	2.78741591752e+12
117	3.90741473671e+12
118	5.52548882918e+12
119	4.10473545937e+12
120	9.99417564477e+12
121	5.48419767744e+12
122	9.76050356006e+11
123	3.35562228513e+12
124	2.74866134424e+11
125	5.15975018891e+12
126	3.12085976928e+12
127	8.05359657912e+11
128	1.63109073537e+12
129	5.49229866263e+12
130	3.30809472009e+11
131	1.624861472e+12
132	6.73495088938e+11
133	6.69872276172e+11
134	83039364230.0
135	1.05148797414e+12
136	1.0157189794e+12
137	8.76274683907e+12
138	7.87503493119e+11
139	2.50256489929e+12
140	1.2118578626e+12
141	1.59861556481e+12
142	6.92927013039e+12
143	1.57467176792e+11
144	1.0065683095e+13
145	8.15454685426e+11
146	5.88415010424e+11
147	4.59158632228e+11
148	7.84281025851e+11
149	9.9882851519e+11
150	8.84082084008e+11
151	7.75548868744e+11
152	5.78002111104e+11
153	1.16266705137e+12
154	7.36713487957e+11
155	2.9362382011e+11
156	1.64519859312e+12
157	4.82600484924e+11
158	1.14751615009e+12
159	2.61691967028e+11
160	9.30410218663e+12
161	3.70685126449e+12
162	1.6850635347e+12
163	1.71493537178e+12
164	2.58676622448e+11
165	6.17535930644e+12
166	9.16605991902e+11
167	2.47107808646e+12
168	8.08341657976e+11
169	9.06810844754e+12
170	3.40192829744e+12
171	1.85484239539e+12
172	2.04573833322e+12
173	4.51729553041e+11
174	3.49521284417e+12
175	8.85053586935e+12
176	6.82846122064e+11
177	3.7894596572e+12
178	2.34042203042e+11
179	4.13064567393e+12
180	8.94398968332e+11
181	9.45998178996e+11
182	2.50030395282e+12
183	1.75904958307e+12
184	1.44797314098e+13
185	2.4489381361e+12
186	9.00927064544e+11
187	1.18299341932e+12
188	3.82033785365e+12
189	2.11640509613e+12
190	1.54769363922e+12
191	7.98759438926e+11
192	8.94042118261e+11
193	2.18695227193e+12
194	3.81741021428e+12
195	2.75679953447e+12
196	4.54812345272e+11
197	3.75547943164e+12
198	6.4887493525e+11
199	1.80250024082e+12
200	1.02229165097e+12
201	1.3740124942e+12
202	2.26374335446e+12
203	7.54415976057e+11
204	2.87449842867e+12
205	2.54178593176e+12
206	1.15722777558e+12
207	9.93306174448e+11
