0	1179.69513512
1	5420.05568412
2	1582.79393832
3	3190.60917432
4	2475.44991622
5	1079.97378755
6	1890.26383693
7	1090.07836408
8	3773.17337549
9	2564.92174624
10	628.673036792
11	1401.65636591
12	5412.43800064
13	1005.25309237
14	2742.47115038
15	7128.2180536
16	1467.3618129
17	2602.02583168
18	11829.7933604
19	1698.05651593
20	696.823751017
21	1863.50051514
22	742.391985642
23	171.626289773
24	1385.11661362
25	5902.06070998
26	803.624843487
27	3375.9660345
28	1264.73853472
29	6674.64537437
30	1250.00130407
31	1730.96928602
32	1268.36218574
33	847.00746944
34	543.911229652
35	834.313948068
