0	4.60187703538e+11
1	3.84653253128e+11
2	5.89197573463e+11
3	33815479956.4
4	2.42096391384e+11
5	2.09564683113e+11
6	1.9239082918e+11
7	28747693249.6
8	50114342521.8
9	2.43097817053e+11
10	3.6023110223e+11
11	1.96549810052e+11
12	84528291290.1
13	3.17738976628e+11
14	2.29853658024e+11
15	53952711138.6
16	6.50748095617e+11
17	1.07450760091e+12
18	65046497493.9
19	1.8654431998e+11
20	1.17990081779e+11
21	7.41641356343e+11
22	2.00412731043e+12
23	50821040120.2
24	1.34820726356e+11
25	1.63092795662e+11
26	54577805962.4
27	19951187687.1
28	69760708887.9
29	1.21908337912e+11
30	1.49859914337e+11
31	3.16355818087e+11
32	53096541680.6
33	1.19872710789e+12
34	98745774451.2
35	4.28067423236e+11
36	56959384659.0
37	86687225881.4
38	1.95086179939e+11
39	10415551966.4
40	2.35354053954e+11
41	56899161695.5
42	1.42813846162e+11
43	1.631887439e+12
44	1.39488668056e+12
45	42163976717.0
46	1.4401504444e+11
47	1.42080351741e+11
48	1.02711364951e+11
49	2.27668296154e+11
50	46343980989.1
51	1.39793214797e+11
52	5.91995050794e+11
53	40510388948.8
54	9.28481182238e+11
55	95885677492.7
56	79969046024.1
57	39036439147.0
58	37245776287.5
59	94182866925.8
60	2.5974250314e+11
61	4.50897241452e+11
62	4.46484436977e+11
63	1.50441662024e+11
64	87497364974.5
65	51478148626.4
66	99799245282.3
67	4.17651793652e+11
68	29169988790.9
69	1.31498124775e+11
70	4.49519350154e+11
71	1.14562379711e+11
72	72583234744.3
73	9557259027.97
74	3.39086885493e+11
75	21898895614.4
76	1.68387223676e+11
77	2.41429286474e+11
78	36753106791.1
79	62776852423.6
80	19431677634.1
81	3.60895462146e+11
82	1.93281111768e+11
83	2.28841507515e+11
84	68801051222.8
85	76611238173.4
86	1.02835800118e+11
87	1.84664760129e+11
88	73930306023.5
89	69914937985.5
90	1.51652529791e+11
91	1.07096318553e+11
92	1.35147280571e+11
93	1.91450099991e+11
94	4.00823187772e+11
95	1.05885726931e+11
96	2.25463804933e+11
97	1.03093080766e+11
98	5.75227635245e+11
99	3.03027570937e+11
100	89321853713.8
101	97288492861.2
102	2.25806502822e+11
103	1.00385411512e+11
104	1.84852828338e+11
105	3.0195522378e+11
106	1.10357051676e+11
107	2.01876437599e+11
108	3.74231651707e+11
109	4.7135221861e+11
110	3.34917318912e+11
111	3.83087271808e+11
112	2.0777413035e+11
113	24651133363.8
114	1.54011000561e+11
115	7.45371538754e+11
116	95362141840.7
117	28290686018.9
118	1.02583042366e+11
119	63212482566.4
120	33513570563.5
121	3.83131665838e+11
122	1.78624743027e+11
123	3.03184592433e+11
124	2.41458253717e+11
125	3.51144740382e+11
126	1.26063997682e+11
127	75572947782.9
128	28750563914.7
129	1.50477365393e+11
130	1.87076604635e+11
131	4.31888595004e+11
132	1.21597704432e+11
133	5.15936923198e+11
134	1.61482934817e+11
135	2.90210780829e+11
136	1.45992233121e+11
137	2.50583084386e+11
