0	5.03321435471e+11
1	1.16721193867e+11
2	1.20136648235e+12
3	3.24803607942e+11
4	3.18759837803e+11
5	3.58868325886e+11
6	2.13670977728e+12
7	2.19833547098e+11
8	1.34128666598e+12
9	5.54966752684e+11
10	2.829460029e+11
11	4.41821452531e+11
12	1.49921972578e+12
13	3.71240415277e+11
14	5.86770056584e+11
15	5.24320772112e+11
16	1.62474936712e+12
17	1.29799791214e+12
18	3.93779941499e+11
19	2.3717145908e+12
20	1.03025809828e+12
21	8.86782152461e+11
22	2.63149634957e+12
23	1.18683061767e+12
24	4.79025883275e+11
25	3.41600878887e+11
26	2.63172197421e+12
27	5.40445205194e+11
28	7.09107621627e+11
29	2.19759856348e+11
30	1.081319317e+12
31	7.95248770686e+11
32	93837859420.6
33	9.25559336345e+11
34	8.28895914392e+11
35	2.25009215456e+11
36	2.37504684763e+12
