0	397651.708326
1	1036.34213237
2	2842.67819289
3	4684.24617418
4	4197.08520399
5	793.730458712
6	9948.15799217
7	1188.42145648
8	4088.45186125
9	3041.39775553
10	6558.23025051
11	6809.75004273
12	50443.9522468
13	1142.53096181
14	20636.6404178
15	5323.49410092
16	1947.11435893
17	7465.18287948
18	10547.7813647
19	20773.9656708
20	5552.10406001
21	24093.658618
22	1007.2354952
23	151973.038021
24	8404.20166649
25	9330.72397744
26	284.792061819
27	5995.85103628
28	58114.3632174
29	2361.68646532
30	44661.4937048
31	3216.9681916
32	7990.70615294
33	3704.99746362
34	1235.60132342
35	507.6667908
