0	8118.84367448
1	2538.40344069
2	22262.5675384
3	3637.89997947
4	19806.968929
5	13485.5254139
6	1052.51301544
7	7581.34432089
8	2990.4915608
9	819.827398496
10	4685.72934208
11	14306.1631261
12	8529.37009794
13	2089.74448992
14	30372.6568502
15	1346.90273223
16	683.313276348
17	15040.1891179
18	746.723522257
19	8219.37254032
20	6909.51652147
21	4112.07097968
22	11221.372528
23	7625.67820522
24	4139.49444081
25	51704.4232126
26	1835.66112156
27	56326.0316665
28	108036.57904
29	26093.1343984
30	7464.87836192
31	18955.453114
32	23370.9562541
33	3512.30386459
34	8706.06251642
35	1894.79757477
36	954.142689855
37	3009.64688918
38	11833.1294569
39	24681.2292801
40	4197.6070895
41	8417.31480759
42	1657.50254244
43	7224.51051127
44	4890.77699046
45	3711.37303781
46	7802.62728741
47	23480.3198192
48	834.210235915
49	11582.7450833
50	57174.4637677
51	17113.6924887
52	16610.6182628
53	13349.744997
54	737.665705479
55	9203.61356897
56	1780.83827534
57	6697.20766146
58	643.571806902
59	5677.7355193
60	3960.09058261
61	17630.3549992
62	1495.06390653
63	272.619951238
64	73748.0706424
65	174.037282539
66	4023.0199707
67	3476.66170566
68	9272.31828371
69	12167.3192951
70	5091.81653945
71	34090.8100782
72	16990.0453378
73	6365.94016487
74	17006.895543
75	539.522507566
76	4886.28695516
77	8392.9494186
78	20031.5046513
79	2491.6797631
80	9973.85446251
81	9044.38740217
82	4353.52300472
83	513.446039395
84	3483.46764397
85	8996.85754411
86	15187.0879874
87	1339.50217549
88	1347.82725556
89	64856.9357261
90	20169.4702377
91	2218.79404641
92	765.653344824
93	5792.64975932
94	67300.8391249
95	1766.54222921
96	15412.5990405
97	33861.1762545
98	1801.23116096
99	384.679865948
100	27973.3389504
101	257.889044443
102	535.337676372
103	954.732623912
104	12088.607553
105	3972.31057531
106	4720.59094192
107	747.097927333
108	1313.47935896
109	2465.81708736
110	1568.15531885
111	1908.10763691
112	1574.99827794
113	882.205125473
114	368.922284706
115	6000.08710354
116	351.894540465
117	16374.1245116
118	12646.8733519
119	14920.322214
120	2069.83827835
121	1009.87788116
122	1686.07420068
123	7625.22920887
124	7096.6021917
125	2517.66732038
126	11144.6207062
127	70429.4119848
128	384.680166256
129	2231.15504164
130	6455.15735311
131	57884.5976412
132	4054.95572335
133	26037.2043387
134	556.361879564
135	15138.380312
136	8043.51293636
137	3220.44293776
138	956.349399961
139	6476.94255354
140	687.214683883
141	6322.62430412
142	2725.40455699
143	9712.29812896
144	2844.17094903
145	193.761431693
146	25354.0475126
147	41586.0148989
148	8083.48068642
149	1247.03485632
150	1966.12547729
151	10072.3179155
152	6603.59879147
153	7285.06403782
154	1926.81140194
