0	8.4027285809e+11
1	4.94447198313e+11
2	1.19817861661e+11
3	2.79281547879e+11
4	7.29320478016e+11
5	1.25874966498e+12
6	6.90573038229e+11
7	1.93609625975e+11
8	3.06144421797e+11
9	2.73072615692e+11
10	1.31179957641e+12
11	7.17780304569e+11
12	1.50486289115e+12
13	8.44480379624e+11
14	2.4769762863e+11
15	93440967530.8
16	3.22761739912e+11
17	3.63716756005e+11
18	4.54921721157e+11
19	3.99989409299e+11
20	5.35866054119e+11
21	1.21172172479e+11
22	9.23068936558e+11
23	7.42677395535e+11
24	2.6851646451e+11
25	1.20519664045e+12
26	1.32167294207e+12
27	7.04058704766e+11
