0	2.40741543609e+12
1	6.03643770053e+11
2	1.22726886644e+11
3	92599361822.1
4	2.09669508899e+11
5	2.2890460465e+11
6	3.58159840862e+11
7	1.11795281796e+12
8	1.39938181205e+11
9	68931472687.5
10	2.90716672883e+11
11	48437968488.0
12	1.29912074119e+11
13	1.48430849006e+12
14	1.3630042375e+11
15	2.88729755666e+11
16	53595770232.8
17	1.24032383855e+12
18	2.15633676245e+11
19	4.99732687304e+11
20	1.08430760481e+11
21	2.41955872601e+11
22	1.69648120672e+11
23	74367421101.1
24	1.36683655912e+11
25	68431452730.7
26	2.33050554715e+11
27	3.34372767714e+11
28	2.39914389115e+11
29	5.21582601814e+11
30	46233275360.5
31	1.48750029147e+11
32	4.11580405831e+11
33	2.15288714549e+11
34	1.74372963345e+11
35	4.20118029236e+11
36	1.36507713248e+11
37	2.69747576892e+11
38	40956044509.0
39	83004577851.3
40	2.18570887744e+11
41	22888639152.0
42	1.32395425203e+11
43	95449371324.1
44	1.05028265624e+11
45	41168580177.2
46	6.36938205639e+11
47	6.12230979534e+11
48	1.37175502617e+11
49	16467609494.2
50	86909645719.0
51	1.19250999785e+11
52	1.77590005048e+11
53	70793840453.6
54	1.8592164244e+11
55	12481623736.7
56	8.57680530924e+11
