0	1193.21760408
1	5467.3343513
2	4193.45854115
3	9352.65198756
4	2044.56110274
5	11751.4928092
6	1134.80572396
7	3880.58271109
8	127.232121963
9	969.984466571
10	2774.76255145
11	1939.45195225
12	664.743206324
13	7849.49903313
14	3027.13531975
15	2995.15378816
16	1834.47821065
17	28214.6093796
18	7472.77455361
19	995.476816269
20	725.898301225
21	1384.66887856
22	354.1361409
23	517.524298524
24	1763.27132692
25	537.281385397
26	681.653235772
27	2331.9937924
28	34571.6117679
29	2784.63451483
30	1783.59835927
31	25199.9480773
32	4711.30292372
33	736.113151973
34	2819.49843045
35	222.040973089
36	57592.0366963
37	4972.91044867
38	1180.51688754
39	5004.5352464
40	17179.6374737
41	93.2263872611
42	2539.91164499
43	6202.3255553
44	11852.2984442
45	1966.03614014
46	13452.6511282
47	1122.12598796
48	277.162402487
49	4182.7091187
50	966.613849199
51	29063.3865468
52	2999.99074971
53	1060.98980623
54	635.960155613
55	5037.18569928
56	279.121596434
57	3090.15319906
58	1451.20451341
59	19695.4453301
60	64769.0535013
61	18801.4355718
62	8619.32938289
63	7072.55921114
64	1616.95943652
65	1372.6885115
66	26042.0654537
