0	454.818182083
1	1284.88718458
2	3737.50789335
3	409.092835346
4	1005.17350788
5	569.280948026
6	1345.06541656
7	651.268103184
8	875.91534057
9	9519.50897824
10	914.20360615
11	2789.4190279
12	106.609607681
13	3211.51963458
14	249.417349311
15	3417.4126012
16	178.055988609
17	492.936281899
18	205.851453354
19	1614.20294965
20	635.652472804
21	401.133682929
22	301.902477161
23	1010.01251639
24	3859.25961841
25	1122.59997014
26	671.710123376
27	1835.41603278
28	189.717340326
29	2603.15846934
30	1346.70243761
31	116.494578187
32	936.771275829
33	168.593374613
34	8359.87347302
35	609.291466725
36	12.2789923378
37	55.3122510211
38	101.106899234
39	8425.53813722
40	951.298074401
41	539.917441445
42	591.388241238
43	274.68249087
44	2988.91810325
45	2591.58285753
46	649.65204465
47	161.212513958
48	2264.51392986
49	705.788784939
50	1197.18146535
51	1826.0957544
52	788.21103797
53	722.202544501
54	6197.45431253
55	452.233895109
56	380.164302366
57	487.042866873
58	260.806660139
59	612.558856752
60	566.427121574
61	41.6224865282
62	515.717015425
63	33.0837872763
64	89.0867101534
65	5469.79336964
66	5089.02844956
67	587.312905918
68	2837.21937216
69	219.59570353
70	787.529552111
71	445.705132788
72	2091.24642308
73	2021.70034974
74	1437.90343767
75	2944.19472361
76	343.137772121
77	63.1278726595
78	6815.61230308
79	316.128898379
80	63.8184937049
81	648.259061389
82	1941.41227507
83	1747.08795958
84	2392.48712437
85	3163.83210987
86	1376.27140573
87	466.600182195
88	710.655565033
89	2052.44405804
90	1947.00783254
91	310.138058703
92	3692.08692807
93	7822.78171407
94	483.263799585
95	813.917024344
96	101.689825755
97	3387.48036325
98	638.892743802
