0	3.12336925909e+11
1	3.85917809964e+11
2	1.10918278788e+11
3	1.87668425158e+11
4	4.77509598428e+11
5	2.50124777e+11
6	5.99902003531e+11
7	1.97407318141e+11
8	2.31735949551e+11
9	8.70118024766e+11
10	2.47279350666e+11
11	3.43570890996e+11
12	3.15280028931e+11
13	6.61572392972e+11
14	1.17728962897e+12
15	3.33836905106e+11
16	3.12126923444e+12
17	1.20666359361e+11
18	3.47782781287e+11
19	1.58600731829e+12
20	1.71367740979e+11
21	68251254114.0
22	2.64186977449e+11
23	2.45446362186e+11
24	1.62881430961e+12
25	1.17659983531e+12
26	8.15128388428e+11
27	3.21116544927e+11
28	1.13528617838e+11
29	3.37077838285e+11
30	1.52303159217e+11
31	3.67164035017e+11
32	3.8571788208e+11
33	1.38173508193e+11
34	1.10095619351e+11
35	2.78007444483e+11
36	1.08095024328e+12
37	2.79622443415e+11
38	5.20392141983e+11
39	2.77770150471e+11
40	2.56735954732e+11
41	2.21972929681e+11
