0	1.73133676589e+11
1	2.30444323136e+11
2	1.21294154564e+11
3	1.35496273622e+11
4	74974046749.3
5	15686906514.5
6	2.01661306913e+11
7	6.88031957473e+11
8	3.59730721682e+11
9	1.21415647034e+11
10	91318662481.1
11	1.78378135334e+11
12	4.62160173547e+11
13	4.47428043124e+11
14	1.88676674479e+11
15	75318913738.6
16	93078955549.9
17	5.66193469465e+11
18	45005690484.1
19	41109182335.6
20	1.11776321117e+11
21	50327247190.6
22	2.04401052208e+11
23	7.13824891819e+11
24	1.11451400319e+11
25	4.96812135776e+11
26	9.18636949029e+11
27	3.52104262787e+11
28	2.7946257118e+11
29	1.03284780083e+12
