0	1.92768206473e+12
1	3.3143079984e+12
2	8.86033742712e+11
3	1.33490120719e+12
4	4.71074403879e+12
5	1.98385992019e+11
6	1.27969409718e+12
7	4.91126039044e+11
8	2.19599186637e+12
9	3.52298323821e+12
10	1.90307674771e+12
11	1.12014755385e+12
12	1.79431962801e+12
13	1.40904339564e+12
14	1.74805186841e+12
15	1.36294245257e+12
16	7.27421585598e+11
17	2.69119436901e+12
18	5.849350805e+12
19	1.1932555822e+12
20	1.59487092879e+12
21	2.47435932159e+11
22	1.61397420258e+12
23	1.72703803842e+11
24	1.16111802228e+12
25	2.98120241303e+12
26	1.18251643472e+12
27	5.32858311452e+11
28	8.27623852568e+11
29	5.05686516017e+11
30	2.10041501316e+12
31	2.43638674522e+11
32	6.63283437139e+11
33	6.19155119745e+11
34	1.48655502759e+12
35	1.11618355059e+12
36	5.65883810613e+11
37	2.62664938854e+12
38	2.53590761301e+12
39	9.384262985e+11
40	1.33808527037e+12
41	1.14871638337e+12
42	1.65800732859e+12
43	2.18769590412e+11
44	6.95262158485e+11
