0	1.29479224412e+12
1	8.71607480334e+12
2	1.25381025277e+13
3	1.5488153851e+12
4	9.94934510564e+11
5	1.21421829682e+12
6	4.84233823969e+12
7	1.2384116034e+13
8	1.94465015355e+13
9	4.12210887817e+12
10	1.21762826559e+11
11	4.9612147241e+12
12	7.62166007791e+11
13	2.09155815721e+12
14	3.01482803162e+12
15	7.37612482814e+12
16	2.59059042433e+12
17	6.69121620823e+12
18	2.8290562353e+11
19	3.89425240013e+12
20	1.56895245479e+13
21	1.12586944335e+13
22	2.46593789758e+12
23	9.51596818494e+11
24	8.5983398825e+12
25	2.57662492858e+12
26	2.85378739671e+12
27	6.88707837063e+12
28	1.20530172038e+12
29	3.16241934962e+12
30	4.0216974905e+12
31	6.14309853545e+12
32	9.67188382978e+11
33	1.49185940306e+12
34	1.13856437276e+12
35	2.3597574607e+12
36	3.85838982007e+12
37	1.22432969197e+13
38	1.68527346339e+12
39	1.15276139947e+12
40	1.25342198852e+12
41	4.32498067006e+12
42	1.81122585455e+12
43	4.31286892611e+12
44	2.37259597858e+12
45	7.18943015247e+11
46	3.61167989274e+12
47	1.98863332449e+12
48	2.3697363939e+12
49	1.42443835743e+12
50	4.7523184515e+12
51	5.15718114694e+12
52	1.55767628094e+12
53	4.14485806831e+12
54	1.3849774083e+12
55	4.26671025711e+11
56	1.86662456606e+12
57	2.37143576356e+12
58	8.05499476628e+12
59	9.04028616973e+12
60	3.36007599191e+12
61	2.70642128153e+12
62	1.15255293299e+12
63	3.62003725012e+12
64	3.90864542027e+12
