0	2.03420567998e+11
1	1.3841265101e+12
2	99582443671.3
3	3.10396500119e+12
4	1.35613922676e+12
5	1.39602573455e+11
6	1.56020269838e+12
7	4.50194514816e+11
8	3.71591403768e+11
9	2.01044626165e+11
10	1.19091230683e+12
11	4.17017772889e+11
12	1.87442449718e+12
13	1.93125191286e+12
14	4.07177299392e+11
15	1.3325009753e+12
16	2.98758499817e+11
17	7.22169069635e+11
18	6.00189143415e+11
19	3.44731703922e+11
20	8.84723401577e+11
21	7.99034982401e+11
22	7.09320807336e+11
23	2.99421851662e+11
24	5.94073387534e+11
25	1.74542208332e+11
26	1.00820120971e+11
27	3.00561630118e+12
28	1.85819856456e+11
29	7.17854292739e+11
30	2.1966112753e+11
31	8.82766305498e+11
32	4.84545472044e+11
33	9.39019933576e+11
34	4.20399311406e+12
35	1.85781132135e+11
36	2.66052811226e+12
37	87236337374.9
38	1.46977014461e+12
39	2.65265742109e+11
40	94496121619.4
41	7.57356175939e+11
42	5.32851073023e+11
43	49036751538.2
44	2.47588590885e+12
45	1.52636052657e+11
46	3.18203376125e+11
47	1.58548752711e+11
48	2.66430478092e+11
49	1.39993937189e+12
50	1.52134075792e+12
51	1.45059801514e+11
52	2.82477955633e+11
53	2.63028672521e+11
54	87961616691.4
55	4.78526404656e+11
56	1.81240466978e+11
57	7.79572669476e+11
58	5.52984553408e+11
59	6.544022488e+11
60	4.81730121217e+11
61	1.14922383162e+11
62	7.20971119386e+11
63	2.04778899176e+12
64	1.1662682771e+11
65	2.2810387814e+11
66	4.40885291229e+11
67	4.52946504092e+11
68	4.07273805228e+11
69	4.81540480536e+11
70	1.47026831578e+11
71	4.01689839572e+11
72	1.21425214595e+12
73	3.55206196287e+11
74	1.05404176161e+12
75	2.43887953002e+12
76	2.59510418e+11
77	1.08593300832e+12
78	3.56547490694e+11
79	4.63122017981e+11
80	1.14412044632e+12
81	9.68331227012e+11
82	1.36067778782e+11
83	1.3869654609e+12
84	3.98552470396e+11
85	2.82487430799e+11
86	2.70100980169e+11
87	1.88408963634e+12
88	1.75465454132e+12
89	4.5575503931e+11
90	9.3129992409e+11
91	5.56180958548e+11
92	6.005501092e+11
93	1.67733189201e+11
94	1.53720287392e+11
95	9.09633133122e+11
