0	3.08083648163e+12
1	4.40990740948e+11
2	4.32160109596e+11
3	76380108380.3
4	8.01929092096e+11
5	4.4515416777e+11
6	71192261042.2
7	6.76506047268e+11
8	1.26652181628e+12
9	4.64388295692e+11
10	5.00136160083e+11
11	1.11660726938e+12
12	2.08182163191e+12
13	2.37676554223e+11
14	2.05579280607e+11
15	8.98836984912e+11
16	5.16743901332e+11
17	3.99720692977e+11
18	4.30989050845e+11
19	9.4779938634e+11
20	3.17337727662e+11
21	7.25202431135e+11
22	7.96047738855e+11
23	2.34924821725e+11
24	3.45928954508e+11
25	9.19916407694e+11
26	7.1581727525e+11
27	2.02970429326e+11
28	8.78281382477e+11
29	1.71015630728e+12
30	5.14413220829e+11
31	1.33390732008e+11
32	5.27518653442e+11
33	2.96455734181e+11
34	3.44017585913e+11
35	2.03327497562e+11
36	3.65384631848e+12
37	4.52605593423e+11
38	2.87774030781e+11
39	7.77527917704e+11
40	1.02813418422e+11
41	1.33140352051e+11
42	1.9165661766e+11
43	8.52733095771e+11
44	91597834665.6
45	7.37436434347e+11
46	5.89340214384e+11
47	1.76767715147e+11
48	1.38391786417e+12
49	2.38809078019e+12
50	3.50482288094e+11
51	2.78786282137e+11
52	2.07851813548e+11
53	2.76853352819e+11
54	1.52164857485e+12
55	8.70140098218e+11
56	4.32692960545e+11
57	3.19052806215e+11
58	2.43117135431e+12
59	1.66921150911e+11
60	4.99969697597e+11
61	1.11488557724e+11
62	4.28126943562e+11
63	1.09228755128e+12
64	4.45324860149e+12
65	1.45627257536e+12
66	3.05743356407e+11
67	3.15110916464e+11
68	2.93669886601e+11
69	4.41425027635e+11
70	1.52846429689e+12
71	5.1131802796e+11
72	4.31102518107e+12
73	1.55221896866e+12
74	4.3504101313e+11
75	3.12411161279e+12
76	8.71875316289e+11
77	2.15495894074e+11
78	6.09442371609e+11
79	1.08847066411e+12
80	3.53530021518e+12
81	3.08789038876e+12
82	2.11963420655e+11
83	51964170672.9
84	4.46449833207e+11
85	2.56723567682e+12
86	29351566334.3
87	1.24210462449e+12
88	8.21697313896e+11
89	7.20397818248e+11
90	4.53085711034e+11
91	5.37666669398e+11
