0	8.25233870573e+11
1	1.84262851032e+11
2	2.53818466551e+11
3	2.16911101273e+11
4	1.17064854344e+11
5	4.63365857113e+11
6	4.21242269233e+11
7	1.34423782494e+11
8	67225439317.6
9	1.14224248053e+12
10	88271077759.0
11	1.89011912294e+11
12	2.52542924977e+11
13	3.17118888557e+12
14	80903710580.3
15	2.68243757196e+12
16	8.44557278082e+11
17	5.10992837057e+11
18	2.14637835232e+11
19	1.12928751087e+12
20	77700516734.0
21	2.22378304155e+11
22	1.99367859102e+11
23	1.91405650847e+11
24	2.70267830219e+11
25	1.76578991342e+11
26	1.740196813e+11
27	94277745557.8
28	7.46015059406e+11
29	7.82899750495e+11
30	4.66773424378e+11
31	83568104167.5
32	2.80041071304e+12
33	6.26351786238e+11
34	2.62547163336e+11
35	2.28028143652e+11
36	40378389138.3
37	1.49802767248e+11
38	65492184576.1
39	2.2757149013e+11
40	3.05310415557e+11
41	1.20416191065e+11
42	1.20692681268e+11
43	7.78084542031e+11
44	3.29385833647e+11
45	3.75999801668e+11
