0	2.5009304098e+12
1	2.03433118225e+12
2	5.15925633901e+12
3	1.45862398945e+12
4	1.77455046112e+12
5	3.48677562675e+12
6	1.51931465371e+12
7	1.78246606625e+12
8	7.35656840604e+11
9	7.91788291095e+11
10	90523545870.8
11	4.14573417901e+11
12	1.46578561656e+12
13	1.95786302694e+11
14	3.43676547461e+11
15	4.69878001059e+12
16	2.04994624072e+12
17	6.68288878574e+12
18	2.34518013544e+11
19	2.41938497011e+12
20	6.6784417449e+11
21	1.9947822487e+12
22	5.91201538673e+11
23	1.06119560612e+12
24	1.14511455166e+12
25	9.6203048983e+11
26	2.10754663925e+12
27	1.19322527423e+12
28	6.06797696755e+12
29	1.90863297018e+12
30	8.20877290154e+11
31	6.08525145458e+11
32	1.15542042954e+12
33	3.88415404436e+11
34	4.34375963082e+11
35	5.45112527985e+11
36	3.27740187982e+12
37	7.27245024313e+11
38	7.31657253198e+11
39	3.29567897864e+12
40	6.61844806892e+11
41	8.58430516615e+11
42	2.8513120984e+12
43	2.38862132626e+12
44	1.35167909244e+12
45	2.9638328105e+11
46	5.62813640817e+11
47	5.90822459372e+11
48	4.36708008783e+12
49	7.27736579273e+11
50	3.76325781258e+11
51	6.93203102001e+11
52	8.10656891146e+11
53	1.91790559227e+12
54	1.91442572099e+12
55	6.37742304193e+11
56	5.99813985888e+11
57	1.69779935005e+12
58	5.71994480243e+11
59	9.14584214528e+12
60	1.27506263208e+12
61	3.2824987223e+12
62	2.30986498616e+11
63	1.12659994545e+12
64	8.24479070169e+11
65	5.50558462958e+12
66	1.10485232796e+12
67	5.2850519814e+11
68	1.41169764457e+12
69	8.15230698356e+11
70	1.29430852222e+12
71	3.14670033314e+11
72	8.98196511359e+11
73	1.92918494896e+12
74	1.11834884967e+13
75	1.20139016904e+11
76	9.77835903667e+11
77	2.56339369103e+12
78	4.38641310735e+12
79	6.53703892675e+12
80	1.47711463267e+12
81	2.89888541383e+12
82	2.073308738e+11
83	6.88366847414e+11
84	1.45812630642e+12
85	4.64892621899e+11
86	5.34187207544e+11
87	2.3261309514e+11
88	1.59884734587e+12
89	8.63700774848e+11
90	7.74473351467e+11
91	3.03338170151e+12
92	2.41409275114e+12
93	2.46037895205e+12
94	5.79728468268e+11
95	4.42932021818e+11
96	8.27017156092e+11
97	3.60133779368e+12
98	3.64954976588e+11
99	1.31755665401e+12
100	8.28620315878e+11
101	1.95098188968e+12
102	3.211495986e+13
103	1.08489103411e+12
104	1.32278230615e+12
105	1.08419043738e+12
106	9.07069092581e+11
107	5.26425917638e+11
108	1.97214762281e+12
109	4.63886576746e+11
110	8.00987343914e+11
111	6.01433231047e+11
112	3.67118039659e+12
113	2.35266985708e+12
114	5.69232531554e+11
115	1.28249596461e+12
116	9.96043958249e+11
117	2.29124628712e+12
118	1.73993357931e+11
119	1.48131490404e+12
120	8.34861962669e+11
121	2.00717079662e+12
122	6.83078450839e+11
123	2.1815447111e+12
124	9.19236873319e+12
125	2.30174560037e+12
126	8.17952144434e+11
127	6.0716504408e+12
128	2.18109638312e+12
129	1.85908439873e+12
130	1.76561739279e+12
