0	5.00373080098e+12
1	9.50041294269e+11
2	1.98451956981e+12
3	5.67151157685e+12
4	3.78482766328e+12
5	3.96690330183e+12
6	1.60463078877e+12
7	1.75941828863e+12
8	6.15029564349e+12
9	7.60067041083e+12
10	2.62180535484e+13
11	3.28204925387e+12
12	1.96058676785e+12
13	1.33965935449e+13
14	1.76442968509e+12
15	6.21810279715e+12
16	5.02017835575e+12
17	1.18786834545e+12
18	6.73094826323e+11
19	2.06362600945e+12
20	1.16610556146e+12
21	2.13348371351e+12
22	3.12856409932e+12
23	2.7414803629e+12
24	1.71504566071e+12
25	1.86902474476e+12
26	8.91996485735e+12
27	1.05437888091e+12
28	6.46708339613e+12
29	7.66591184444e+12
30	8.15063281481e+11
31	9.25888556096e+12
32	6.50274612368e+12
33	1.82031167934e+12
34	7.63889912114e+11
35	3.49197926677e+12
36	2.00236118531e+13
37	2.81055610813e+12
38	1.98719497336e+12
39	1.55659888381e+13
40	3.69831376043e+12
41	3.17460996356e+11
42	1.25141271964e+12
43	1.80362785379e+12
44	2.26780369916e+12
45	2.28563075295e+12
46	1.88765959171e+13
47	1.41403600173e+13
48	6.52884794262e+12
49	3.27458984519e+12
50	1.44324814848e+12
51	4.75433165656e+12
52	2.64257917473e+13
53	7.69902927039e+12
54	9.16680540987e+12
55	1.57938428755e+13
56	1.32604966176e+12
57	3.52901621325e+12
58	2.75585316722e+12
59	3.6971266293e+12
60	1.12127184387e+12
61	9.08755995107e+11
62	5.70334899721e+12
63	2.68779520372e+12
64	9.26036933529e+12
65	5.99538451366e+12
66	8.72598073329e+12
67	2.46121811035e+13
68	2.9970292125e+11
69	5.66640655316e+12
70	7.60017042256e+12
71	5.56251159727e+12
72	7.68866741536e+11
73	1.14977158259e+13
74	8.77770943602e+12
75	2.37826955569e+12
76	2.16851767997e+12
77	5.60021676109e+11
78	4.12488646128e+12
79	5.42904440081e+12
80	1.32008048177e+12
81	2.08215837802e+12
82	3.80966948806e+12
83	8.51068479103e+11
84	1.52297465735e+13
85	3.96639073105e+12
86	1.18024417731e+13
87	1.52810703955e+12
88	4.81550731165e+12
89	2.97553597278e+11
90	1.26478159998e+12
91	7.83191925775e+12
92	1.31134254531e+12
93	7.78783650203e+12
94	3.9453763197e+12
95	1.88044818684e+12
96	2.35907304128e+12
97	8.61620869957e+11
98	4.18953239795e+12
99	1.69679309425e+12
100	5.23056505594e+12
101	3.11958389487e+12
102	1.29484155355e+12
103	1.57255679764e+13
104	1.93085701316e+12
105	6.93084952152e+12
106	3.94713213208e+12
107	1.63259577698e+12
108	5.20144789038e+12
109	6.84781124894e+12
110	4.54390923034e+12
111	6.61566482588e+12
112	4.34196639445e+12
113	6.67698745697e+11
114	1.30166980559e+13
115	3.43805223412e+12
116	3.05082525125e+12
117	2.2801625562e+13
118	6.2063501694e+12
119	1.0753526863e+12
120	4.54090023961e+11
121	1.81149164608e+13
122	7.73571605093e+12
123	8.12667967797e+12
124	3.09633858004e+12
125	8.66923867189e+11
126	4.27394886565e+12
127	2.82169247664e+12
128	2.75439947299e+12
129	8.43708352607e+11
130	2.06748054146e+13
131	3.75167466247e+12
132	2.70393732369e+11
133	1.66756092449e+13
134	1.00665626169e+13
135	4.79240778017e+12
136	1.2005567378e+13
137	6.80142425354e+12
138	6.62283573742e+12
139	1.48321329857e+13
140	3.86657129881e+12
141	2.00733191524e+12
142	3.46145806013e+12
143	3.89285627406e+12
144	2.11683972237e+12
145	9.01287491508e+11
146	3.75841121874e+12
147	6.57929156333e+11
148	2.8849416356e+12
149	4.03079606813e+12
150	1.09987378576e+13
151	9.37226078118e+12
152	5.23360857641e+12
153	1.33857470838e+13
154	2.08607791469e+12
155	6.99425511586e+12
156	7.0886074019e+11
157	6.20859803528e+12
158	7.32863391513e+12
159	2.49776422345e+13
160	1.89307670592e+12
161	7.70970656852e+12
162	1.57385671719e+13
163	4.03003969328e+12
164	6.27669343936e+12
165	6.82844601219e+12
166	4.16786851656e+13
167	3.26907203036e+11
168	9.2087267979e+12
169	2.34846670053e+12
170	5.78916196443e+11
171	2.97690481214e+12
172	4.83020994613e+11
173	1.58340319348e+12
174	1.58862619757e+13
175	2.33541092862e+12
176	5.29496518541e+12
177	2.59627401686e+12
178	1.42693677399e+12
179	1.55767026167e+12
180	4.29000562726e+12
181	5.28640075167e+12
182	3.97580471096e+12
183	2.07277150509e+13
184	1.20642035343e+13
185	7.13128022483e+12
186	4.7215654512e+12
187	5.20781458442e+12
188	3.29936056217e+11
189	3.11834359741e+12
190	1.68281669215e+12
191	2.28471472331e+12
192	1.67739480689e+12
193	2.82012898292e+12
194	1.12453408669e+12
195	3.88340407147e+12
196	4.51945113473e+12
197	2.44629111769e+12
198	1.75985106992e+12
199	2.18175470946e+12
200	7.58573375076e+12
201	1.77374543055e+13
202	3.1505446765e+12
203	1.31135780557e+12
204	7.90709393804e+12
205	1.30173989972e+12
206	1.29469054855e+13
207	4.34398184745e+13
208	4.8209693508e+12
209	7.72634657707e+12
210	1.44532399133e+13
211	9.3328296781e+11
212	1.1188362539e+13
213	2.64462230315e+12
214	1.07814175857e+13
215	2.2760208384e+12
216	7.39068875234e+12
217	3.76153240202e+12
218	1.4759702239e+12
219	1.28552128721e+13
220	8.43910390643e+12
221	8.70043145694e+12
222	1.2305054238e+13
223	1.10325917636e+12
224	1.63030304372e+12
225	4.04711417326e+12
226	1.16037733002e+13
227	8.67685611181e+12
228	2.62941902309e+12
229	4.15032997732e+12
230	4.79229948716e+12
231	1.29985322842e+12
232	3.82768320125e+12
233	6.73860129518e+12
234	7.61473961524e+11
235	2.30573321541e+12
236	9.39209740024e+12
