0	1.26546839794e+11
1	2.57048975559e+11
2	1.27882726902e+12
3	2.35812783953e+12
4	4.01483949616e+12
5	7.47109725218e+11
6	1.07206607633e+11
7	2.41017435517e+12
8	1.51121350722e+11
9	4.93269663474e+11
10	5.03445787541e+11
11	3.71938999695e+11
12	1.83462604519e+11
13	5.60121729626e+11
14	1.41415378692e+11
15	7.13494294646e+11
16	1.26636494985e+11
17	1.14365784448e+12
18	9.31912145892e+11
19	87393133637.8
20	1.59475511217e+12
21	5.81646526241e+11
22	4.73951508495e+11
23	3.26052067613e+11
24	5.91329496349e+11
25	1.02041226068e+12
26	2.38019738788e+12
27	1.05911867767e+11
28	4.45556538771e+11
29	2.3342182256e+11
30	2.9897512719e+12
31	1.59564729152e+12
32	1.747851089e+12
33	1.61085247639e+12
34	2.14626087025e+12
35	2.91471635547e+12
36	1.27537682859e+12
37	1.33489999469e+11
38	1.48334417981e+12
39	2.94064153483e+11
40	62739283569.2
41	1.70318508619e+12
42	1.07149599811e+12
43	4.19716060601e+11
44	7.14317464209e+11
45	1.03623253043e+11
46	6.70539879601e+11
47	7.82134969974e+11
48	2.97608481893e+11
49	1.8654758468e+12
50	2.42541011087e+12
51	3.51575306224e+12
52	1.27874239705e+11
53	7.77516452146e+11
54	1.79161614242e+12
55	1.5627878579e+11
56	2.97133167568e+12
57	1.38065188042e+12
58	9.76236780659e+11
59	1.44531830591e+12
60	1.00228364694e+12
61	61702483445.5
62	4.19163169484e+11
63	7.57979796645e+11
64	6.94138461231e+11
65	1.54755042545e+11
66	1.12777391818e+12
67	2.50899880892e+12
68	3.15706998921e+12
