0	1.33617504695e+12
1	1.76336517742e+12
2	3.83841327004e+12
3	1.0107948309e+12
4	3.9303654976e+11
5	3.92358458752e+11
6	2.84057337416e+12
7	1.25363241978e+12
8	1.17852380925e+12
9	8.66826355305e+11
10	1.38513354549e+12
11	1.16397771398e+12
12	5.43025111895e+11
13	6.82493843941e+11
14	7.11811296007e+11
15	2.6726294801e+11
16	8.78137763742e+11
17	6.01034786064e+11
18	3.85777146995e+11
19	2.19298451311e+12
20	2.87304837639e+11
21	5.50289036553e+11
22	1.43510045885e+12
23	5.84858191556e+12
24	2.02260010423e+11
25	4.41377932802e+11
26	4.14925083492e+12
27	4.98226510059e+11
28	1.58380442093e+11
29	2.69653387038e+11
30	9.67155320809e+11
31	3.58234089974e+12
32	1.55929709494e+11
33	1.37437670726e+12
34	2.91088125785e+11
35	8.09113233183e+11
36	1.48509439433e+12
37	6.0314873853e+11
38	4.69651149172e+11
39	7.91245197049e+11
40	6.80634605394e+11
41	8.99783491416e+11
42	6.30168893088e+11
43	2.37165522324e+12
44	1.02841262636e+12
45	5.44164657345e+12
46	1.03296446132e+12
47	2.80628171149e+11
48	1.20102102331e+12
49	1.15942741526e+12
50	1.89738763218e+11
51	4.32662941105e+11
52	1.2752850542e+12
53	8.45104146842e+11
54	4.02593274887e+12
55	1.58507179906e+12
