0	2863.83186126
1	9272.60736253
2	435.057665879
3	7616.09469776
4	2545.01225692
5	3966.19982141
6	4738.97069966
7	5381.52988952
8	14554.9470305
9	1905.32825053
10	1295.57181314
11	11291.5100391
12	1782.04468681
13	1244.6904954
14	3329.79468301
15	872.569702281
16	1632.46129159
17	7989.90775329
18	24393.0972841
19	1170.84205933
20	1452.60573843
21	1082.53241598
22	805.823046832
23	4616.62462023
24	876.815478469
25	11341.2013071
26	11617.3672173
27	1478.48330894
28	8091.84955565
29	7413.53614181
30	3581.68506589
31	5489.3896747
32	746.343298517
33	3262.02444376
34	6518.38363612
35	2521.30240342
36	5873.56373343
37	1817.2371635
38	15634.8374874
39	61488.907842
40	3259.14135599
41	4087.31467525
42	11501.7784764
43	2400.86810126
44	1438.97761398
45	1728.85940628
46	3027.37378054
47	7275.26319121
48	3829.2516668
49	9180.8385261
50	3777.00877578
51	2382.39377954
52	689.491356153
53	1909.1470448
54	20193.226903
55	4626.56852039
56	337.214900694
57	1076.0362509
58	2428.68019292
59	810.658275637
60	6095.01139072
61	2531.64794616
62	6831.70767128
63	8510.11453786
64	6262.65937433
65	1315.55052699
66	2872.98306806
67	3877.56838856
68	2495.77821152
69	2327.26124354
70	693.948405855
71	15139.3358901
72	465.885299268
73	1800.19659264
74	2628.47928305
75	2245.45131311
76	525.396204016
77	11341.1475761
78	1073.46153149
79	1366.36834274
80	626.565607357
81	9231.21534998
82	35057.3115848
83	845.2953632
