0	4.559930741e+11
1	4.5059759663e+11
2	1.89693032388e+12
3	5.12681537153e+11
4	5.96367635878e+11
5	4.1913512745e+11
6	1.21645158199e+12
7	1.37239106648e+12
8	2.84203047195e+11
9	4.1249095739e+11
10	5.02369512368e+11
11	5.03348424453e+11
12	59765018386.8
13	3.10731415158e+11
14	47586669925.3
15	1.17806747117e+12
16	1.25029033654e+11
17	4.29430762468e+11
18	4.59413138954e+11
19	2.63522886429e+11
20	1.07582336707e+11
21	3.90037299313e+11
22	1.47667493294e+11
23	4.84778255415e+11
24	7.93198692168e+11
25	86796823698.1
26	3.07760089237e+11
27	1.25710305187e+11
28	1.55344046992e+11
29	1.88770453794e+11
