0	4.06101619681e+12
1	1.02833324758e+11
2	1.83305125401e+11
3	1.30281051109e+12
4	1.16766813465e+11
5	7.42230107254e+11
6	8.19468506498e+11
7	1.92904819952e+11
8	2.72719068236e+12
9	9.37240182135e+11
10	3.00912224279e+11
11	1.90812030844e+12
12	2.35973573771e+11
13	6.66853759652e+11
14	2.10106351912e+11
15	4.80488005496e+11
16	1.38818222498e+11
17	1.76428143823e+11
18	9.90784261466e+11
19	3.65239472188e+11
20	3.79352585953e+11
21	2.90830968035e+11
22	2.98048012035e+11
23	1.1092986582e+12
24	1.30135775836e+12
25	1.39133921565e+12
26	3.96163159038e+11
27	3.51897764589e+11
28	7.94568391419e+11
29	3.11307352038e+11
30	2.11065055947e+11
31	2.83742997886e+11
32	1.10956227098e+11
33	1.0318712618e+12
34	2.40901223304e+11
35	4.64421944232e+11
36	3.14827381457e+11
37	1.62504819932e+11
38	6.29131938052e+11
39	3.14758069525e+11
40	9.34065629989e+11
