0	5292.68859428
1	17617.3159744
2	94499.3870317
3	1227.11423887
4	24251.9064409
5	805.59596187
6	528.700111498
7	2197.69376023
8	8366.60283449
9	3391.03136704
10	26875.1873117
11	37012.7097884
12	3091.20093699
13	224063.461687
14	14019.1305304
15	4872.92817584
16	39821.3439119
17	5196.58019219
18	1732.96016757
19	2730.34855592
20	37928.2773947
21	797.117058602
22	39198.320238
23	10674.9983875
24	6966.12908805
25	79716.0629871
26	3778.4279657
27	1385.35845668
28	21558.6885085
29	16661.346393
30	2916.09279759
31	40502.9738514
32	2192.95399852
33	4382.66980203
34	9891.64016813
35	2760.03695254
