0	5.88678411121e+11
1	6.86355151636e+11
2	5.11448639086e+12
3	1.07770522947e+12
4	1.57685955758e+12
5	1.64335521741e+12
6	4.25724865261e+11
7	4.87875520836e+11
8	1.48348808477e+12
9	1.04303305441e+12
10	4.56151264863e+12
11	1.02276758121e+13
12	5.57255950776e+11
13	3.71406126681e+11
14	3.9051771796e+11
15	7.74685660396e+12
16	1.21050603009e+12
17	5.49987233941e+11
18	2.26435199643e+12
19	8.48011379757e+12
20	4.76256022795e+12
21	2.95535664263e+12
22	2.98891818465e+12
23	1.55837307209e+12
24	2.65929638801e+12
25	2.49558934743e+13
26	2.17612836082e+12
27	3.96845693397e+11
28	5.58536929297e+12
29	3.81169159893e+11
30	3.11575552969e+12
31	1.28599655434e+12
32	1.84728542849e+12
33	2.87421332546e+12
34	3.74280232092e+12
35	3.42772305965e+12
36	1.18002953428e+12
37	1.62089683583e+12
38	1.39597796295e+11
39	2.92485190199e+12
40	1.36083898082e+12
41	3.26097428899e+12
42	2.19493635131e+12
43	3.43983523419e+12
44	1.18889523443e+13
45	1.33969615422e+12
46	2.97867424916e+11
47	3.86119817678e+12
48	8.07619678601e+12
49	7.7571154891e+11
50	1.60953685223e+12
51	5.15198296691e+12
52	2.28022438543e+11
53	4.97538882637e+12
54	1.14884597136e+12
55	5.78899930758e+12
56	2.59249489066e+12
57	1.35036989312e+12
58	1.83797853352e+12
59	6.98529292025e+12
