0	28074499837.447006
1	364714674729.48895
2	5930884339.083571
3	41472278660.95969
4	107447217839.99121
5	5704918246.57912
6	90912413586.4451
7	1401560433761.8296
8	3488923483.5788875
9	8430158856.33476
10	184024452952.45288
11	10699108117.829605
12	130245117386.04735
13	150294557273.33524
14	457242144345.81464
15	101448586214.25668
16	1937743336160.723
17	110311771287.44302
18	35095363457.9575
19	23245317925.995853
20	1446512756402.236
21	36906878016.24115
22	46469025278.947205
23	175056081308.63983
24	9046800101.207191
25	6211827225.809854
26	272287576004.25644
27	292444795770.9489
28	1052863659971.4894
29	201892445921.9963
30	2348546808211.8276
31	1456179260641.1472
32	5169092880.6862335
33	144606003971.08456
34	660847280986.0321
35	34169187186.667316
36	306494492760.84125
37	240244247661.42783
38	20272819407.45915
39	49513203564.578
40	99855959913.26414
41	67615524986.53062
42	54593899477.82058
43	279996218396.0435
44	92101492065.25955
