0	8.86220208766e+11
1	2.70234031259e+11
2	6.2969016847e+11
3	1.32613089621e+12
4	2.04359922249e+12
5	2.59776743821e+12
6	1.98347041422e+12
7	8.04333573446e+11
8	2.05157302479e+11
9	4.48040351979e+11
10	1.15062926136e+12
11	2.80236018766e+12
12	8.6387494515e+11
13	8.36114196293e+11
14	1.68090123032e+12
15	89454641801.6
16	3.29175465833e+11
17	1.96814663975e+12
18	3.86722536178e+12
19	3.07554431202e+11
20	1.72826523765e+12
21	7.82624034271e+11
22	4.89537732699e+11
23	5.50596750058e+11
24	2.32231198527e+11
25	5.07676005531e+11
26	6.346622884e+11
27	3.97886308623e+11
28	3.08628244528e+11
29	2.61290017335e+12
30	8.10792262271e+11
31	3.44789644652e+11
32	7.4231752505e+11
33	3.59529623216e+11
34	8.58010641332e+11
35	1.44282111099e+12
36	6.37618610282e+11
37	1.54762977989e+12
