0	26.0114973433
1	8.64021412201
2	15.2557253026
3	18.7884289096
4	58.6921416777
5	20.0720822329
6	25.7613420405
7	130.337090432
8	245.267263388
9	15.516185367
10	40.3898581165
11	168.791468691
12	14.8305225097
13	540.490164242
14	19.8948625192
15	6.96065837104
16	313.778911557
17	147.131018608
18	12.474863006
19	23.0860364153
20	3.11230848674
21	20.1767066587
22	41.9172368912
23	121.135987916
24	69.633743069
25	97.8685557347
26	105.151044887
27	58.3286310358
28	6.28273568228
29	230.684317886
30	383.537858468
31	2.38604986665
32	26.6603750979
33	64.1094173341
34	45.6791371612
35	32.2831094053
36	7.36124730082
37	22.503101454
38	607.498447631
39	18.2020932224
40	5.73242973066
41	44.209754957
42	72.3128118598
43	154.031941108
44	6.59568120181
