0	1.45037658252e+12
1	7.80630874685e+11
2	2.37137683773e+12
3	1.09105680338e+12
4	7.62079350801e+12
5	2.8856313253e+12
6	8.03055000128e+11
7	2.81387782231e+12
8	1.04994101403e+12
9	1.42310619249e+12
10	1.07670855914e+12
11	4.60197322533e+12
12	4.34774622245e+11
13	1.25108916541e+12
14	2.43078337592e+12
15	1.25351969933e+13
16	8.59770107281e+11
17	3.18731033467e+12
18	6.567983421e+12
19	7.56087351535e+11
20	5.26631562086e+11
21	4.49099731765e+12
22	9.53344837299e+11
23	1.23961870101e+12
24	1.30945673864e+12
25	5.46023053161e+12
26	5.33616111893e+12
27	8.65632420284e+11
28	3.34328597021e+12
29	1.57832171872e+11
30	1.41031781226e+12
31	1.06194959799e+12
32	2.71761455456e+12
33	1.57207646486e+13
34	8.45912084827e+11
35	6.80836240849e+11
36	2.5647994147e+12
37	1.65457612937e+12
38	5.62820243055e+11
39	4.74153512202e+11
40	2.94111823408e+12
41	1.44422142789e+12
42	5.08705211895e+12
43	5.27194927433e+11
44	5.9739663477e+11
45	8.3786484242e+11
46	2.4474497892e+12
47	2.31385487686e+11
48	1.39783219031e+12
49	2.93313958938e+12
50	4.19008121405e+12
51	4.95233447076e+11
