0	1.51528416205e+11
1	1.77159198121e+11
2	4.44431170286e+11
3	1.6200388678e+11
4	52020795784.9
5	2.86397939838e+11
6	55476031160.7
7	1.15529221338e+11
8	1.40883889651e+11
9	1.20575766008e+11
10	1.27755314788e+11
11	18727780032.3
12	17848028405.4
13	82409114260.5
14	2.74225024948e+11
15	1.29012995673e+11
16	84863022073.9
17	1.79960495115e+11
18	88948753932.9
19	1.80913683896e+11
20	93922836698.2
21	63328816929.7
22	1.6592809599e+11
23	80344922158.0
24	3.0054369868e+11
25	49752487082.0
26	2.88439315828e+11
27	85226650014.8
28	55415069669.8
29	1.28277328076e+11
30	86679944109.1
31	2.90922350996e+11
