0	8.69011554381e+11
1	6.71889265019e+12
2	3.83370080014e+11
3	1.0754976957e+12
4	9.93997575226e+11
5	72280815143.7
6	1.36728872643e+11
7	2.85172764746e+11
8	2.57056099047e+11
9	1.12947984242e+11
10	2.32886075963e+11
11	1.4510809961e+12
12	3.3001943785e+11
13	7.77407546934e+11
14	4.20688700232e+11
15	4.07644015559e+11
16	3.2950681614e+11
17	2.69702042047e+11
18	2.22960629856e+12
19	1.40545745536e+12
20	1.95076777311e+11
21	2.3794702514e+11
22	7.03071335294e+11
23	3.01282348215e+11
24	2.21066028747e+11
25	8.19280169872e+11
26	4.89636873293e+11
27	3.47615635762e+11
28	4.4658258701e+11
29	61815353421.9
30	6.49831052419e+11
31	6.47373884272e+11
32	1.54046386963e+11
33	5.59812368367e+11
34	1.04101636011e+12
35	1.12062040467e+12
36	82568827022.2
37	2.42623997479e+12
