0	2.14673832191e+11
1	2.54021493051e+11
2	6.5112732851e+11
3	1.51151906501e+12
4	2.80659358885e+11
5	3.85122239632e+11
6	88361412902.7
7	75865663737.8
8	3.37159741458e+11
9	1.04365917519e+11
10	1.98656793543e+11
11	2.22770435206e+11
12	2.31843565484e+12
13	4.19541585599e+11
14	55725999916.8
15	5.93245208434e+11
16	5.67762922887e+11
17	1.43176664962e+12
18	2.65382767581e+11
19	2.06963006684e+11
20	58816150601.7
21	1.62160579081e+12
22	1.62319894836e+11
23	3.66842610607e+11
24	1.40921965424e+11
25	6.74382770397e+11
26	2.28705201608e+12
27	2.99724186498e+11
28	2.16550207413e+12
29	6.33991668173e+11
30	78989434854.1
31	77707049989.9
32	64672701000.6
33	1.94929488218e+11
34	1.45822328324e+11
35	6.13291607061e+11
36	1.86495849833e+11
