0	1.13376145523e+12
1	2.51732478221e+12
2	2.43058107841e+12
3	1.22909467193e+12
4	8.05525890044e+11
5	1.70772586836e+12
6	1.18333007548e+12
7	2.50891274471e+12
8	7.10676195404e+11
9	1.9916875713e+11
10	1.86290082872e+12
11	1.36119596934e+12
12	5.98334519623e+11
13	9.98097013454e+11
14	1.93381066839e+12
15	1.33087257501e+12
16	1.793486187e+12
17	6.13861393971e+11
18	2.3471881122e+12
19	1.83404483567e+11
20	5.80838528864e+12
21	2.56363086656e+12
22	2.30100931974e+12
23	4.73735681572e+12
24	46805728109.6
25	7.33289124119e+12
26	3.54827733836e+11
27	3.79324403029e+11
28	1.30766702562e+12
29	1.67608619376e+12
30	2.2542236249e+12
31	4.21729264002e+11
32	1.68166748097e+11
33	2.21304516204e+12
34	2.64849649599e+12
35	1.9728738858e+12
36	8.79195690855e+11
37	1.33014645593e+12
38	2.86320953241e+12
39	7.29290510318e+12
40	2.46649128593e+11
41	3.69156157472e+12
42	6.36040578902e+11
43	3.16973817905e+12
44	1.22993084664e+12
45	5.10149583701e+11
46	2.12656646862e+12
47	2.35542742491e+12
48	1.85902726707e+12
49	2.95286177435e+12
50	4.39973921317e+11
51	1.46015189088e+12
52	5.69821297029e+11
53	2.44492972468e+12
54	4.03106043696e+11
55	1.02456463918e+12
56	1.77841732475e+12
57	6.96979364777e+12
58	1.17642596806e+12
59	5.75789559805e+12
60	3.92344981327e+12
61	5.93141265024e+11
62	3.35786207046e+12
63	2.22592929773e+12
64	9.45593524492e+12
65	1.50141277234e+12
66	1.70738217873e+12
67	1.12005251794e+12
68	3.79524713292e+12
69	4.03845391507e+11
70	8.09495711358e+12
71	7.50337527082e+12
72	6.46592970187e+11
73	7.62763368427e+12
74	1.13857429188e+13
75	4.56390371341e+12
76	7.51534641208e+11
77	3.98454815729e+12
78	1.14222805954e+12
79	3.3174505408e+11
80	1.74857283505e+12
81	2.04040235868e+12
82	9.67659380882e+11
83	3.77854429574e+11
84	1.35611247513e+12
85	1.97392494824e+12
86	9.70564917851e+12
87	1.5453040235e+12
88	1.69239988181e+11
89	3.95155805352e+11
90	7.49326199108e+11
91	8.77573590237e+12
92	1.91303756982e+12
93	1.54148921262e+11
94	3.36359338706e+11
95	3.88388154186e+12
96	1.9878748022e+12
97	2.31021384182e+12
98	7.62426517306e+11
99	1.57080603798e+12
100	3.24366955297e+12
101	7.2164897817e+11
102	1.59322094964e+12
103	1.8470034844e+12
104	8.26401388951e+11
105	2.51048972715e+12
106	2.07641588334e+12
107	5.08662067101e+11
108	1.38190268414e+12
109	1.37942451519e+12
110	7.801550665e+11
111	1.20547877834e+12
112	1.30284029553e+12
113	2.02351160157e+12
114	7.67595712083e+12
115	2.39929152612e+12
116	6.33462906187e+11
