0	75258256271.5
1	1.59614426845e+11
2	5.04317818762e+11
3	88469135250.3
4	1.24292731505e+12
5	1.40394202968e+11
6	4.58193433729e+11
7	1.19641765045e+12
8	1.16690129102e+11
9	3.09531997302e+11
10	7.03508390438e+11
11	2.90852118622e+11
12	2.23972978621e+11
13	1.65239380262e+11
14	4.65574762485e+11
15	4.20682675353e+11
16	5.17370278289e+11
17	2.60923453363e+11
18	3.03272344687e+11
19	6.15663637596e+11
20	3.78962369257e+11
21	3.89157766086e+11
22	4.2362598172e+11
23	88684747084.4
24	3.72693737154e+11
25	2.99148550966e+11
26	4.28178476827e+11
27	1.7135423965e+11
28	1.68576453766e+11
29	1.44139513876e+12
30	1.17315240594e+12
31	86484562477.3
32	65292150436.2
33	4.92634256139e+11
34	5.67330251201e+11
35	5.17481611154e+12
36	49301481261.1
37	65770239674.4
38	8.44660129272e+11
39	3.69301437723e+11
40	5.96691019887e+11
41	3.14254820798e+12
42	3.54203696612e+12
43	1.47145118208e+11
44	6.00429255085e+11
45	1.62548745198e+11
46	7.00976327128e+11
47	5.4014987237e+11
48	95097853983.1
49	82443334516.0
50	4.4279385177e+11
51	1.4329545672e+11
52	1.60537358206e+12
53	1.48326326173e+12
54	1.92392941359e+11
55	2.83153538215e+11
56	7.50558941428e+11
57	3.41147504388e+11
58	1.49910641905e+11
59	2.94257004398e+11
60	2.61073321518e+11
61	38935533039.4
62	2.58910730424e+11
63	6.25469938339e+11
64	2.10994640143e+11
65	5.57669352561e+11
66	3.28199848567e+11
67	3.15304324171e+12
68	89791821972.7
69	2.39999268566e+11
70	4.50765821333e+11
71	3.28540812184e+11
72	5.74048877974e+11
73	41037919445.9
74	1.22758410337e+12
75	2.85971247758e+11
76	2.01734280225e+11
77	5.86017254945e+11
78	1.85639628499e+11
79	1.73043300231e+11
80	6.72058820091e+11
81	3.39033945413e+11
82	1.55758648717e+12
83	2.36013810738e+11
84	2.14155956647e+12
85	7.00677261593e+11
86	1.12554152137e+12
87	2.96798714837e+11
88	2.19597932089e+12
89	84885156580.5
