0	2.49718528683e+12
1	1.33901697272e+12
2	4.48349610276e+11
3	8.07074057281e+11
4	3.20779154652e+12
5	6.91192037878e+11
6	4.70704822294e+11
7	3.96416559007e+11
8	1.59660004998e+12
9	6.37528204622e+11
10	1.16688817031e+12
11	3.20561895682e+11
12	7.42896011922e+11
13	3.60552138307e+11
14	5.09779498729e+11
15	1.66687921652e+11
16	8.54735903957e+11
17	1.66791381906e+11
18	5.67941419392e+11
19	9.33871731991e+11
20	4.29727257997e+12
21	1.44009768121e+11
22	2.07922711557e+11
23	3.50272643193e+12
24	1.35983245721e+12
25	8.58766130976e+11
26	1.05658443336e+11
27	2.16256448798e+11
28	62101062947.1
29	2.03329007917e+12
30	5.57756698093e+11
31	4.68270238814e+11
32	3.52155314307e+11
33	1.97378457032e+12
34	1.02377118194e+13
35	1.31277257386e+11
36	4.54645980752e+11
37	3.61615840742e+12
38	2.63734858863e+11
39	1.85855644762e+12
40	5.19076269431e+11
41	3.02766566303e+12
42	1.55816211551e+11
43	1.04900336253e+12
44	1.01602268851e+11
45	5.72018192216e+11
46	3.16441282518e+11
47	1.37712841158e+12
48	9.52137396356e+11
49	7.98936086327e+11
50	1.11329764515e+12
51	9.90960056291e+11
52	2.3932108377e+12
53	1.3659748606e+12
54	4.88500997131e+12
55	4.51733220152e+12
56	2.47763365091e+11
57	1.44748957464e+12
58	2.92301593259e+11
59	9.21520787476e+11
60	4.89078509127e+11
61	1.57819814219e+12
62	37843288546.4
63	1.31642453216e+12
64	9.29943343149e+11
