0	15866.0036656
1	17603.6199512
2	4231.44031962
3	95573.7042136
4	3669.73648488
5	1320.3682752
6	21772.0873601
7	20393.2268295
8	132120.485793
9	11149.0044804
10	14937.914158
11	38427.983378
12	4156.27806387
13	6448.32471124
14	3851.66172628
15	34109.4731602
16	7676.42434972
17	13216.5031654
18	95178.3528107
19	85028.2783984
20	3657.69821374
21	15234.7063442
22	1587.92020748
23	59424.9695531
24	58049.2428305
25	7423.22154178
26	5627.58386947
27	7708.21644149
28	56572.7791079
29	77203.2893551
30	2308.08643488
31	1339.42530322
32	4860.51809417
33	9876.25489672
34	36227.406488
35	8300.39605612
36	3117.41923552
37	34486.0237056
38	12193.6599975
39	16520.820899
40	11496.6379403
41	39460.0935352
42	38541.1513629
43	67903.0672461
44	3526.82490674
45	5672.87769809
46	3764.4890697
47	48963.5492542
48	6026.86118478
49	4059.11703089
50	7568.56081354
51	17909.9956087
52	28675.0536329
53	11325.273638
54	14155.9121676
55	85020.179838
56	7643.32892247
