0	2.70370704116e+11
1	53065487278.4
2	87070527772.8
3	9.5470816344e+11
4	1.68331005042e+11
5	7.9189627142e+11
6	1.52091431497e+11
7	47044184303.8
8	1.29962382386e+11
9	60596919986.1
10	3.52146492363e+11
11	7.27629738082e+11
12	63752305278.1
13	2.95260389641e+11
14	56780933848.0
15	41799459469.9
16	56618014987.7
17	2.73044949412e+11
18	1.88773634779e+11
19	1.35654091309e+11
20	51229640021.1
21	1.02654591101e+11
22	35248445301.1
23	49915949365.3
24	92593550720.1
25	63956458839.4
26	82896186417.3
27	1.22057508271e+11
28	1.25052040188e+11
