0	6.74419339688e+11
1	2.7328330379e+12
2	9.98239604652e+11
3	1.06601488249e+12
4	1.38970509965e+12
5	2.29129645786e+12
6	1.91030600897e+11
7	3.05511375481e+11
8	1.65004127626e+12
9	1.39476481272e+12
10	4.32965009993e+12
11	2.57545029779e+11
12	1.47177796703e+12
13	6.19350246071e+11
14	4.24039279285e+11
15	1.48159687002e+11
16	2.0882422376e+12
17	2.79410300429e+11
18	2.87580204008e+11
19	1.0927701323e+12
20	4.38785244444e+11
21	5.93100170325e+11
22	3.26188228755e+12
23	2.22293601414e+12
24	4.60840992272e+12
25	7.51093936911e+11
26	3.15549904438e+11
27	3.66219786436e+11
28	6.53483912143e+11
29	2.96981610047e+11
30	4.49212547986e+11
31	1.41655473137e+12
32	5.48742984905e+11
33	9.79968148697e+11
34	6.59242883638e+11
35	3.40454139244e+11
36	4.81358967149e+12
37	6.02985565203e+11
38	3.90623001141e+11
39	1.62244381456e+11
40	4.0109432438e+11
41	1.89840786563e+12
42	8.57165356082e+11
43	5.04657405015e+11
44	3.73699180808e+11
45	9.7765505461e+11
46	1.89611107863e+12
