0	2.62065955418e+11
1	4.29366823251e+11
2	1.05486255107e+12
3	1.67483863209e+12
4	80912198867.5
5	2.84852694042e+11
6	4.0034096243e+11
7	4.68134723746e+11
8	5.1145276131e+11
9	7.41410228391e+11
10	4.87484194845e+11
11	3.01762012675e+11
12	2.5218970736e+12
13	3.51653390316e+11
14	8.54076289174e+11
15	5.66759003266e+11
16	3.96851279649e+11
17	5.88152572778e+11
18	2.60081813551e+11
19	2.48477918454e+11
20	1.67432984115e+11
21	1.45391661408e+12
22	1.16887671178e+11
23	1.02971376253e+12
24	1.3369110108e+12
25	6.19858683144e+11
26	2.85508125654e+11
27	1.77097659163e+11
28	1.50818859047e+12
29	3.42868425097e+11
30	2.56353767154e+12
31	3.97150620394e+11
32	2.77150080204e+11
33	6.55647759812e+11
34	1.08574735584e+12
35	9.80740844395e+11
36	1.48680877003e+11
37	2.32799831854e+11
38	4.87148534293e+11
39	4.12983344294e+11
40	5.55402553011e+11
41	3.77471119844e+11
42	53089708949.8
43	47633097874.9
44	6.14878673011e+11
45	3.10512310982e+11
46	1.25968579919e+12
47	1.28607091986e+11
48	90518034825.1
49	2.32134212909e+11
50	4.02900393955e+11
51	2.52799008905e+11
52	3.48656568822e+11
53	7.60371496919e+11
54	1.1401795786e+12
55	2.68655315755e+11
56	3.6864592163e+11
57	1.36937435498e+12
58	8.8413494613e+11
59	3.03590150421e+11
60	86676665352.3
61	2.5577790661e+11
62	3.42503216589e+11
63	2.10895516395e+11
64	5.19117103176e+11
65	3.03161042332e+11
66	9.2793580225e+11
67	3.14714322298e+11
68	1.7032139475e+11
69	5.76521857427e+11
70	86263261822.5
71	1.12548814183e+11
72	4.41314148449e+11
73	2.39364485714e+11
74	6.93197392875e+11
75	1.27189782498e+12
76	2.50872206188e+11
77	2.35246900176e+11
78	4.84820582288e+11
79	1.87607254023e+11
80	1.20161052208e+12
81	3.12988227621e+12
82	9.22766319148e+11
83	2.2377462387e+11
84	5.80836036552e+11
