0	6.24666096775e+11
1	4.5595119364e+11
2	6.23214454527e+11
3	3.41458774694e+11
4	2.01770796032e+12
5	7.23416773486e+12
6	7.19318017684e+11
7	4.93710740829e+11
8	1.04631303168e+11
9	9.09929738412e+11
10	4.66418038773e+12
11	2.02526348479e+11
12	2.17073370535e+11
13	1.38898724173e+12
14	5.42239772715e+11
15	6.98324423908e+11
16	4.33673387938e+11
17	9.91589710936e+11
18	3.48073763772e+11
19	1.62467333595e+12
20	2.57635439865e+11
21	1.23010636584e+12
22	2.1418486754e+12
23	3.28410821975e+11
24	2.39240115129e+11
25	2.0384819867e+11
26	3.57485691374e+12
27	1.82211169047e+11
28	94456799911.3
