0	2.62314860952e+11
1	7.57262311436e+12
2	7.87535594606e+11
3	4.12852610737e+12
4	2.27453660183e+12
5	2.07270876383e+12
6	8.59217054547e+11
7	4.78508888148e+12
8	1.05698469903e+12
9	2.09544408451e+11
10	4.30709390385e+11
11	2.9584426093e+12
12	1.64773110147e+12
13	5.3420382979e+11
14	7.7721619789e+11
15	1.49460914125e+12
16	8.11654108797e+11
17	1.19781115894e+12
18	7.83932941542e+11
19	1.28289825908e+12
20	1.32490999148e+12
21	6.86869091729e+11
22	6.30569103217e+12
23	3.4092821444e+11
24	2.08182355699e+12
25	1.64766595433e+11
26	1.79745424942e+12
27	5.84718555509e+12
28	1.33752786307e+12
29	1.16109434962e+13
30	1.29814721721e+12
31	2.68989660817e+12
32	2.3765257145e+12
33	9.47152314732e+12
34	8.71179912526e+12
35	6.59821148872e+12
36	5.66910820031e+11
37	1.12422676352e+13
38	1.63623096339e+12
39	3.55664260197e+12
40	6.10413011696e+11
41	1.0583168374e+13
42	9.95262384053e+11
43	1.87373073145e+12
44	3.14207956756e+12
45	6.16312899074e+11
46	3.85886575527e+12
47	9.95309311586e+11
48	6.2722755746e+11
49	4.77113461456e+12
50	1.24641355428e+12
51	3.47218755118e+11
52	2.58336366344e+12
53	6.94672404008e+11
54	1.61535711443e+12
55	5.86028133214e+11
56	7.42396795307e+11
57	9.03498392751e+11
58	2.64566092363e+12
59	2.88406707513e+13
60	6.8165877206e+12
61	3.97699109981e+11
62	5.095767086e+11
63	8.17429694207e+12
64	1.33390723259e+12
65	4.17349161081e+12
66	2.65184708689e+12
67	2.71861190289e+12
68	2.45606102523e+11
69	8.99118210681e+12
70	1.26667463791e+12
71	1.81396896222e+12
72	1.05859635898e+12
73	5.21919265845e+11
74	8.38519566843e+11
75	3.0905792935e+11
76	1.65963401044e+12
77	2.35989067594e+12
78	2.57313354943e+12
79	2.55373777098e+12
80	2.44005338674e+12
81	3.10563201378e+12
82	1.96705748126e+12
83	1.914723536e+11
84	4.32125306756e+11
85	2.80765305892e+12
86	6.3280911494e+12
87	7.69822424247e+12
88	2.11480465772e+12
89	3.15734056162e+12
90	7.38764410689e+11
91	2.85965201267e+12
92	4.6248900276e+11
93	7.01716872892e+11
94	3.01474560367e+12
95	6.60163781485e+12
96	1.90509392766e+12
97	3.51606593966e+11
98	5.76799805593e+11
99	1.21703363881e+12
100	6.22727383551e+11
101	5.9832690907e+11
102	1.24086362556e+12
103	1.29544246882e+12
104	1.896648934e+12
105	1.53466006391e+12
106	1.51079509584e+12
107	1.3562463206e+12
108	1.13447323003e+12
109	6.03712163955e+11
110	2.00605169689e+12
111	7.12845425425e+11
112	4.14076525665e+12
113	1.14558176671e+12
114	1.94730329487e+13
115	3.23901730097e+12
116	1.81152716138e+13
117	1.3164552607e+12
118	3.26462182355e+12
119	9.24539151557e+11
120	1.58615242967e+12
121	6.32636551415e+12
122	2.03101946393e+12
123	1.60519111502e+12
124	2.22724039053e+12
