0	86680014680.6
1	1.42468411659e+11
2	4.33543743085e+11
3	2.2067958133e+11
4	7.18635217903e+11
5	5.17131272773e+11
6	4.61585066379e+11
7	1.32605320119e+11
8	5.95369854456e+11
9	7.0267877979e+11
10	1.16311382565e+12
11	5.69189845961e+11
12	1.51835850349e+12
13	7.01892169872e+11
14	8.94836716451e+11
15	4.25721554719e+11
16	1.05627693694e+11
17	1.14543767514e+11
18	1.07656311823e+12
19	44016922688.7
20	2.29193338291e+11
21	76608771156.2
22	5.74042688011e+11
23	4.38084077467e+11
24	2.03517842494e+11
25	1.19088208213e+11
26	29994964363.9
27	4.58706123111e+11
28	4.5623410466e+11
29	7.76006798549e+11
30	2.93004205563e+11
31	3.19883119637e+12
32	4.8658747328e+12
33	2.23756082957e+11
34	56621539267.7
35	75677196930.4
36	5.80251667768e+11
37	5.96649621924e+11
38	1.832220738e+11
39	74081136502.4
40	5.25520235146e+12
41	3.76064509802e+11
42	4.73520073182e+12
43	1.24776421594e+11
44	94629642159.4
45	5.13567094167e+12
46	2.56599865301e+11
47	92181648958.5
48	7.86549458931e+11
49	8.47517421005e+11
50	7.65867682673e+12
51	9.13924426997e+11
52	2.94589256167e+11
53	3.29937397532e+11
