0	2.16537592535e+11
1	1.91623857157e+11
2	1.08286507829e+12
3	3.59213018449e+11
4	2.09614795742e+11
5	3.55343564646e+12
6	7.78566210879e+11
7	1.96348474236e+11
8	3.4803874151e+11
9	2.95805528565e+11
10	1.10832243129e+12
11	3.76400569375e+11
12	87651758704.5
13	1.55944027007e+12
14	4.71222783939e+11
15	89098442396.0
16	4.58372739104e+11
17	2.73883856562e+11
18	1.77319282686e+11
19	3.93544693772e+11
20	1.76800984178e+11
21	7.91010084864e+11
22	8.95219584303e+11
23	3.54655494045e+11
24	4.64310513759e+11
25	1.00045635657e+12
26	2.20623528611e+11
27	7.83220351765e+11
28	5.86886919451e+11
29	1.54582499561e+11
30	8.56768887735e+11
31	93033714525.9
32	1.18016161524e+11
33	4.45380672354e+12
34	1.31548497328e+12
35	1.61443280137e+12
36	2.20972561974e+11
37	79806638893.8
38	4.86893248501e+11
39	6.15902584918e+12
40	3.80436204962e+11
41	2.59618924754e+11
42	5.59668610164e+11
43	8.16645656499e+11
44	2.98707934077e+12
45	2.23796071807e+11
46	2.25070463135e+11
47	2.80281845372e+12
48	1.06194846471e+11
49	1.89953217899e+12
50	5.81544596367e+11
51	2.82182082923e+11
52	2.47419896943e+11
53	53892643520.3
54	1.79299229879e+11
55	2.30739916975e+11
56	6.11126372345e+11
57	1.81924838659e+12
58	2.01068900746e+11
