0	48345.8444125
1	66524.5865312
2	55348.6033114
3	37544.3792747
4	663835.138684
5	10356.1322695
6	119041.420361
7	251435.282772
8	154784.002971
9	14877.3695555
10	10826.4539979
11	720524.972249
12	320082.658292
13	163685.347155
14	554287.609668
15	261622.585002
16	148059.383734
17	232832.988958
18	88131.3017916
19	11415.2704779
20	2946402.12455
21	834958.012647
22	473432.350535
23	131338.200416
24	68697.4421132
25	165710.097442
26	50113.9478703
27	235190.447495
28	59814.88003
29	66859.559011
30	59666.7232907
31	880600.681736
32	29117.9802703
33	261287.742613
34	145432.768955
35	45863.3444077
36	21218.0365588
37	13365.4333709
38	200239.522448
39	39629.9750663
40	310607.228033
41	631442.379502
42	20712.0369519
43	212263.269296
44	592788.969096
45	29141.9005439
46	7589.56220812
47	1408.21977043
48	124475.574302
49	117303.821883
50	108039.211544
51	70694.2163779
52	24423.4706412
53	19489.0043885
54	304234.221381
55	27162.7806871
56	79196.082504
57	5311.11633813
58	2445136.75123
59	55546.9085466
60	2148.31336095
61	885647.667521
62	46275.0612015
63	173335.039619
64	42501.0191619
65	213470.056356
66	271471.308152
67	102338.997243
68	204443.284374
69	177358.171477
70	53357.9375275
71	27194.1194007
72	87338.3826095
73	141262.853097
74	22660.7762504
75	269557.095078
76	228288.552221
77	22154.9349132
78	67894.5236304
79	34778.6862274
80	16625.2806303
81	7103.99311052
82	7596.98194481
83	65697.0677499
84	62300.8518819
85	88854.2467995
86	37713.7362101
87	83841.2685993
88	146202.13637
89	16252.3850723
90	86744.843974
91	145231.614372
92	69396.5602626
93	134507.771193
94	24118.0306602
95	237232.2908
96	47192.0416554
97	9724.84444768
98	516124.316978
99	733663.284697
100	352889.280568
101	1378486.13839
102	101117.553944
103	244537.038316
104	15844.4149823
105	17690.4500347
106	129231.228138
107	24938.9442741
108	49839.9566289
109	75363.5292295
110	62093.6775499
111	309642.160083
112	122715.406372
113	3611276.79632
114	62504.5515479
115	51362.0952241
116	102803.065963
117	51153.2841721
118	78016.4498054
119	40290.5838492
120	168897.835117
121	657032.633865
122	10903.6253456
123	47770.5798332
124	161656.169483
125	155008.127792
126	334021.750288
127	58252.2022315
128	37639.1812926
129	5059.97602718
130	955602.089649
131	34385.6850271
132	11899.8758533
133	20636.6937575
134	316400.360566
