0	116.218325091
1	140.876380922
2	80.7397390695
3	539.000371659
4	763.876908468
5	171.867983503
6	7.74424359266
7	26.9984037112
8	189.93411179
9	2152.54892859
10	46.2804016623
11	28.8541532976
12	119.852571029
13	106.868078005
14	63.7510344387
15	1251.86003704
16	238.176754777
17	246.176220486
18	434.413812093
19	37.546866176
20	918.893606854
21	516.049437926
22	81.7315931873
23	83.1762071606
24	42.7195872358
25	1423.48779435
26	273.988896656
27	241.049705693
28	107.244017882
29	19.5679008385
30	119.576067364
31	13.2437912387
32	33.08647491
33	86.3683101471
34	63.0200283871
35	149.822611385
36	69.3079263527
37	42.7171701419
38	252.792597321
39	19.3944273157
40	132.336315122
41	108.470134423
42	21.1299356992
43	244.282745307
44	412.367009218
45	681.325628567
46	134.583216657
47	344.343858801
48	12.7666588467
49	381.820124108
50	145.47198844
51	361.723988629
52	113.497728352
53	244.593258802
54	61.8126361506
55	114.990166916
56	119.997387905
57	51.3722960543
58	107.023626939
59	147.258845356
60	86.5373002512
61	60.8434060765
62	239.773750665
63	71.2172133389
64	64.0144885597
65	69.6157633803
66	108.72690739
67	3516.85813152
68	145.944111497
69	51.1165305021
70	40.9692009198
71	161.646670771
72	256.169822214
73	62.3504312859
74	378.241341366
75	231.821090345
76	82.7461479821
77	49.3506885224
78	724.884004021
79	297.642790968
80	226.250924632
81	18.1320718861
82	455.880546762
83	1790.9907765
84	8.47447803689
85	633.846509561
86	74.5999573611
87	127.637300174
88	618.993192756
89	21.0669635322
90	16.2170042386
91	46.419995732
92	152.651354656
93	114.881315347
94	93.675716022
95	491.218799166
96	808.947131988
97	101.194815371
98	67.5517885516
99	130.953097756
100	15.6833424809
101	35.1141183377
102	85.443873205
103	469.742802362
104	103.73702192
105	453.822560088
106	30.6403183036
107	123.988816478
108	8.99913807677
109	78.8784813741
110	31.5650546115
111	47.6471937043
112	8.47509545324
113	298.681399037
114	106.762236772
115	424.903698583
116	5677.02015739
117	112.887820538
118	276.227157056
119	31.0510411601
120	35.9076473469
121	943.077135352
122	153.618145882
123	70.1818851232
124	129.603285548
125	312.324036424
126	47.3063785678
127	49.6924420646
128	29.704828848
129	133.45265876
130	916.121087238
131	161.637614308
132	1204.42161649
133	510.870432734
134	14.7128495379
135	193.999179545
136	160.566091487
137	622.98602524
138	261.962135038
139	414.646446853
140	8.40580566212
141	29.5755810313
142	652.492403919
143	205.322028491
144	701.597630924
145	93.7737625634
146	109.523405894
147	278.314341354
148	316.431209022
149	352.454093822
150	259.660748612
151	138.653079639
152	91.6817736383
153	315.378538215
154	31.5419586986
155	86.0841611195
156	22.1716118589
157	76.7536108583
158	1712.68767232
159	23.882818751
160	60.8775515787
161	492.948977066
162	132.637130449
163	96.368294965
164	47.5787057564
165	66.3098288492
166	482.979920842
167	173.75760845
168	4.00619915482
169	11.1576427993
170	344.228039825
171	99.5351162814
172	332.969676137
173	20.7154587209
174	75.9066052152
175	334.052740386
176	2164.66553683
177	275.895349525
178	115.72574052
179	18.7279341105
180	125.41375599
181	19.4327225005
182	166.401263758
183	34.6358491385
184	59.4423928099
185	202.105626626
186	1718.18960238
187	336.87677441
188	99.4050063013
189	137.395975681
190	52.8916510389
191	77.2005021188
192	31.1902447087
193	15.3449305449
194	61.701234156
195	28.9217988804
196	2958.4884346
197	316.201284301
198	66.1661794499
199	29.564861867
200	65.8459783211
201	171.692122752
202	43.6047919893
203	15.78924328
204	135.160539524
205	131.789800683
206	126.257193151
207	34.5300822031
208	640.550037764
209	109.265407724
210	67.8686550669
211	200.431048834
212	182.412287108
213	98.6076368625
214	115.348163611
215	15.287815089
216	1130.96918481
217	19.2918544451
218	191.442191422
219	13.5894730789
220	192.861336586
221	27.9546146857
222	135.958251507
223	1893.86466075
224	18.6870668123
225	191.011754792
226	25.1556371071
227	115.588900786
228	94.27904959
229	29.7160964218
230	227.691594988
231	474.109769608
232	829.285820835
233	11.9419419893
234	146.753125888
235	140.958982792
236	726.789865763
237	207.759608393
238	80.6224464926
239	311.976274562
240	99.6486514101
241	5.7757092148
242	195.888752801
243	57.629166161
244	18.0339454448
245	43.9202233484
246	386.116443723
247	23.4450811085
248	46.5131473998
249	1545.76844181
250	42.8987139146
251	9.80116113332
252	91.4052109
253	351.364646367
254	1471.94001502
255	614.953605728
256	92.1201304191
257	45.731926811
258	47.6743603169
259	741.675728391
260	84.1183334246
261	99.5322503387
262	250.693193657
263	479.840211995
264	211.226631609
265	511.214191946
266	23.2885552564
267	219.135124866
268	65.7809754622
269	133.901812705
270	345.864005823
271	491.565033826
272	82.5558759558
273	1651.37118229
274	5.90067582854
275	77.0033252882
276	1000.93892522
277	728.151937823
278	35.1551629506
279	33.1782867765
280	71.0245137998
281	72.0296389078
282	116.130963487
283	95.0413026053
284	57.2067837674
285	28.4797637169
286	8.75943658164
287	327.295781228
288	18.3411220025
289	30.6736231292
290	1088.73018832
291	63.7988041171
292	1099.16311902
293	106.786268891
294	256.881673422
295	43.9462502305
296	87.6299031999
297	533.04759237
298	245.68876727
299	26.5947146715
300	366.09504849
301	140.740243802
302	4.73501380421
303	304.518866277
304	578.407583084
305	424.432472755
306	111.434797997
307	206.382327949
308	836.002309743
309	4648.38341832
310	106.028863194
311	86.5300267776
312	45.1032772327
313	15.7787356037
314	1904.59289161
315	65.6391355244
316	523.387071649
317	16.5959819462
318	34.0006756488
319	225.61166016
320	159.259222417
321	17.3435321551
322	16.2301284021
323	87.8393830023
324	2889.75018338
325	105.57128019
326	279.470805966
327	103.259202434
328	1543.35869618
329	38.2310653046
330	407.66351979
331	19.0812819506
332	111.492431492
333	128.539835571
334	332.701496821
335	61.5399182107
336	457.866004329
337	326.870632494
338	145.66788208
339	113.471473649
340	73.8432877255
341	499.218724671
342	2008.65971346
343	750.080612001
344	142.349520508
345	53.3927193387
346	126.420030219
347	433.643366637
348	106.045590536
349	83.9248459013
350	45.3764807338
351	177.585823148
352	80.8516584362
353	947.045013377
354	131.311367212
355	83.8755041269
356	57.7099323066
357	314.621773222
358	120.983437176
359	70.1029659273
360	2319.07910154
361	65.3490944831
362	158.743131379
363	440.346531739
364	24.9456947966
365	13.0465076157
366	126.105527523
367	61.987437295
368	157.910012697
369	1039.47851925
370	472.72076747
371	1026.9671542
372	72.7705511962
373	50.0959269129
374	514.68734357
375	24.9872776188
376	182.330933476
377	140.669630857
378	147.278217767
379	242.027145388
380	437.538373226
381	59.7868938404
382	93.1637007468
383	656.877708076
384	696.200942778
385	317.080744936
386	3552.28118711
387	524.027029772
388	846.659875604
389	24.617049154
390	519.558326003
391	99.9497846294
392	61.0243819954
393	81.0755952762
394	427.832505493
395	81.1111720334
396	109.735516157
397	96.0873207043
398	67.1423627867
399	97.1439872893
400	11.6867348641
401	425.752413181
402	21.570226721
403	266.615477287
404	495.976447394
405	43.482726051
406	13.0022286108
407	346.230780027
408	534.579982045
409	31.5226543418
410	376.949730178
411	852.967293478
412	710.851881267
413	2115.30471466
414	196.666648139
415	68.9941442993
416	238.599701439
417	198.835520223
418	144.394325735
419	310.744790802
420	1098.09824992
421	869.639885184
422	89.0057506103
423	338.573321223
424	23.5138299239
425	1945.61454969
426	28.0284056338
427	284.152416078
428	5.0521089311
429	40.9315072001
