0	2989.30662387
1	324239.786218
2	318.173848604
3	208.878741527
4	502.466703719
5	4627.47822684
6	920.765508687
7	1373.74394654
8	1026.71761621
9	3305.31641103
10	10501.0984126
11	83003.7538476
12	2101.52915017
13	9740.91837185
14	4423.80817702
15	4782.63932821
16	5878.4837289
17	919.485155479
18	1080.25194136
19	7665.64142455
20	33621.8737828
21	6113.6931352
22	32953.7166316
23	535.444136765
24	2885.38578531
25	1989.51045459
26	10689.8907792
27	1504.98801033
28	9699.74829983
29	1425.86445941
30	71057.0654397
31	250.868224433
32	1719.12899831
33	7916.16154065
34	1004.99253289
35	2899.81466725
36	23375.4025234
37	85956.8697123
38	17842.346355
39	2051.8535901
40	5247.94658307
41	178.355104443
42	5673.11982111
43	7388.00878614
44	6532.08911619
45	16312.9876554
46	23462.8580107
47	6583.79921044
48	17076.4229738
49	942.677971099
50	7815.21981339
51	4780.68354183
52	25666.9803133
53	2816.21918839
54	1785.73161701
55	29725.9351639
56	2800.55008437
57	3329.79117725
58	4979.98801079
59	2548.28826985
60	1281.45984635
61	1595.00971897
62	2768.04117214
63	2930.97613208
64	2517.3403772
65	8163.31873181
66	18832.8740501
67	286.77318618
68	2544.92914149
69	6990.39332286
70	20905.601413
71	1615.47202914
72	6216.00107985
73	1664.19483132
74	6179.181363
75	668.007375704
76	823.266391489
77	45443.4574745
78	894.235401131
79	3754.6212614
80	14099.6603287
81	3966.41334846
82	5940.3259636
83	14936.0647036
84	16064.4397259
85	919.400107956
86	871.956580176
87	10989.8319002
88	1585.77179718
89	2919.75125635
90	12767.8174685
91	1099.75631883
92	14866.3525358
93	748.871807908
94	97741.9635571
95	2436.08023846
96	33691.8564421
97	4512.21187299
98	5015.08012497
99	11665.4631072
100	775.596202002
101	22259.2829787
102	5143.08407818
103	279.5153834
104	10436.6121615
105	8042.37960688
106	4120.1227806
107	23829.1075348
108	5953.27615539
109	1288.54777777
110	20346.4235163
111	2368.35918932
112	7796.11374495
113	2181.74197747
114	2376.19390183
115	2386.96523912
116	10924.5492909
117	717.477207052
118	177.722774118
119	16482.4238828
120	1885.12658833
121	14119.4143704
122	3627.79925379
123	1302.36903883
124	230838.716336
125	48005.1771365
126	3204.25238409
127	11028.0652061
128	4394.76500614
129	1244.41286316
130	24546.4618828
131	6703.53040968
132	5237.48241234
133	21958.28233
134	39850.4945147
135	1356.18696036
136	8800.01519938
137	5365.65371148
138	328932.580389
139	7643.09459598
140	3665.86751633
141	1543.03964877
142	1409.52839421
143	5186.5035572
144	5863.97606659
145	99346.5498242
146	3488.51962928
147	811.504123343
148	2599.08804885
149	5912.91391393
150	14086.8647397
151	12773.1808227
152	65895.0573712
153	47527.9563185
154	8924.67387805
155	3338.84059987
156	7617.40595605
157	426.629727737
158	964.990920673
159	13351.4922451
160	2769.79152128
161	57262.5849168
162	109274.317522
163	23663.3294118
164	3064.56808402
165	2725.10485258
166	1761.1805595
167	616.405403189
168	6212.78350913
169	17945.2500737
170	13178.401817
171	17456.3673272
172	23326.1690748
173	2816.15418089
174	11067.603977
175	12308.9582498
176	366063.297187
177	7646.989934
178	160634.402195
179	41980.2961122
180	2449.49245847
181	790.044080096
182	2476.43655315
183	2201.50717894
184	4547.71038555
185	1894.33055767
186	40763.467902
187	12019.4737069
188	11046.9702879
189	10507.1713396
190	4923.27692134
191	3669.73212663
192	5065.10416113
193	6418.57249827
194	9296.20764602
195	47101.0886352
196	15140.5924179
197	30667.7971693
198	16551.9527599
199	1255.19627479
200	104982.259149
201	7038.59680276
202	11087.4521782
203	15832.6902517
204	2179.84486515
205	39110.0296948
206	32281.2719759
207	7335.85032068
208	7850.52838603
209	78.6515238181
210	48299.5999207
211	31639.2572608
212	3980.34103557
213	1113.03358733
214	930.427479318
215	248776.914622
216	2920.65132455
217	11441.6181192
218	28900.6861019
219	4996.00086679
220	14984.0339695
221	11444.9258782
222	18127.233741
223	18332.2680838
224	6353.69589203
225	12152.1281487
226	3841.62150488
227	14677.005128
228	3667.16748607
229	7468.59355253
230	7745.15692234
231	37070.6524981
232	10698.1110199
233	101499.583691
234	17965.3047401
235	13738.1113096
236	238.823153606
237	3553.26736066
238	4802.58713294
239	6556.50444227
240	846.732965042
241	2069.44944955
242	1476.81152737
243	55.3026495187
244	1383.70817965
245	7117.64270533
246	4399.87859701
247	4395.75116642
248	3149.82849891
249	1931.19459843
250	556.815097011
251	18300.9159993
252	1656.28828156
253	7191.6374218
254	3440.67507703
255	2401.71546984
256	46180.11902
257	777.813955707
258	26511.8308544
259	600.096450102
260	156274.333077
261	14763.3490962
262	1286.26446214
263	11298.2886353
264	191.968543773
265	15650.9431144
266	16144.3297785
267	4790.38515809
268	6403.00259718
269	36332.3594215
270	3400.09016055
271	44161.7299047
272	2235.58905123
273	14632.9619859
274	1217.57065
275	6149.14887866
276	5117.3635108
277	3905.81430393
278	16090.4246879
279	6853.54581315
280	5534.52662654
281	1402.18460009
282	4143.37213084
283	95003.7398404
284	17849.0357763
285	317.924508141
286	10975.0567302
287	3916.05738507
288	2644.64152754
289	286.35316804
290	1849.66206031
291	255.012053383
292	4321.77252794
293	4170.52134044
294	1565.00586648
295	239.488299337
296	3426.55746922
297	5851.86452741
298	5917.90296092
299	27361.0217789
300	6246.34886582
301	42587.2605432
302	3732.19680383
303	1314.44390377
304	28878.7078198
305	41226.0959519
306	39513.0028087
307	16812.6057447
308	9135.53246553
309	6588.92750914
310	742.320365457
311	4064.81750253
312	6609.27244041
313	6949.32744569
314	3518.99955824
315	1594.76646447
316	9586.41057385
317	314.776992529
318	161.005801803
319	861.952293617
320	2540.69675995
321	1399.31269573
322	1730.36889332
323	7811.32169661
324	5563.87072868
325	43450.8695181
326	150.412465274
327	2390.98396796
328	92424.6441003
329	1107.47315173
330	13525.5865083
331	2422.97969207
332	9786.3442431
333	5820.38937284
334	958.501435358
335	6480.75321311
336	5467.47265259
337	2256.49299221
338	1042.86392165
339	713.082779938
340	6944.98572204
341	2425.86671535
342	11521.0162226
343	529.516887303
344	7221.94033596
345	5319.71923249
346	3504.92439897
347	6336.69301359
348	6338.66935463
349	2828.93657869
350	21668.2007683
351	7127.16457817
352	20453.7767829
353	25768.2895826
354	8665.80639753
355	1917.9910636
356	9697.36667539
357	3264.08446252
358	110154.657896
359	1943.57259583
360	770.500911568
361	9946.1626888
362	946.838281337
363	5473.82082078
364	2821.23816689
365	7583.38681174
366	7980.1208587
367	6611.64190868
368	1066.81762313
369	2786.58792325
370	20595.561539
371	962.431451205
372	22331.377027
373	5079.46711376
374	18966.3578372
375	3153.57134116
376	5047.01037571
377	14593.8433177
378	1227.43507262
379	45910.2676359
380	13280.0254027
381	3434.93538897
382	5274.32384202
383	702.826215474
384	3574.38973465
385	8519.60932687
386	37292.4584256
387	1075.25384437
388	6549.03224545
389	811.295777016
390	2891.70575034
391	18968.3143621
392	2815.5373171
393	2281.42220394
394	10842.4533264
395	7745.61840667
396	24323.8987822
397	18703.0712438
398	2639.90686245
399	978.568046334
400	1911.88127849
401	1974.98703438
402	35770.0404819
403	6054.68349253
404	2576.98777104
405	3948.84626754
406	217.820329351
407	1014.9982561
408	2859.78253358
409	30010.2724256
410	3153.54015051
411	99673.9299934
412	69742.8340977
413	19251.2912267
414	17651.2544335
415	3823.0517951
416	7701.04805565
417	57171.4706895
418	607.970909331
419	13939.1313769
420	22702.0242476
421	2027.3965178
422	1902.73580933
423	719506.336665
424	37540.5892668
425	4355.15365455
426	1971.4815639
427	1390.98999433
428	4838.07170083
429	21716.2580206
430	125835.475728
431	2101.76064182
432	2829.50156226
433	877.965153048
434	88779.4117466
435	9298.14695534
436	6978.86399228
437	25502.6635159
438	46747.2569902
439	2315.86435861
440	6520.80304607
441	3736.4443314
442	3253.66410996
443	6202.76464276
444	3894.93635908
445	3573.23525426
446	3645.9004735
447	268316.388732
448	2225.76609406
449	48503.0153676
450	1345.48126365
451	3026.39221585
452	33535.6188144
453	26389.1784423
454	1538.50288595
455	3010.18657649
456	4193.94029263
457	5986.74799679
458	7181.63202435
459	1988.05479811
460	5555.03320661
461	5970.69830583
462	21583.6427785
463	3108.95012388
464	6264.96469991
465	8174.21848709
466	4482.17093175
467	1806.81108568
468	1632.40480748
469	5826.22899676
470	663.237904255
471	11283.2091941
472	7117.21677552
473	3852.44745784
474	5242.41359993
475	2970.4863424
476	903.645763105
477	3377.53018546
478	13079.0896772
479	40945.5962271
480	12280.2852386
481	5030.66604857
482	1611.9170315
483	7702.44485173
484	19987.5847945
485	25762.098052
486	3467.60702691
487	1927.4778458
488	56586.9105013
489	6944.18992725
490	625.549655438
491	52072.6097336
492	1560.50456862
493	180.136252116
494	2180.90077385
495	13255.486222
496	530.774363892
497	24169.8743455
498	58380.8692263
499	22636.925367
500	8085.01206602
501	115000.58913
502	7644.60575962
503	7483.62170157
504	5380.93209984
505	2433.69524129
506	1039.36019409
507	4486.93204138
508	1645.16843801
509	3725.06388982
510	55962.7665368
511	673.431993462
512	10682.5268792
513	146735.348762
514	1244.93396201
515	6034.91061536
516	25123.1410654
517	5776.93430535
518	1988.39741704
519	783.647795325
520	5468.91629182
521	11327.0765659
522	6137.99549788
523	3262.34276977
524	1186.96462295
525	9470.2426947
526	167673.875025
527	5061.37644137
528	683.269750676
529	41765.5248358
530	2352.81486373
531	890.003203409
532	8244.87323318
533	1726.20102084
534	4354.24888562
535	1920.93335936
536	7469.41126431
537	24383.6132424
538	37179.6475304
539	5344.36681732
540	932.951032605
541	4265.8717072
542	45350.9356426
543	5236.06777855
544	4264.45551253
545	17376.9998292
546	18637.1050163
547	4025.97575877
548	71383.4574546
549	1217.69328195
550	4349.66736605
551	4720.63880433
552	1888.00358226
553	23760.6548668
554	69252.4412398
555	2325.32205127
556	2732.35123209
557	1770.55634723
558	1689.46658016
559	3878.29766721
560	15838.4241956
561	1628.78449445
562	4324.90044972
563	5367.55480077
564	872.500902211
565	1883.83838724
566	3985.43975412
567	120287.328674
568	3484.34822163
569	359.776569447
570	19474.4478862
571	2471.91599411
572	1035.12666349
573	7134.94240743
574	5567.00145031
575	10297.8804771
576	625.557835951
577	17172.3807221
578	1246.33542259
579	11898.0148293
580	439.264119674
581	117.698533749
582	2307.65530698
583	75862.2176432
584	13874.263639
585	5754.25515239
586	3299.70567619
587	14436.2508518
588	13103.5161467
589	1573.4683045
590	42836.3273455
591	18499.7540548
592	55827.4643015
593	22432.800429
594	50867.545144
595	706.699875624
596	1101.22872492
597	9821.17317368
598	6440.44938868
599	14518.27833
600	30898.1874687
601	5372.94212514
602	3466.74492958
603	15996.8926891
604	1776.96072617
605	7691.82278865
606	777.801033213
607	2554.48549166
608	10156.7251018
609	952.795084659
610	4746.25625792
611	10491.4539233
612	13611.7914352
613	3294.24609788
614	8977.98866881
615	17687.0581185
616	22181.4708311
617	1596.33459446
618	7788.66367447
619	655.574106985
620	5586.22703353
621	3259.59239255
622	6654.39278224
623	11785.1774954
624	16050.9316224
625	9028.54113647
626	4391.4799924
627	88176.7170779
628	1065.54517119
629	16505.3995165
630	46145.4244384
631	3492.33858072
632	436.699562414
633	1637.51334609
634	1274.99941414
635	3051.07152652
636	3518.39593523
637	8170.24778562
638	6352.95751667
639	586.95156231
640	16968.9793605
641	4576.8999501
642	1089.4275677
643	3390.1127725
644	2225.48206386
645	43391.8211677
646	4342.13140012
647	535.360019574
648	871.204379552
649	2573.12999228
650	64926.8318492
651	11450.6530722
652	423.057303714
653	3517.0299379
654	4152.50413252
655	1515.68031486
656	842.729578401
657	7754.4952056
658	8694.37435273
659	77088.4710005
660	840.50570028
661	679.435571826
662	522.415310504
663	2721.02188656
664	23898.8281655
665	26096.2966038
666	985.777651741
667	64044.9925017
668	7706.06145721
669	101697.07037
670	7684.29734112
671	44373.757247
672	15032.1109447
673	6485.9240955
674	1390.81219908
675	4438.6809116
676	59695.2680209
677	11388.2778095
678	39991.0072637
679	5841.62907917
680	23686.7989727
681	20711.8753349
682	14825.2280477
683	6476.63181377
684	4768.28752457
685	10906.4750607
686	10134.8161494
687	29802.1525152
688	3447.4674732
689	3004.28444795
690	9094.26705296
691	53.2177532863
692	11770.5262068
693	73753.5528736
694	4077.20278712
695	59744.1154691
696	4618.74544719
697	6786.53143378
698	19652.3559837
699	2046.69890862
700	583.934066078
701	128533.270126
702	1219.98053764
703	10168.1346389
704	11260.428072
705	1942.00749649
706	6248.35004127
707	21290.1739095
708	2764.65667966
709	13967.6467844
710	3162.10471544
711	793.099159597
712	485.478667591
713	542.986443566
714	73525.5351903
715	749.964238851
716	4978.76844597
717	1555.39290841
718	8469.91391702
719	734.672982281
720	91212.7364234
721	4543.00491813
722	205229.251156
723	6451.09136817
724	4011.19073212
725	34484.871884
726	186599.939477
727	50390.116831
728	10693.6176458
729	14275.9969732
730	130812.779505
731	10990.9319184
732	86784.8685851
733	9168.63029273
734	5615.30859303
735	11100.0694811
736	2536.83499605
737	4218.54057041
738	538.702539418
739	1096.73465227
740	1485.22575918
741	2179.93956355
742	17620.4251544
743	10484.6021388
744	10889.3399824
745	12920.004356
746	19143.1509923
747	83314.4403544
748	13255.7966678
749	19107.0313056
750	9169.62344344
751	257275.855202
752	3360.65084713
753	1194.84754943
754	4112.20135389
755	5757.54885425
756	1211.26860786
757	5110.7920938
758	13016.3539751
759	1300.31276473
760	27393.3843358
761	1732.3564064
762	17484.9750333
763	2638.72347537
764	4011.917258
765	756.413545344
766	30931.4341409
767	9460.21851808
768	17954.3222025
769	2371.5422787
770	16719.4195088
771	15120.5904177
772	657.585976248
773	372.28504828
774	3418.44494789
775	2587.37073124
776	13439.6591674
777	13918.8707127
778	8112.85639173
779	6587.92486058
780	341.575378841
781	4714.24449722
782	5376.16468219
783	429.563415343
784	6566.81796818
785	768.452134033
786	309.248535238
787	41930.3916504
788	7983.3413599
789	12918.878126
790	40044.243226
791	451.461715652
792	2527.01882665
793	14217.8833268
794	755.473276241
795	2194.97242497
796	696.263492091
797	24928.7911986
798	977.997562758
799	4030.07285081
800	10418.4383613
801	7309.05245439
802	3468.80627425
803	1335.65496364
804	3611.94533992
805	2888.57301924
806	39593.1253389
807	793.688153585
808	2949.74802294
809	4587.31405891
810	7236.9904602
811	1131.39824841
812	243.581391686
813	6994.43121401
814	15523.4930746
815	928.945024525
816	4874.35890492
817	5811.09642107
818	2345.61111787
819	2006.6106717
820	1007.18355806
821	10313.013737
822	1449.31618367
823	2528.600026
824	2020.13430214
825	5491.76224935
826	5204.72805747
827	894.618845119
828	3608.13984037
829	6922.59028525
830	2758.1146656
831	720.508662557
832	45812.0500038
833	24388.2935292
834	3218.8194426
835	653.824713604
836	6760.08226121
837	1706.23352705
838	5359.1464547
839	466.453751368
840	1031.86690331
841	5837.07865122
842	7377.13763604
843	72585.8785483
844	26959.6843717
845	18390.8485709
846	55278.6627151
847	1532.26483576
848	25584.2202551
849	6764.83092084
850	11635.6996364
851	2960.76152957
852	2393.27100423
853	65119.9180528
854	8871.64938691
855	4676.01161093
856	1715.35034181
857	4967.44044336
858	3367.10463688
859	105040.701662
860	1862.58449169
861	1360.00808664
862	1415.30535942
863	3032.00987779
864	10456.6803712
865	9789.367909
866	1709.61422493
867	1869.82311932
868	10492.2631444
869	4332.77754349
870	16479.8883597
871	6981.21322459
872	67739.1138014
873	43152.9765878
874	1317.360749
875	19826.969253
876	26250.4189338
877	3381.79540963
878	5150.87326738
879	962.938932734
880	5168.32659779
881	4947.66651342
882	3451.62829768
883	2847.57398775
884	20488.0039661
885	4723.58685874
886	969.184482858
887	1777.47969167
888	2449.67870323
889	37312.9658204
890	1147.98740377
891	15145.1467157
892	679.682966379
893	85637.6481433
894	2686.40904302
895	10090.8919489
896	1027.03550506
897	766.361983717
898	84737.5549749
899	6790.68362677
900	43086.3216117
901	5680.57246362
902	35003.4461402
903	3088.14951475
904	2398.23406102
905	3828.14842924
906	43950.7069431
907	92592.9764698
908	11502.4918401
909	1764.19283495
910	31427.6509969
911	7903.22818142
912	7755.38380494
913	4008.5262521
914	4209.81863213
915	233.785202604
916	12834.215859
917	10185.0202876
918	931.412650385
919	7432.35122943
920	1715.61450766
921	1898.80470815
922	7465.06217183
923	1799.8115057
924	3257.52058455
925	1619.07895238
926	5611.94694971
927	295384.519487
928	936.705055301
929	2081.59338882
930	2486.00424591
931	1975.89140819
932	28.4314501215
933	286.657568028
934	6831.60985439
935	1146.91626545
936	38518.5643545
937	3330.41619025
938	12765.8352253
939	10588.7813657
940	89865.4305428
941	17529.0043044
942	2594.96880894
943	35274.9991075
944	2560.3123449
945	7803.51194332
946	1064.37835667
947	238.190317338
948	90966.9188926
949	3870.88177722
950	4926.20325521
951	28698.3182856
952	21700.5236014
953	13357.065207
954	240.874166838
955	1020.50870171
956	3396.23992377
957	33591.7936076
958	45918.9102631
959	5900.71754977
960	515.698317747
961	2825.4887312
962	2863.6691003
963	5797.60393286
964	1143.65239873
965	2007.32521905
966	5685.56042363
967	2406.44282576
968	9263.12454431
969	4296.40710066
970	45076.5991449
971	2430.17025526
972	13320.4983176
973	14056.7400846
974	846.806531237
975	23802.8002472
976	3233.60821968
977	128.682101192
978	669.795245239
979	26722.7660312
980	11166.9278315
981	34608.9267576
982	3721.48986531
983	7750.62072666
984	1365.83141108
985	5193.24867397
986	13812.0027882
987	5973.6004734
988	1879.73423298
989	1743.80456703
990	2112.47845286
991	2202.13045912
992	2556.91679222
993	44153.8938095
994	16780.3591956
995	7313.4650451
996	3635.96741468
997	111224.994955
998	243.817262941
999	7131.41536924
1000	1006.56037726
1001	16465.8166021
1002	1130.22516739
1003	13433.3495049
1004	1290.29577726
1005	3694.43362941
1006	296.762018241
1007	13589.6306617
1008	22084.5267444
1009	3326.32762888
1010	22821.3168807
1011	1324.70755645
1012	4967.43673478
1013	23782.3244563
1014	3010.69486447
1015	2880.24161721
1016	15891.8938253
1017	22361.6270965
1018	33382.4433166
1019	1418.99232805
1020	40.9886937077
1021	9701.16941345
1022	17638.3359004
1023	1910.32849512
1024	2741.118616
1025	4844.93854986
1026	6071.04743072
1027	1005.14264493
1028	1971.19948188
1029	3445.49959411
1030	13074.04776
1031	2226.06084926
1032	4000.88291419
1033	6399.04002247
1034	14202.2911884
1035	1961.17935481
1036	57602.6700965
1037	26963.5032006
1038	1288.64136819
1039	15976.0759499
1040	166878.972921
1041	20832.0384588
1042	108840.937001
1043	10593.9483442
1044	1406.7314844
1045	52249.1984265
1046	440.562754479
1047	366.265612397
1048	9256.33697025
1049	25633.5736641
1050	447.786003783
1051	75685.2507942
1052	3832.98538084
1053	3868.73726345
1054	2090.97610669
1055	2777.25366999
1056	516.918090737
1057	5877.60001683
1058	3746.95993366
1059	8008.35603013
1060	3372.87307956
1061	1093.06405527
1062	7401.50821713
1063	6666.28242704
1064	1687.41895436
1065	12207.2718206
1066	1637.58118754
1067	16225.8255703
1068	65160.1858263
1069	1213.15200305
1070	10388.1085234
1071	7819.18148273
1072	6877.5010401
1073	2373.73571944
1074	9211.62800836
1075	13156.5170848
1076	3909.84269449
1077	348.592993357
1078	1362.95676059
1079	693.84640624
1080	46245.3666673
1081	38472.3412462
1082	177044.659264
1083	2756.65547061
1084	8368.84180354
1085	19642.1874364
1086	14760.1389112
1087	8246.54380241
1088	1740.82818967
1089	31866.4032898
1090	4372.73131419
1091	10274.4055038
1092	2297.60891025
1093	6977.91046505
1094	4875.90815077
1095	29162.4490739
1096	14594.5268288
1097	2916.11848616
1098	2273.51053071
1099	17735.9183419
1100	7723.94903451
1101	47947.4395493
1102	5862.61732838
1103	13071.3495782
1104	10773.1918773
1105	11381.9670623
1106	3113.5817513
1107	196.290293517
1108	740.47748821
1109	3613.64854251
1110	789.987176836
1111	4690.42798349
1112	50745.2146642
1113	5754.30142287
1114	1065.21359197
1115	1418.96826604
1116	7015.20138839
1117	642.563294496
1118	51682.6439249
1119	288.83936288
1120	1117.08972889
1121	2217.83107678
1122	3297.44408612
1123	2517.52698389
1124	1946.86694319
1125	2126.24717217
1126	33808.2729982
1127	1917.74842581
1128	37055.7411426
1129	14135.7828047
1130	1226.07313655
1131	7492.23062011
1132	1422.22804703
1133	14281.5865971
1134	457.883618865
1135	7090.97327623
1136	1976.20263707
1137	5185.53249258
1138	2439.93075482
1139	2398.56771503
1140	10081.6614618
1141	2326.94425408
1142	18829.0089681
1143	8402.84572752
1144	2465.861775
1145	477.877679039
1146	4078.48229458
1147	12180.2481209
1148	62509.312773
1149	11289.0290866
1150	12534.8541908
1151	12591.2328384
1152	9176.01247338
1153	44189.2700971
1154	12158.1314449
1155	2479.10913937
1156	12456.1452549
1157	965.875260468
1158	4685.70709197
1159	6122.52426318
1160	2469.88255682
1161	4531.59838875
1162	2931.18595545
1163	68902.8519677
1164	1190.81930416
1165	1603.07837079
1166	1040.00464697
1167	6490.45703442
1168	3687.82262516
1169	807.63700572
1170	2531.28221447
1171	2749.07960616
1172	1417.64617099
1173	674.239172917
1174	1314.92527444
1175	704.553103439
