0	94.5564514886
1	38.9446505525
2	146.925676128
3	1135.09403711
4	322.217291182
5	88.142930734
6	773.695123313
7	828.851926383
8	185.270091112
9	4159.14156918
10	162.457184328
11	301.088661246
12	1584.95765112
13	69.0427333925
14	188.272997137
15	741.110264933
16	80.2504422846
17	597.142967748
18	88.7703352552
19	343.202974434
20	152.22979656
21	233.19563269
22	190.738636853
23	6.70653227602
24	145.070486525
25	234.522938969
26	42.4616892295
27	186.903537856
28	966.72514368
29	360.911245886
30	8347.74838665
31	33.5587972448
32	91.7685265341
33	155.509762001
34	3231.31007334
35	511.677222697
36	193.329771081
37	178.056927565
38	374.362463341
39	142.28311521
40	168.590739684
41	93.9569649467
42	87.1039831593
43	28.7664239784
44	37.809502591
45	1065.60344201
46	136.743111138
47	377.825658335
48	170.241482024
49	2722.24479097
50	348.114159491
51	936.893819082
52	371.454976942
53	39.0073207057
54	133.051456522
55	728.266639026
56	339.076868762
57	275.349937759
58	211.87440981
59	139.695280538
60	131.759016639
61	358.84141753
62	65.819683445
63	216.230832417
64	3567.01734503
65	88.0619174555
66	105.220094612
67	158.463069779
68	127.429133487
69	129.23055402
70	127.415725051
71	74.6002549648
72	12.6760152857
73	32.0227320192
74	316.453145422
75	105.842283503
76	513.25402017
77	1675.96546823
78	118.924347833
79	94.4687119346
80	1254.55334605
81	146.096245983
82	426.902807344
83	511.644988053
84	162.168533153
85	1231.01523604
86	88.0963635792
87	12.0051845597
88	39.675659882
89	99.8749041627
90	812.877054801
91	141.888595001
92	966.939760599
93	1580.20813302
94	167.798455016
95	29.8888304657
96	164.222845132
97	1397.38207024
98	118.250209636
99	114.748002177
100	5.05569339398
101	370.576303974
102	57.5372673959
103	284.657936769
104	19.3383440449
105	55.8430644053
106	220.6049265
107	33.4461036494
108	372.689316932
109	387.828913141
110	286.640074022
111	910.844803094
112	288.873128435
113	257.35087085
114	775.440650921
115	214.438227926
116	1660.76682989
117	243.022830895
118	1227.48369776
119	268.336531983
120	56.082938924
121	48.4503305358
122	188.480433479
123	123.677130552
124	388.882301605
125	4.34900419246
126	1052.67926585
127	78.1037920508
128	776.112285023
129	430.333441931
130	98.7368749301
131	73.0705023786
132	274.536588046
133	1424.30916044
134	76.2537190204
135	1.79650929488
136	593.500503411
137	117.146930014
138	377.803238409
139	914.198163364
140	254.81886494
141	460.886563422
142	1537.73041901
143	502.223640596
144	3715.62909019
145	507.348530988
146	289.694222962
147	1530.67662761
148	79.943464827
149	62.7146277484
150	197.304902117
151	60.6232311617
152	2795.31950917
153	172.852718906
154	133.181972588
155	2292.62876318
156	76.1849425434
157	25.9701928421
158	308.948796489
159	146.647574056
160	71.9275685554
161	684.43281675
162	15.4548758727
163	456.525559634
164	113.268625477
165	5643.36903232
166	25.5497155513
167	891.709694797
168	39.1421355636
