0	1.75967486512e+12
1	2.17328905344e+12
2	2.16783144784e+12
3	2.05176245953e+12
4	2.0879469872e+12
5	3.2621679796e+11
6	4.06931927928e+12
7	2.04362427902e+12
8	1.57710718827e+11
9	1.07697125912e+12
10	5.71685708129e+12
11	4.0746661288e+12
12	2.74178189092e+12
13	4.20526716357e+11
14	1.65058116984e+12
15	1.16719006715e+12
16	3.28230869418e+12
17	5.78551336231e+11
18	1.77525674114e+12
19	8.32122286107e+12
20	7.04467868016e+11
21	2.94233589062e+12
22	6.4548955153e+11
23	1.71631528298e+11
24	3.24188737239e+12
25	4.78160289381e+12
26	2.08162289828e+12
27	5.10355659975e+11
28	7.28441632531e+11
29	3.86209055789e+11
30	6.75743205117e+11
31	6.27230269601e+11
32	1.36379459759e+12
33	4.73106661623e+11
34	4.40706727186e+11
35	4.97919167776e+12
36	1.5782191226e+11
37	2.74414245511e+11
38	3.09189995071e+11
39	2.23495724439e+12
40	2.59702544538e+11
41	7.73317908192e+11
42	7.44259977124e+11
43	1.6818726135e+12
44	4.49887589671e+12
45	2.60634802062e+12
46	3.54108532272e+12
47	1.83245859573e+12
48	3.05197404192e+12
49	7.96630261149e+11
50	1.69066325249e+12
51	1.0351670463e+12
52	1.07660287614e+12
53	2.42303822207e+12
54	3.36648155011e+12
55	1.24220765959e+12
56	9.93045910191e+11
57	2.58629505787e+11
58	1.06752054065e+12
59	3.07518433793e+11
60	4.25383641982e+12
61	4.6114295794e+12
62	1.37396281738e+12
63	2.47787840221e+12
64	7.98288026376e+11
65	1.75083633275e+13
66	3.43129140567e+11
67	6.51612507296e+11
68	5.37337852483e+11
69	2.29107486096e+11
70	4.63644843396e+11
71	9.65399235868e+12
72	1.22541077432e+12
73	1.21049469984e+12
74	4.2602631476e+12
75	7.72328760229e+12
76	1.06997902844e+12
77	5.95519433041e+12
78	1.76984968272e+12
79	4.53232299744e+11
80	1.40642615555e+12
81	3.24905867349e+11
82	2.98676101319e+12
83	1.26064691773e+12
84	2.15349150263e+12
85	9.41429841589e+11
86	8.2177164628e+11
87	1.0046452813e+12
88	1.55788436322e+12
89	6.46701425942e+11
90	5.08159618623e+11
91	2.16179958862e+12
92	8.2401765562e+11
93	2.77321121633e+12
94	9.40859647167e+12
95	9.33934698866e+11
96	2.4120725557e+11
97	9.51326248563e+11
98	1.18515398686e+12
99	1.74596701392e+12
100	7.07365717477e+12
101	9.64499249792e+11
102	1.90657902412e+12
103	2.61561555137e+12
104	5.10620175657e+12
105	1.0926542074e+12
106	4.14702886008e+12
107	5.25255327528e+11
108	1.91239641518e+12
109	9.78092461683e+11
110	6.47329311804e+11
111	7.1281922306e+12
112	8.6274547237e+11
113	2.10110855209e+12
114	3.63015185983e+12
115	1.08034433659e+12
116	2.26102112542e+12
117	8.60830259456e+11
118	8.88651648582e+11
119	1.50347892401e+11
120	8.46400375459e+11
121	2.20627763423e+12
122	6.08781800189e+11
123	1.1280835218e+12
124	1.09453501358e+12
125	2.72841739101e+12
126	4.66620061774e+12
127	1.20348967238e+12
128	4.56356586737e+11
129	1.03589876875e+13
130	4.11356540423e+12
131	3.49941192671e+12
132	2.24392402242e+12
133	1.5269392677e+12
134	2.35364884686e+11
135	4.62591410561e+11
136	8.83433271123e+11
137	2.47908771487e+12
138	1.02850768339e+12
139	3.8511489319e+11
140	1.57330482651e+11
141	7.80296478499e+11
142	1.61295402202e+12
143	2.09159439049e+12
144	3.99319111384e+11
145	7.34153079438e+11
146	5.16650957575e+12
147	6.37876678745e+11
148	9.57643336816e+11
