0	5.4275804607e+12
1	6.54276339929e+11
2	1.30434328628e+12
3	6.09287374534e+11
4	2.9815843688e+11
5	4.89049192004e+11
6	1.96423677966e+12
7	86443614091.9
8	1.85149360228e+11
9	1.29735188435e+12
10	3.79585286589e+11
11	2.37006579741e+12
12	1.96828053511e+11
13	5.13493539191e+11
14	4.47791736194e+11
15	1.18209967804e+12
16	8.30723313299e+11
17	2.91250626006e+11
18	5.85905710554e+11
19	8.96152923215e+12
20	4.86599750272e+11
21	1.58725874003e+12
22	5.58205613352e+11
23	1.88351232688e+12
24	6.17229893536e+11
25	2.2888433131e+11
26	3.36536924423e+11
27	1.5487154214e+11
28	1.86369933921e+11
29	2.03640791585e+11
30	3.43446900374e+11
31	5.22308475268e+11
32	3.88470470568e+11
33	6.31138033854e+11
34	3.71723814147e+11
35	58311459906.0
36	2.18777024405e+12
37	1.77773292167e+11
38	1.81261306064e+12
39	2.23431170217e+11
40	6.33527339323e+11
41	1.040259039e+12
42	4.44279258896e+11
43	2.36577359884e+11
44	2.62022216207e+12
45	1.52396708855e+12
46	2.14980541174e+11
47	3.23987413286e+11
48	1.64420889649e+11
