0	1.12674545692e+11
1	23510088613.7
2	43268459518.4
3	67412329381.0
4	1.30472194532e+11
5	78925942420.2
6	3.42085657765e+11
7	11952912443.8
8	65846922202.1
9	56145285246.2
10	2.73723073237e+11
11	4.77454202805e+11
12	2.79662275566e+11
13	1.00337049108e+11
14	1.10865137278e+11
15	39193276451.3
16	4.27828307547e+11
17	1.35403962861e+11
18	47730373777.2
19	66616555959.0
20	45131928325.7
21	68374081311.1
22	22775010416.4
23	5.1408748205e+11
24	1.15043192443e+11
25	1.39970410817e+11
26	1.43708446192e+11
27	51154250546.1
28	5.19833092747e+11
29	1.40418173894e+11
30	3.02216628418e+11
31	62846095975.9
32	1.63773455843e+11
33	54588398934.6
34	1.08338644583e+11
