0	1.45666009504e+13
1	2.98649402883e+12
2	6.40087948053e+12
3	1.00584901333e+12
4	3.47507698821e+12
5	2.021179477e+11
6	3.54239295639e+12
7	2.34768186318e+12
8	2.93510269044e+12
9	4.16643169609e+11
10	5.93639817047e+11
11	7.38038919823e+11
12	1.70737909349e+12
13	1.17824530553e+12
14	3.03988145727e+12
15	2.27390097323e+12
16	4.45421515842e+11
17	2.74253590422e+12
18	6.38355791497e+11
19	1.16685012458e+12
20	9.18822151923e+12
21	4.49760999457e+11
22	1.44102983143e+12
23	6.77148982654e+11
24	1.40580696242e+12
25	6.90307527367e+11
