0	6.51360507425e+11
1	3.50125088316e+11
2	2.35504828956e+11
3	3.17337055028e+11
4	1.40027905033e+12
5	5.33680531547e+11
6	1.27861478982e+12
7	2.05665691863e+11
8	1.01857310319e+11
9	2.32444938909e+11
10	43465976923.2
11	4.7712408234e+11
12	1.8170613087e+11
13	2.24239047772e+11
14	7.47780518982e+11
15	16908194698.3
16	7.4148026273e+11
17	7.09888808386e+11
18	8.15206780382e+11
19	2.76597024407e+11
20	5.22134429678e+11
21	2.11357152737e+11
22	6.11137461146e+11
23	1.60293359694e+11
24	1.11709875407e+12
25	50773995916.1
26	8.28815235677e+11
27	9.26851537163e+11
28	8.25318538032e+11
29	3.0164348963e+11
30	4.45806250324e+11
31	4.52499223963e+11
32	1.64362519337e+11
33	1.33018355345e+11
34	3.72471394784e+11
35	2.40592790937e+11
36	4.23048127209e+11
37	1.47825897337e+11
38	2.39565322169e+11
39	4.98651080846e+11
40	1.25235747581e+11
41	7.59197710445e+11
42	4.27315702219e+11
43	1.82508685084e+11
44	2.42590202537e+11
45	1.88385542131e+11
46	87065041620.4
47	1.03726384798e+12
48	4.09566564483e+11
49	69349041586.7
50	8.26636544247e+11
51	30340712657.0
52	94055637529.3
53	3.48670694235e+11
54	49841264423.6
55	2.63032265399e+11
56	2.66046518147e+11
57	3.70535635255e+11
58	2.6796980499e+11
59	6.36767730625e+11
60	8.63206043536e+11
61	1.15564868444e+12
62	1.18068728847e+11
63	2.10439853616e+11
64	2.97004805675e+11
65	1.10294482839e+11
66	3.90526741095e+11
67	1.70052818363e+11
68	2.24160533682e+11
69	3.88307427619e+11
70	1.49096446474e+11
71	33297666938.7
72	3.03275337053e+11
73	3.27938881223e+11
74	76395549277.3
75	7.53827996387e+11
76	1.26774348488e+11
77	3.0662121518e+11
78	2.45166872492e+11
79	2.38361976966e+11
