0	1.35263088507e+12
1	1.37341884498e+11
2	6.91725275966e+11
3	2.30669247686e+11
4	80875607249.5
5	59199741629.3
6	1.52605065119e+12
7	3.66817522737e+11
8	2.65567666558e+11
9	85429044917.6
10	3.03128512027e+11
11	3.3918908395e+11
12	1.20908433562e+11
13	1.64478935655e+11
14	1.78705591181e+11
15	2.72559173751e+11
16	3.08664105276e+11
17	3.99644929384e+12
18	2.74388196222e+11
19	9.0054988856e+11
20	2.19441381204e+11
21	1.92444368041e+11
22	80749823686.4
23	1.17530302624e+12
24	1.65178284599e+12
25	5.47178865002e+11
26	2.29143449186e+12
27	2.23580027432e+11
28	1.57146613619e+11
29	56499590209.6
30	2.18166756207e+11
31	2.65545345423e+11
32	4.63836378294e+11
