0	1.85977801931e+11
1	2.08548452971e+11
2	1.20258583095e+11
3	5.70950159107e+11
4	6.17868277365e+11
5	1.15171825496e+11
6	1.44933051181e+11
7	2.40161957472e+11
8	90007808374.0
9	1.4906331675e+12
10	5.95496255353e+11
11	6.87549901172e+11
12	2.59713526096e+11
13	87548482741.0
14	2.66840847673e+11
15	1.29222665485e+11
16	25539256333.0
17	90340508298.7
18	1.23842749659e+11
19	1.08465974128e+12
20	4.26740689855e+11
21	74487520243.3
22	1.29243647137e+12
23	2.91411982696e+11
24	1.40633068637e+11
25	2.11189635941e+11
26	2.76572399333e+11
27	7.38426083694e+11
28	2.8536663885e+11
29	4.81226718638e+11
30	1.72185093946e+11
31	88664004701.1
32	1.72507756313e+11
33	2.09162171591e+11
34	1.31337946317e+11
35	2.01533282765e+11
36	1.93437196447e+11
37	1.44038758788e+11
38	17025583341.7
39	1.52631647376e+11
40	3.10821661885e+11
