0	6.51053739678e+11
1	5.34867598884e+11
2	1.19259387286e+12
3	2.72396895449e+11
4	4.37602127768e+11
5	1.68619568185e+12
6	8.86244098283e+11
7	3.91269649181e+11
8	2.69847310349e+11
9	9.52464752749e+11
10	7.26815405057e+11
11	2.60377716809e+12
12	7.64097142344e+11
13	2.11788928056e+11
14	73143409376.8
15	2.81590186021e+11
16	4.74820472878e+11
17	1.04075310648e+12
18	4.0623658783e+11
19	9.08313016778e+11
20	1.26190717537e+12
21	4.1391152095e+11
22	2.96789565933e+11
23	7.23027335787e+11
24	4.91737093094e+11
25	3.22213829682e+11
26	9.86500833365e+11
27	1.86756218359e+11
28	8.07187520429e+11
29	2.87712886079e+11
30	8.22794480091e+11
31	1.03790235929e+12
32	1.61433985376e+12
33	6.68406377345e+11
34	1.21524466963e+12
35	4.72430159519e+11
36	3.79102529706e+11
37	2.15127228109e+11
38	7.27374140403e+11
39	1.09106708822e+12
40	9.19361187202e+11
41	2.40510609706e+11
42	4.68132663189e+11
43	79120287913.9
44	4.61096935133e+11
45	1.97933656449e+11
46	2.20458949692e+11
47	1.54929786798e+11
48	3.02421757101e+11
49	3.73838388329e+11
50	2.02801035386e+11
51	2.88307051889e+11
52	7.58122940741e+11
53	2.56843163868e+12
54	4.02143540012e+11
55	1.27648036328e+12
56	1.80015807318e+12
57	3.50182130627e+11
58	2.26811212884e+11
59	2.42528164707e+11
60	1.85194626255e+12
61	1.1863537673e+12
62	7.12280686955e+11
63	1.97958173708e+11
64	1.30148147042e+11
65	8.76794554226e+11
66	4.45227227313e+11
67	4.525381641e+11
68	3.84291742629e+12
69	2.13395907895e+12
70	2.25440084163e+11
71	2.40344292592e+11
72	2.59107423861e+11
73	1.70644863278e+12
74	3.27032510084e+11
75	1.67489630765e+11
76	1.03494803813e+11
77	1.37124527924e+12
78	9.02655919554e+11
79	1.45202997221e+11
80	2.26158375421e+11
81	3.84078145276e+11
82	5.50613945268e+11
83	1.36391062289e+11
84	4.61404150223e+12
85	8.20719445312e+11
86	2.06289130215e+12
87	81452230633.9
88	61029554263.4
89	1.05723171532e+12
90	1.31148556559e+12
91	3.07443816837e+11
92	1.03649035692e+11
93	6.48236679933e+11
94	7.41900103587e+11
95	4.27454314866e+11
96	2.16063928809e+11
97	1.06944343418e+11
98	75210379520.5
99	5.56623721523e+12
100	5.25825902572e+11
101	1.23817877433e+12
102	6.42473070644e+11
103	4.515501715e+11
104	50208415882.1
105	2.80594726865e+11
106	1.93805786188e+12
107	1.01588489661e+12
108	3.01949679964e+11
109	6.81046651294e+11
110	2.16788727268e+11
111	1.37370647354e+12
112	94582973717.3
113	5.43461258664e+11
114	5.3736483101e+11
115	1.57902163842e+12
116	5.07380529211e+11
117	3.0255986873e+11
118	1.60717294429e+11
119	1.57370004393e+11
120	4.02329446553e+11
121	1.49446371955e+11
122	1.02555746504e+12
123	2.2155132428e+11
124	1.52368927119e+12
125	3.38364210377e+11
126	4.96168721665e+11
127	3.95062779424e+12
128	1.97068207314e+11
129	1.12345221104e+12
130	7.95393272809e+11
131	3.65850226342e+11
132	3.09405063721e+11
133	1.10064788034e+11
134	7.43178274468e+11
135	4.64851976464e+11
136	7.51817266448e+11
137	1.41699944307e+12
138	9.62247644625e+11
139	1.08142083235e+11
140	3.20341234296e+12
141	3.83670404121e+11
142	1.05802431153e+12
143	6.75490631495e+11
144	4.66242848535e+11
145	71437853971.3
146	8.24265105595e+11
147	1.29830127169e+12
148	83627548186.7
149	1.03526148285e+12
150	1.09021990768e+11
151	7.33939076521e+11
152	1.5248346266e+11
153	3.3989501044e+12
154	1.18614895886e+12
155	8.14713863654e+11
156	1.32584878027e+11
157	3.2191566845e+11
158	6.87841068168e+11
159	5.0665980401e+11
160	2.16837564003e+11
161	2.05320077454e+11
162	7.93956964466e+11
163	3.2231242724e+11
164	9.84525717653e+11
165	9.17444600018e+11
166	31431872914.7
167	3.17534209023e+11
168	4.16051348747e+12
169	7.32721633563e+11
170	1.80323312932e+11
171	3.50373705029e+11
172	2.93654591656e+11
173	5.07082567228e+11
174	1.42964130266e+11
175	3.92248998014e+11
176	1.36731241888e+12
177	1.02671232236e+12
178	1.8670758343e+12
179	1.51063799769e+12
180	1.13776228031e+12
181	5.56883918705e+11
182	2.02462060193e+11
183	5.25004465479e+11
184	3.31218167721e+12
185	75355630228.9
186	1.30642450561e+12
187	1.15087837088e+12
188	5.39202336274e+12
189	1.91289948816e+12
190	1.05107431685e+12
191	5.90236391904e+11
192	4.91228548636e+11
193	2.43831153086e+12
194	77270296731.1
195	5.53098380884e+11
196	1.76176408169e+11
197	1.34584793481e+11
198	1.84311366754e+11
199	3.37027891047e+11
200	2.14206774791e+11
201	2.55638751495e+12
202	4.09837357952e+11
203	2.03060724611e+12
204	6.9956960579e+11
205	3.77791131759e+11
206	1.23715097576e+12
207	9.89271743695e+11
208	1.12549101052e+11
209	1.27855136029e+12
210	1.73827803086e+12
211	6.89749315005e+11
212	8.29477929926e+11
213	4.59486773535e+11
214	2.97766824286e+11
215	9.63617555232e+11
216	2.00324992761e+12
217	1.14006769204e+12
218	5.06769625626e+11
219	1.84287517347e+12
220	4.21775907039e+11
221	1.06703238353e+11
222	5.01008953687e+11
223	4.56381188078e+11
224	7.26863239361e+11
225	6.16593614021e+11
226	3.35096912114e+11
227	6.3068652004e+11
228	56839879243.4
229	2.51529068801e+11
230	1.73459427779e+12
231	3.59000436973e+11
232	9.07653826505e+11
233	8.50541684804e+11
234	6.33283915074e+11
235	2.14682183876e+12
236	2.48521178343e+11
237	9.28185253351e+11
238	1.35946775144e+11
239	8.97748106e+11
240	3.38397226781e+11
241	8.64722045073e+11
242	2.17061417927e+11
243	45622104323.5
244	1.17495644195e+11
245	6.74590028747e+11
246	7.92126697758e+11
247	1.67310049303e+11
248	1.45647723146e+11
249	4.96893867073e+11
250	2.88203672758e+11
251	4.02774102898e+11
252	1.12321406407e+11
253	6.5367605532e+11
254	2.65894113988e+11
255	4.13827060098e+11
256	6.97438644867e+11
257	3.99894234226e+11
258	7.18630611066e+11
259	2.65142260365e+11
260	5.8197661113e+11
261	5.16366521436e+11
262	1.12193074383e+11
263	2.43010977394e+11
264	1.87928811889e+12
265	1.25969025901e+12
266	2.43244227358e+11
