0	2.79775701086e+11
1	3.44669816318e+11
2	1.85734585688e+11
3	3.04912657396e+11
4	5.50038847805e+11
5	3.01602738036e+12
6	59721782396.7
7	5.9122259452e+11
8	9.08354209166e+11
9	1.02938428111e+11
10	38373046938.2
11	48079796790.9
12	9.04017081776e+11
13	3.4449417984e+11
14	1.06477721553e+11
15	3.24706030411e+11
16	3.71516919805e+11
17	1.05744794792e+11
18	6.12874948843e+11
19	85573686406.1
20	3.54987100575e+11
21	1.45046210935e+11
22	3.63830221654e+11
23	3.75453789077e+11
24	2.34117045711e+12
25	73055841818.3
26	1.00499211907e+12
27	1.38802620002e+11
28	2.8697110635e+12
29	3.0836217549e+11
30	1.02060574141e+11
31	4.52748856567e+11
32	1.92677140461e+11
33	5.10115414909e+11
34	2.44704361629e+11
35	1.7236821712e+11
36	4.05658183243e+11
37	1.680785057e+11
38	86063314319.0
39	9.6468629999e+11
40	3.70618400479e+11
41	3.24929926913e+11
42	6.31992976026e+11
43	2.72847246742e+11
44	4.0023034812e+11
45	4.07277331457e+11
46	1.47177707585e+12
47	1.01502094257e+12
48	2.07142481261e+11
49	4.34906618354e+11
50	3.35401702984e+11
51	3.35362308131e+11
52	7.5044441856e+11
53	3.50844014217e+11
54	1.38162785848e+11
55	2.25184730348e+11
56	91147631805.6
57	5.29362538353e+11
58	4.52052732382e+11
59	4.06180888099e+11
60	69125293047.5
61	8.70710559005e+11
62	5.67274729014e+11
63	3.39351192776e+11
64	1.02823362029e+11
65	2.80067512272e+11
66	2.06108875566e+12
67	2.5824010348e+11
68	2.20081748588e+11
69	8.43683814351e+11
70	1.95022789387e+11
71	2.82019196479e+11
72	5.78569061225e+11
73	2.34149941044e+11
74	2.86502842591e+11
75	4.3703742413e+11
76	46065076871.2
77	65740721138.7
78	8.57068998813e+11
79	3.36123874407e+11
80	64693386281.0
81	5.00621587904e+11
82	1.38149769635e+11
83	4.07902053279e+11
84	2.15597135572e+11
85	2.26496171028e+11
86	2.40747893442e+11
87	4.8419249968e+11
88	1.18531895763e+11
89	2.50671268468e+11
90	1.95728687075e+11
91	4.91064088007e+11
92	1.97601345463e+11
93	1.11854097555e+11
94	2.46769909117e+12
95	2.8377873958e+11
96	3.07417870317e+11
97	2.63902186234e+11
98	7.3791420567e+11
99	6.21865467897e+11
100	7.05718832395e+11
101	2.21355993717e+12
102	5.67512247513e+11
103	1.18612595597e+11
104	7.84279680945e+11
105	1.13816429413e+11
106	2.29924403492e+11
107	4.67027169173e+11
108	2.36045986119e+11
109	7.86029838522e+11
110	1.64213716142e+11
111	9.40445537686e+11
