0	7.70304111048e+11
1	1.6019219233e+12
2	4.16939796194e+12
3	1.49891357293e+12
4	8.31972575855e+12
5	4.69441689423e+11
6	1.61689885167e+12
7	4.67938847369e+11
8	6.72771212467e+12
9	1.87304746218e+12
10	5.34317988768e+12
11	5.05848871018e+12
12	1.04297398871e+12
13	2.84246689191e+12
14	3.57236378459e+12
15	1.97313864662e+11
16	1.5930858132e+12
17	4.91605598895e+12
18	1.20142985073e+12
19	2.45130303923e+11
20	1.18442469447e+12
21	2.51910757189e+12
22	5.8818451503e+11
23	1.49285695052e+12
24	1.13984551918e+13
25	1.32451640535e+12
26	6.28401585757e+11
27	3.74234846312e+12
28	1.1474879825e+13
29	2.84617621505e+12
30	2.48910533665e+12
31	8.41235831768e+11
32	1.10122103451e+12
33	2.12860643267e+12
34	8.38376136147e+11
35	8.42201864579e+11
36	4.8464232998e+12
