0	4.0260527387e+11
1	5.5478014011e+11
2	2.08837009695e+12
3	5.91635534669e+11
4	2.9191290454e+11
5	3.94715382715e+11
6	3.10209248035e+11
7	1.41100967299e+12
8	76490338766.2
9	1.38642702216e+11
10	1.24022951703e+12
11	1.60898781186e+11
12	7.9586912714e+12
13	8.12472611844e+11
14	1.09689706273e+11
15	2.47552834269e+11
16	3.27771897479e+11
17	1.21174763951e+12
18	2.68291562778e+11
19	2.41391296771e+11
20	9.91783985664e+11
21	8.28179340355e+11
22	5.47799766614e+11
23	6.24009603177e+11
24	48449955018.1
25	1.91615071562e+11
26	4.3878934152e+11
27	41725025425.5
28	3.47130781899e+11
29	1.66635585816e+12
30	7.136139478e+11
31	1.61590976669e+11
32	2.14232831622e+11
