0	2.64344587716e+12
1	8.17044564193e+11
2	1.05957813872e+12
3	1.29854833117e+12
4	1.90159913887e+13
5	2.54815391074e+12
6	1.80236435138e+12
7	5.03852942247e+12
8	3.38825844316e+12
9	2.0564631522e+12
10	2.05956738933e+12
11	2.730614953e+11
12	3.65308907033e+12
13	1.31173924113e+12
14	2.42855045607e+12
15	3.0367742299e+12
16	1.95067357558e+12
17	3.67591388968e+12
18	2.55519032905e+12
19	9.95714704358e+12
20	3.14180890777e+12
21	1.43327445016e+12
22	1.21265212729e+12
23	1.27035351742e+12
24	1.74224736207e+12
25	1.83942047516e+12
26	7.61383358611e+11
27	3.04903360358e+11
28	1.26951868097e+12
29	3.16625291865e+12
30	2.14750345064e+12
31	8.2153920168e+11
32	3.10082221226e+11
33	3.23175194481e+12
34	3.290475881e+12
35	2.19602368258e+12
36	4.85147064499e+11
37	3.99632833087e+12
38	3.36140174781e+12
39	8.69621407449e+11
40	2.07651840655e+12
41	5.29005128414e+12
42	2.32918679964e+12
43	6.18476880526e+11
44	5.12399905577e+11
45	1.28363824409e+12
46	2.16691350973e+12
47	4.17703194762e+12
48	1.34865010136e+12
49	3.92139590001e+12
50	3.62838806085e+12
51	2.11911364815e+12
52	7.1437187688e+12
53	4.93379889564e+11
54	9.65689061845e+11
55	4.20692883752e+12
