0	1.81626320212e+11
1	1.42705337434e+12
2	78145050065.7
3	1.30240982328e+11
4	8.04003275113e+11
5	1.77513890645e+11
6	1.26491645985e+11
7	7.82305947396e+11
8	1.07578810328e+12
9	1.07507043775e+11
10	2.62697459983e+11
11	4.1411550767e+11
12	2.57773612902e+11
13	79936922616.9
14	55926447834.8
15	3.83251471147e+11
16	1.9420238978e+11
17	2.63876218698e+11
18	6.15372956656e+11
19	1.92679896191e+11
20	1.26503984169e+11
21	3.50427300256e+11
22	4.70418639535e+11
23	1.32720739648e+12
24	96846778786.0
25	3.68016698552e+11
