0	2.1269400728e+12
1	8.13579354115e+11
2	8.07124860988e+11
3	4.72012068648e+12
4	1.01178815758e+12
5	1.39162787643e+12
6	2.67650755417e+12
7	4.58238488597e+12
8	1.18346793089e+12
9	7.56144949072e+12
10	1.06804316007e+12
11	2.4779288289e+12
12	2.49457668765e+12
13	1.00291307076e+12
14	1.76702640648e+12
15	7.24123088895e+12
16	1.74853039874e+12
17	5.42716297132e+11
18	1.02698500411e+12
19	1.70481574485e+12
20	1.9743880908e+12
21	2.98074442521e+12
22	9.45393494602e+11
23	3.07959819235e+12
24	2.70816980569e+12
