0	1.93958589727e+12
1	2.03910198459e+12
2	2.37677144193e+12
3	1.01426535263e+11
4	2.14707872921e+12
5	8.7205028301e+11
6	7.06786990809e+12
7	1.49188370723e+12
8	1.00040572382e+12
9	9.31781842958e+12
10	1.08113498151e+12
11	1.30953348259e+12
12	2.31501818788e+12
13	3.08578303918e+11
14	1.17886484766e+12
15	2.08633592072e+12
16	4.2075738623e+12
17	1.70793017654e+12
18	1.62171866369e+12
19	1.62312810613e+11
20	7.9643867759e+11
21	1.65818931834e+12
22	1.18631990526e+12
23	2.25462017207e+12
24	1.74664195585e+12
25	5.71032448883e+12
26	1.6947801219e+12
27	1.19370893457e+12
28	2.14374322635e+12
29	3.7226883789e+12
30	3.86770677537e+12
31	2.22445364924e+12
32	3.41550248927e+12
33	1.12444732266e+13
34	1.45914321064e+12
35	7.40003851005e+12
36	1.69849493188e+12
37	4.20217099129e+11
38	1.78413082266e+11
39	3.63454595172e+12
40	1.08723827348e+13
41	1.14889554165e+12
42	2.0535597194e+12
43	7.38497646005e+11
44	7.48935987235e+11
45	2.31802182663e+11
46	3.16219972325e+11
47	1.48291920119e+12
48	8.90038584511e+11
49	2.63049879896e+12
50	2.55025359478e+12
51	3.39068157465e+12
52	2.05040166429e+12
53	2.81406463743e+12
54	4.26469903622e+11
55	1.62335346055e+12
56	2.20128851045e+12
57	2.15186526401e+12
58	4.37631169712e+11
59	4.33645854452e+12
60	1.07972385195e+12
61	1.24998249459e+12
62	3.92388875133e+12
63	2.66250926067e+12
64	3.06597198261e+12
65	8.61378866721e+12
66	3.68081936947e+12
67	3.22489951909e+12
68	1.08351195416e+12
69	4.29729283578e+11
70	4.37913827196e+12
71	3.69739610942e+12
72	6.21202836019e+12
73	3.33316618865e+12
74	2.4120055855e+11
75	5.40600682482e+11
76	4.15782516629e+12
77	1.16617353182e+12
78	6.21874356779e+12
79	2.95826936543e+12
80	1.4237554692e+12
81	4.49599185981e+12
82	8.54821649687e+11
83	1.29022028688e+12
84	7.23619781246e+12
85	1.47334184013e+12
86	2.28092269041e+11
87	1.54034145941e+12
88	1.7779280656e+12
89	2.14640507481e+12
