0	10741.574171
1	23591.5531923
2	25706.2263034
3	16387.7877678
4	12081.8716311
5	138276.894991
6	7449.41113774
7	2749.87397782
8	2397.05888184
9	19040.6519551
10	32127.1352221
11	30501.2478699
12	4315.50807801
13	21515.056956
14	39452.59507
15	3498.31634193
16	5237.73958475
17	35144.832811
18	6311.63783104
19	22022.6186088
20	39185.3000396
21	12686.8083348
22	9228.564222
23	7721.9921819
24	3651.92540439
25	3609.93431828
26	14317.6673345
27	10800.7978905
28	22540.31973
29	6181.59573056
30	31967.941667
31	6002.09887551
32	13583.5575008
33	8389.49790475
34	15515.1868865
35	27457.6556609
36	7729.51832123
37	16922.2380201
38	9700.54351787
39	22556.7532576
40	4057.43282732
41	24600.7541321
42	51449.765229
43	3374.76214381
44	17479.2508069
45	9316.95778206
46	8768.64513606
47	29507.6731501
48	20851.5952761
49	58704.1701779
50	10453.9178464
51	6456.85147271
52	13270.5658542
53	33189.8212673
54	8408.93264243
55	47214.205575
56	37498.4544883
57	9463.79000227
58	55318.1711652
59	21533.6407194
60	15704.7542051
61	2987.44185651
62	28823.1067556
63	8971.32681239
64	32705.8521632
65	8229.27146752
66	67116.4228174
67	38377.5755867
68	10751.6389301
69	3193.23664717
70	32057.8293695
71	24402.7425153
72	23279.3042561
73	12011.9984953
74	13598.7039506
75	17783.0216968
76	15594.2026014
77	9696.30095358
78	2152.45816174
79	23616.1411224
80	4463.27712336
81	46912.3136376
82	6033.18023204
