0	6.78702701525e+11
1	3.71635130846e+12
2	3.91035358883e+12
3	1.19842373767e+12
4	6.95176783733e+11
5	1.29785322718e+12
6	5.08772672534e+12
7	2.41952980028e+12
8	3.85033762508e+12
9	2.45160019676e+12
10	6.81860966833e+11
11	95211932519.6
12	5.10014530082e+12
13	9.77616158584e+11
14	3.02862888484e+12
15	3.24871388813e+11
16	1.81769895483e+12
17	2.13544505246e+13
18	1.8701641343e+12
19	1.26594418474e+12
20	5.08097111982e+12
21	3.54177195988e+11
22	1.60962022326e+12
23	1.1867854182e+13
24	2.25928589313e+12
25	2.77837827055e+12
26	2.90202119955e+12
27	8.01303074236e+11
28	7.59788846528e+12
29	7.50695946633e+11
30	4.19096011018e+12
31	9.51452884029e+11
32	3.72422931541e+12
33	7.97458635923e+12
34	3.90461087853e+12
35	7.18572499905e+11
36	2.72493725975e+12
37	1.70843886969e+12
38	8.2468101338e+11
39	5.41843712358e+11
40	4.81427044357e+11
41	6.30040632667e+12
42	2.86476327893e+12
43	4.81119660492e+11
44	1.59215083881e+12
45	4.24509571103e+12
46	1.299285372e+12
47	5.30777983602e+12
48	4.60676795465e+12
49	1.4960405212e+12
50	1.28321244948e+13
51	2.42963435464e+12
52	6.50842827524e+11
53	2.20676984406e+13
54	4.47184010027e+12
55	1.02348101817e+12
56	1.53547269547e+12
57	2.02665680777e+12
58	2.66764288107e+12
59	2.1582600166e+12
60	1.78566138688e+12
61	1.44087087949e+11
62	4.23243941131e+12
63	8.22310388158e+11
64	4.56766253354e+12
65	1.19666180471e+12
66	3.0830966034e+12
67	9.83839310135e+11
68	1.07535170747e+12
69	3.16416298337e+12
70	2.27559884047e+12
71	3.96485266702e+12
72	1.47503837703e+12
73	1.35991153592e+12
74	2.78790031814e+11
75	1.60515023929e+13
76	2.06855320452e+12
77	1.97287339447e+12
78	7.47883751874e+11
79	2.38347544811e+11
80	5.31088221957e+12
81	6.81600490163e+12
82	5.0082561934e+12
83	8.54622524329e+11
