0	6.12999277659e+11
1	2.06998835952e+11
2	9.9847590532e+11
3	2.10262509236e+11
4	7.54945345809e+11
5	4.90970114774e+11
6	3.56485400528e+11
7	1.97930481138e+11
8	4.86344918318e+11
9	2.38727607488e+11
10	5.6484770767e+11
11	6.25527196085e+11
12	4.15630792551e+11
13	5.77343219032e+11
14	4.59222822674e+11
15	7.55223654103e+11
16	1.25913863693e+11
17	6.21938037146e+11
18	2.19983439112e+12
19	5.77993048218e+11
20	5.13884157987e+11
21	1.40013584766e+11
22	3.00665536294e+12
23	6.69008250828e+11
24	3.34320844805e+11
25	2.98198697228e+11
26	1.1826770981e+12
