0	4.93275824746e+12
1	1.06504254343e+12
2	9.80159345828e+11
3	6.86664460609e+11
4	5.66139107767e+11
5	7.01381104375e+11
6	6.69390927084e+11
7	1.32086771592e+12
8	6.04851870694e+11
9	3.73312959247e+11
10	1.67757607897e+12
11	1.15622667723e+12
12	2.45711072415e+12
13	7.55145951156e+11
14	5.77604765163e+11
15	1.80402426617e+12
16	7.72213438119e+11
17	7.92695081972e+11
18	1.98705679741e+12
19	8.04305513537e+11
20	1.7435386822e+12
21	4.81019932722e+11
22	7.06859000879e+11
23	6.51412653035e+11
24	3.59364845278e+11
25	1.26792489911e+12
26	2.96951693775e+11
27	8.64417930471e+11
28	8.87463738185e+12
29	1.30528082428e+12
30	1.49048926405e+12
31	7.67520369627e+11
32	2.08763878734e+11
33	7.71796370487e+11
34	1.70643119893e+12
35	9.31364772954e+11
36	1.11223800366e+12
37	2.11797328573e+12
