0	1.1054734276e+12
1	5.20812849595e+11
2	2.21041596073e+11
3	93667925675.3
4	1.1009097117e+12
5	51811745562.5
6	68729555471.6
7	3.22609138963e+12
8	1.86985776779e+12
9	2.24493627265e+12
10	1.07041694344e+12
11	8.27051934142e+11
12	4.49434407103e+11
13	3.64443951129e+11
14	2.04466581168e+11
15	1.12554500419e+12
16	1.06194975895e+12
17	4.81430664179e+12
18	9.31434709266e+12
19	2.44693294601e+11
20	8.32453508031e+11
21	8.11360135089e+11
22	9.97534636989e+11
23	1.03409385073e+11
24	3.01561246343e+11
25	9.99930924692e+11
26	2.44903501521e+11
27	1.58087039038e+11
28	61084539142.0
29	1.54683129263e+12
30	2.12490957074e+12
31	7.92805873267e+11
32	5.92090952417e+11
33	1.45341470228e+11
34	9.33615117572e+11
35	9.29752891408e+11
36	1.52267057179e+11
37	4.5787532278e+11
38	6.15386461176e+11
39	2.54174973164e+12
40	3.5580956907e+11
41	1.10335913542e+12
42	8.27871920474e+11
43	1.49569059614e+12
44	1.09360160141e+12
45	1.34875808093e+12
46	3.70379141584e+12
47	1.44710347927e+12
48	1.1079921154e+12
49	2.27570332868e+12
50	5.84169527563e+11
51	2.57861263032e+12
52	4.97967563024e+11
53	2.27898772988e+11
54	6.03437341844e+11
55	3.77451774786e+11
56	1.61300977938e+11
57	1.9830067245e+11
58	4.16889360674e+11
59	2.06821569485e+11
60	1.72139774659e+11
61	33909620980.9
62	3.22947548394e+11
63	4.92480613874e+11
64	1.37486367022e+12
65	5.6897693232e+11
66	27817310769.6
67	88164769546.8
68	4.26800322131e+11
69	1.87166289617e+11
70	5.49326062675e+12
71	5.28256038732e+11
72	2.56132961242e+11
73	2.80676717041e+11
74	4.69253518567e+11
75	6.04119414238e+11
76	3.25403342385e+11
77	2.67057373513e+12
78	7.40032086131e+11
79	1.6521092948e+12
80	7.32598439423e+11
81	4.44547755569e+11
82	6.03999081585e+11
83	1.67079841566e+12
84	1.652657313e+11
85	6.0471953153e+11
86	4.41868994886e+11
87	9.63888900354e+11
88	4.75437342356e+11
89	2.41963246363e+12
90	42437904235.8
91	4.76944999183e+11
92	94693346779.3
93	1.80447631547e+12
94	1.29092672556e+13
95	1.01452294602e+12
96	3.81197479263e+11
97	2.22970678274e+11
98	5.54285004373e+11
99	1.14081848459e+12
100	1.0992981187e+11
101	1.58900427423e+11
102	2.15455604129e+11
103	2.10262023795e+12
104	2.28757780285e+11
105	1.18614505412e+11
106	2.91198438257e+11
107	4.82082530255e+11
108	2.83871419548e+11
109	1.06692102918e+12
110	4.08779075881e+12
111	4.64233664276e+11
112	6.42930613581e+11
113	7.57797102603e+11
114	2.86621984241e+11
115	2.11149589421e+12
116	1.931037681e+11
117	3.66580243462e+12
118	3.95686151588e+11
119	3.17040041242e+11
120	2.01735546081e+11
121	3.19567283084e+11
122	4.71814407825e+11
123	2.48288669431e+12
124	9.69639812056e+11
125	2.85119930083e+11
126	2.52456010964e+11
127	4.1250551512e+11
128	2.99916346559e+11
129	6.9637918148e+11
130	1.46974651941e+12
131	1.06720592775e+11
132	1.53848157923e+12
133	2.04448418783e+12
134	7.16624832029e+11
135	3.10628175116e+11
136	2.72723911834e+11
137	2.82502094491e+11
138	1.99432309676e+12
139	1.72072312876e+11
140	2.35261104765e+11
141	5.47537699915e+11
142	7.98118724586e+11
143	9.83050634387e+11
144	2.88292990541e+12
145	4.35876060485e+11
146	5.42681849149e+11
147	1.62346690601e+11
148	1.52207267049e+11
149	7.62344389443e+11
150	1.71287274113e+12
151	9.58701358647e+11
