0	2.42261315253e+11
1	1.15892134223e+12
2	70556764010.3
3	2.64939726163e+11
4	2.0336865554e+11
5	63836279536.0
6	1.40968439964e+11
7	1.55890234723e+11
8	6.18578559249e+11
9	67397450218.9
10	4.30689563209e+11
11	45691646848.6
12	2.22446437271e+11
13	45097588514.1
14	1.19062592681e+12
15	1.81869960365e+11
16	3.69311258867e+11
17	5.96805142314e+11
18	2.25724145277e+11
19	1.87693544339e+11
20	3.03594743774e+11
21	3.85965261367e+11
22	50313799083.1
23	3.72368870598e+11
24	1.12613956736e+11
25	17691032575.5
26	21108132733.8
27	76917171792.7
28	1.78392373363e+11
29	4.17378470008e+11
30	2.28821392289e+11
31	81857487507.3
32	7.35266261582e+11
33	2.70589103086e+12
34	96625609628.3
35	1.36622801197e+11
36	1.4847434931e+11
37	1.1603018639e+12
38	5.19233453057e+11
39	1.932972221e+11
40	1.9205044753e+11
41	2.47895030289e+11
42	1.50541645326e+11
43	2.33000838876e+11
44	1.7105852474e+11
45	4.89587901972e+11
46	8.31679022211e+11
47	2.60775633493e+11
48	37378150914.3
49	1.69022524604e+11
50	2.4347668381e+11
51	1.06978328977e+12
52	7.10071794799e+11
53	28421352608.1
54	1.32345585493e+12
55	2.92639481178e+11
56	1.50282656939e+11
57	51276419975.8
58	6.63244313983e+11
59	1.80692116507e+12
60	3.64223216224e+11
61	1.34794538226e+11
62	4.42251262198e+11
63	73700612044.9
64	3.77518076768e+11
65	6.26430107264e+11
66	5.1463926127e+11
67	1.10310136354e+12
68	48364771547.1
69	4.78328534369e+11
70	3.74134994727e+11
71	2.13119984692e+11
72	1.54495930623e+11
73	2.38096183978e+11
74	1.55966809704e+11
75	1.09882227242e+12
76	2.12262907743e+11
77	1.71444160225e+11
78	2.38306392441e+11
79	3.40523483958e+11
80	1.8034963024e+12
81	1.30918462191e+11
82	2.53818240345e+12
83	1.82860853948e+12
84	2.01513919451e+12
85	1.04016203668e+11
86	2.01854585098e+12
