0	1.10877001518e+12
1	1.47969853901e+12
2	3.09407602146e+11
3	2.1963135598e+12
4	4.15549930848e+11
5	5.9060635112e+12
6	1.76528236518e+12
7	9.46599217508e+11
8	2.23000251914e+11
9	1.0420575855e+12
10	6.65542422309e+11
11	3.41104831812e+12
12	8.28997334871e+11
13	1.84150238236e+11
14	9.09971462344e+11
15	3.09953056406e+11
16	4.63863080269e+12
17	4.94250199367e+11
18	2.95475977668e+12
19	4.41053247033e+11
20	1.64083293758e+11
21	1.12864520858e+12
22	7.21190674935e+11
23	2.97408765788e+12
24	7.48034663134e+11
25	8.56087491318e+11
26	1.46687177828e+12
27	4.77631153191e+11
28	8.25964882664e+11
29	3.97721097229e+11
30	1.7390572303e+12
31	1.11201042202e+12
32	7.8877358522e+12
33	1.42625202383e+12
34	3.65499210995e+12
35	1.78075469685e+12
36	2.87172623312e+12
37	4.58775845064e+12
38	6.17147000514e+11
39	1.29889494355e+12
40	5.38238169285e+11
41	3.07932779451e+12
42	4.11524532659e+12
43	1.05880401731e+12
44	2.74728012298e+12
45	2.96333706798e+11
46	3.18783964362e+12
47	3.96077996359e+12
48	1.49836169539e+12
49	1.26299661119e+12
50	1.2864287032e+11
51	1.83072665066e+12
52	8.55613178771e+11
53	1.48284484299e+12
54	2.33868384217e+11
55	9.98610222652e+11
56	1.38988297545e+12
57	1.37168717218e+12
58	2.92636282925e+12
59	1.87871569283e+11
60	1.20123636149e+13
61	2.76471110259e+11
62	5.95165178644e+11
