0	9433.23679542
1	757.840510456
2	47817.1185791
3	6239.46847532
4	724019.665406
5	88217.1438591
6	14000.7353095
7	14343.1386542
8	3290.91283357
9	97088.6488386
10	757.8368441
11	31477.4096723
12	20155.8371667
13	24261.7888384
14	18882.0196561
15	113107.872088
16	29016.7687085
17	11403.1613976
18	8508.24502795
19	1607.57487704
20	15775.8933841
21	37464.0572665
22	10858.4937975
23	13081.6714701
24	723.383138138
25	96356.1964699
26	18105.681602
27	26485.6717141
28	4105.55485933
29	1450.97055452
30	8328.98732476
31	34923.9429566
32	9770.40298541
33	43906.1817901
34	99339.6952815
35	36812.012293
36	2991.93310088
37	3352.71294175
38	27177.2113105
