0	1.10084344245e+12
1	5.08272563489e+11
2	4.73474605374e+11
3	3.66612449497e+11
4	6.29782549055e+11
5	2.32942028648e+11
6	2.65121682524e+12
7	2.11214067771e+11
8	1.00490567681e+12
9	5.37848680307e+11
10	2.07465531561e+11
11	1.00563950003e+12
12	4.54136679296e+11
13	2.75036291938e+11
14	6.93129215266e+11
15	2.48263734275e+12
16	2.46395331664e+11
17	9.21172098883e+11
18	1.84478577922e+11
19	2.79239357582e+11
20	5.16757610096e+11
21	9.8239729722e+11
22	8.95029184701e+11
23	1.72951904005e+11
24	4.90271786232e+11
25	1.98942940946e+11
26	2.26668427572e+12
27	7.36452370807e+11
28	1.42310260912e+12
29	3.95165512921e+11
30	79093663268.6
31	7.01143702275e+11
32	2.03278253273e+11
33	6.98329813713e+11
