0	15218.7338932
1	14544.8786411
2	18131.7378532
3	47664.0844596
4	3784.24848477
5	10609.5393676
6	83278.133061
7	4024.39545733
8	7456.28229306
9	3826.91958063
10	76020.8132418
11	13840.6696691
12	83065.8346293
13	43126.7971461
14	98831.6446985
15	8607.61335096
16	15730.9108273
17	576.158448692
18	1838.2306723
19	11549.5017354
20	98210.9737252
21	17516.5077238
22	18155.7750934
23	60335.4111162
24	10027.860252
25	15444.6701603
26	1997.86336117
27	5707.99707434
28	2270.04949444
29	55031.7824003
30	118103.454734
31	37399.3571645
32	32019.7347463
33	77954.076365
34	13567.0490739
35	8285.8576424
36	14294.3921308
37	103727.545136
38	5626.0587479
39	3223.82255971
40	60578.1588309
41	35698.0502083
42	13534.1741997
43	16105.1019659
44	3874.30195239
45	107971.42663
46	49054.6023762
47	14608.8911017
48	2758.72643262
49	85400.520144
50	27170.9138849
51	10102.2723687
52	2174.6830075
53	8949.6763102
54	150955.005542
55	4900.93049788
56	16356.8007345
57	1737.94950608
58	7956.3619022
59	3578.86465345
60	14213.2961583
61	11042.561348
62	13399.1665711
63	8890.32041958
64	13631.8706117
65	10250.0172176
66	31570.950826
67	29156.4061795
68	21268.6042842
69	31410.0646222
70	13592.9421518
71	56207.9526603
72	2543.59614036
73	2941.58826316
74	23718.2234679
75	3220.09508437
76	43313.9910185
77	14651.3149283
78	2696.84282542
79	6147.59598934
80	60291.7038012
81	5650.94756888
82	37691.5976938
83	53416.5237192
84	2385.56733401
85	39057.3989548
86	24163.200905
87	12391.7751965
88	16605.1878139
89	5162.43357162
90	6229.7188296
91	21479.3003738
92	30360.380273
93	33702.7640894
94	6299.63353733
95	259068.738873
96	89665.3909005
97	12531.8120932
98	120145.253653
99	21691.0516859
100	24102.8464307
101	6116.33725368
102	179237.967988
103	3352.23896937
104	17465.3295271
105	9394.80569604
106	8651.33286522
107	7076.73102962
108	63584.3136838
109	12751.4264244
