0	4.97819583556e+11
1	80422533248.1
2	3.81462671633e+11
3	5.32562238916e+12
4	1.13770440699e+11
5	47993843553.8
6	4.45114635053e+11
7	5.31414529767e+11
8	6.13930065694e+11
9	5.29957918174e+11
10	25435967556.1
11	2.69559779757e+11
12	44103481271.7
13	2.09542587544e+11
14	5.87320600266e+11
15	3.48773754642e+11
16	3.70232084665e+11
17	3.98631757377e+11
18	1.11770976262e+12
19	36389180967.1
20	74816354118.2
21	4.17707750187e+11
22	3.7460926677e+11
23	1.26595554538e+12
24	3.16096553287e+11
25	6.98426410047e+11
26	2.16766858218e+11
27	1.86594753107e+11
28	8.56116962557e+11
29	1.29971818702e+11
