0	5.81455744468e+11
1	1.78999160917e+12
2	3.53294276246e+12
3	2.42651944118e+12
4	3.09799022434e+12
5	1.70108388784e+12
6	1.22583923386e+12
7	5.55489337748e+12
8	6.72906626726e+11
9	1.09076493447e+12
10	1.67688712305e+12
11	3.95841263731e+12
12	1.03020748645e+12
13	1.00724346602e+12
14	2.57682348454e+11
15	4.19817787329e+11
16	1.04051441574e+12
17	1.58546396e+12
18	7.94911335432e+11
19	1.65559576133e+11
20	1.47540932939e+12
21	2.85073939916e+12
22	1.97662366064e+12
23	1.6946992448e+11
24	4.15387193991e+11
25	2.84716663242e+12
26	1.20193894875e+12
27	4.66800188262e+11
28	4.88198286949e+11
29	6.43228658277e+11
