0	1.33452381556e+12
1	2.17375026039e+12
2	9.78390712922e+11
3	2.99818371185e+11
4	7.21694464185e+12
5	8.0080121256e+11
6	1.57888039348e+12
7	3.26063301474e+12
8	2.16322376448e+11
9	3.43494753292e+12
10	4.60202688641e+12
11	2.42159905845e+11
12	1.89046662937e+12
13	8.72106152236e+11
14	7.16995792617e+12
15	7.70895158877e+11
16	3.1594315277e+12
17	8.71732364825e+11
18	2.01590744639e+12
19	5.63713412092e+11
20	5.01222206724e+11
21	1.76965219491e+12
22	8.29420808129e+12
23	5.27655581341e+11
24	6.56149037412e+11
25	1.32211874362e+12
