0	66916821378.4
1	5.45908315121e+11
2	2.79355897453e+11
3	9.29074591597e+11
4	2.20646485027e+11
5	6.91828250424e+11
6	25655632233.5
7	3.36135649938e+11
8	1.54631222467e+11
9	4.3567826269e+11
10	1.52450625607e+12
11	24016081917.1
12	4.84885341705e+11
13	1.47089977637e+12
14	8.62779162653e+11
15	1.06543605613e+11
16	6.53380602153e+11
17	1.78570824635e+11
18	4.81666673019e+11
19	2.74028748546e+11
20	1.15813609337e+12
21	67268722302.9
22	5.27084135189e+11
23	1.44011599554e+11
24	2.28142520688e+11
25	2.87319103422e+11
26	3.55431665873e+11
27	6.04356702631e+11
28	2.32161226546e+11
29	7.79873563549e+11
30	47395407214.8
31	78903544657.2
32	2.3697272252e+11
33	3.26529408769e+11
34	1.32249853299e+11
35	3.78038246893e+11
36	1.99950189917e+12
37	5.47104055204e+11
38	2.57126437968e+11
39	81771250776.9
40	2.59807256027e+11
41	6.06836946863e+11
42	1.01772855713e+11
43	1.40258550338e+11
