0	4.28898248927e+13
1	7.52782155619e+12
2	2.66747908032e+12
3	1.99475752067e+12
4	4.31571263291e+12
5	8.00775553952e+12
6	1.95574652519e+12
7	5.22247607818e+12
8	1.85862797337e+13
9	7.66683044832e+12
10	4.58077477155e+12
11	2.58252718895e+13
12	7.52986407021e+12
13	2.00493672224e+12
14	5.64579965221e+11
15	1.2240387018e+12
16	1.45470408737e+13
17	1.69553816072e+12
18	5.08062146682e+12
19	4.70264604302e+12
20	8.32443895816e+11
21	4.72848290778e+12
22	1.94837374666e+11
23	1.21499036942e+12
24	1.19712269344e+13
25	2.49387289056e+12
26	2.32781139678e+12
27	1.58639841093e+13
28	1.6590047492e+12
29	1.63542839596e+12
30	7.39997464367e+11
