0	3.07390606002e+11
1	1.52074301618e+12
2	2.32789579567e+11
3	1.30845181812e+12
4	7.84179791969e+11
5	6.94920871775e+11
6	6.49413647236e+11
7	6.28165451092e+11
8	3.65711540237e+11
9	3.40018465667e+12
10	6.32317397708e+11
11	9.46674853992e+11
12	5.36447224492e+11
13	6.07520790822e+11
14	1.91384047916e+12
15	1.19429501297e+12
16	1.96775290035e+12
17	5.91860419033e+12
18	2.21596047047e+12
19	4.66817687113e+11
20	7.28849209932e+11
21	7.60397833695e+11
22	9.83550469357e+11
23	2.16559821918e+11
24	6.07854138871e+11
25	3.12996898959e+11
26	1.08585780776e+12
27	5.43133964648e+11
28	1.62572016957e+12
29	4.09272973111e+11
30	1.70414958184e+12
31	3.37285342754e+11
32	6.66709071548e+11
33	1.3209538985e+12
34	7.57286228515e+11
35	4.31608119952e+12
36	2.56183622737e+11
37	1.42452428896e+11
38	1.08874715129e+12
39	8.04582476165e+11
40	2.42879456261e+12
41	5.740649635e+11
42	4.45457226947e+11
43	2.80627028894e+12
44	9.86955234672e+11
45	9.69704220388e+11
46	3.96152469983e+12
47	1.73426347679e+12
48	2.75347205325e+11
49	1.64551269088e+11
50	1.20369409622e+12
51	5.32418741121e+11
