0	4348.75216353
1	25066.2905649
2	2948.20009929
3	13626.8923831
4	2541.40655371
5	1829.9526811
6	7222.86387498
7	587.94162814
8	1289.4592296
9	386.90611602
10	5102.1905045
11	111.398245581
12	1213.49868775
13	2185.57691554
14	956.678315667
15	646.081384561
16	4394.65052753
17	1506.25497504
18	10759.5733401
19	1367.18515436
20	2120.63306215
21	596.909404971
22	2641.26316999
23	3362.38101247
24	2253.01886487
25	1773.197219
26	3015.08476839
27	4398.85847905
28	3011.84690714
29	478.665390186
30	2083.31831278
31	1881.41263384
32	3973.4530931
33	996.646386939
34	7565.71915111
35	1262.8598792
36	105.348053467
37	2089.04977163
38	831.774052306
39	233.759138287
40	351.791961511
41	5986.74186497
42	203.391892014
43	9192.06585133
44	1942.64358009
45	7791.91977947
46	14081.4456761
47	343.867745665
48	1593.47161864
49	1346.72463633
50	3426.79523551
51	4354.09947324
52	3907.24784532
53	1737.79650294
54	10992.3552435
55	991.495707167
56	2525.95475496
57	2160.69379449
58	1762.63016053
59	6477.99069101
60	1131.32659732
61	1783.36811311
62	13765.8090511
63	875.357863888
64	394.639733363
65	2373.19466367
66	1006.14982365
67	1038.92829105
68	7442.24806115
69	220.002893359
