0	1.07094663997e+12
1	3.12088092831e+11
2	2.06281838089e+11
3	4.75202121633e+11
4	1.58706139658e+12
5	1.12589384091e+11
6	2.11276511347e+12
7	1.29498063113e+12
8	9.54873329767e+11
9	3.81696258179e+11
10	2.31721318873e+12
11	6.12396445562e+11
12	3.012416006e+12
13	1.70499833377e+12
14	1.04655688881e+12
15	4.13946675549e+12
16	3.56680637915e+11
17	2.12743029081e+12
18	1.1038570418e+12
19	2.65793365792e+12
20	1.57775264657e+12
21	3.29202358344e+11
22	2.02468901567e+12
23	1.01435735522e+12
24	3.34703447186e+12
25	3.97644105781e+11
26	3.14573599534e+12
27	4.77239372665e+11
28	3.4158945836e+12
29	2.60308939364e+12
30	4.16053849649e+11
31	9.43773660982e+11
32	2.96220520715e+12
33	6.21767142513e+11
34	9.78479104627e+11
35	3.10280318654e+11
36	3.24842713063e+11
37	4.1263847561e+11
38	6.31954463421e+12
39	4.9578925856e+11
40	8.24876911681e+11
41	6.10456014436e+11
42	1.5797814706e+12
43	7.73002879115e+12
44	1.72227414641e+12
45	1.52325135686e+12
46	2.32096432417e+12
47	1.33506589266e+11
48	2.42458174196e+12
49	1.5579211973e+11
50	1.38204012967e+12
51	3.03255600279e+11
52	8.92821573595e+11
53	9.72157447169e+11
54	3.51636550353e+11
55	1.95861397555e+12
56	4.30951825313e+11
57	5.32984064957e+11
58	6.03963322622e+12
59	1.03496798054e+12
