0	2.10693231398e+12
1	1.49571301726e+11
2	7.31835008841e+11
3	2.29152854936e+11
4	5.00155285323e+11
5	6.06020767154e+11
6	3.93330190874e+11
7	8.72895208538e+11
8	1.16494451466e+11
9	1.69014234253e+12
10	2.41579650325e+11
11	2.15941321705e+11
12	7.07076755331e+11
13	1.15229131262e+13
14	8.6101774592e+11
15	3.57581283844e+12
16	2.12106385283e+12
17	1.48662434248e+12
18	9.17813297769e+11
19	3.00260445264e+11
20	1.11591068612e+12
21	60658568597.1
22	5.95038999365e+11
23	5.72036732985e+11
24	5.20002335574e+11
25	1.60437322026e+11
26	3.11428324192e+12
27	7.7609540003e+11
28	9.60018227619e+11
29	2.05626545239e+11
30	8.08250249658e+11
31	3.45333395944e+12
32	7.51993708121e+11
33	1.91140952876e+11
34	5.12601048486e+11
35	1.42121619276e+12
36	1.33357502014e+12
37	6.60146028706e+11
38	3.38182122183e+11
39	9.50127186849e+11
40	6.44142302588e+12
41	3.39975235589e+11
42	1.61345486549e+11
43	3.5386564148e+11
44	1.539492074e+12
45	4.90669260152e+11
46	4.2782826156e+11
47	7.60391109243e+12
48	5.68935115548e+11
49	4.82473073482e+11
50	1.22074569585e+11
51	1.2444177537e+12
52	3.41256914759e+11
53	1.1610305354e+11
54	2.27702359924e+11
55	3.80089419919e+11
56	4.29567626946e+11
57	9.92805490673e+11
58	4.85648874581e+12
59	2.94098563529e+11
60	2.74643424222e+11
61	4.68625566182e+12
62	6.30070527088e+11
63	4.85052937349e+11
64	1.12680104197e+13
65	1.21160625327e+12
66	8.276660819e+11
67	1.52309198877e+12
68	3.05213597534e+11
69	4.32793802011e+11
70	76931742117.2
71	2.35496795963e+11
72	6.21418834708e+11
73	4.93283648879e+11
74	3.63119088247e+11
75	1.72115156202e+11
76	1.37146516082e+12
77	3.07281315456e+11
78	4.17512112341e+11
79	7.72560200474e+11
80	1.41327198747e+12
81	5.71200422038e+11
82	1.74849216722e+12
