0	1.03412950428e+11
1	97590427029.6
2	5.72081545769e+11
3	3.29560404887e+11
4	99242776346.0
5	99163539345.8
6	3.8900287871e+11
7	89865619236.6
8	1.09670471669e+12
9	1.43920185673e+11
10	2.17469734356e+12
11	8.55693418631e+12
12	39053336405.3
13	65492951555.2
14	36030204407.5
15	1.4674961594e+11
16	2.23442830497e+11
17	1.68422523842e+11
18	67630312498.7
19	1.12861009369e+11
20	1.557071021e+11
21	2.03869088516e+11
22	1.49756272077e+11
23	56334577377.6
24	3.51457881646e+11
25	76361056150.8
26	1.39853626098e+11
27	6.77524425643e+11
28	3.57184589218e+11
29	61117152080.8
30	79409735703.3
31	3.45629198433e+12
32	1.01414859175e+11
33	2.63030882132e+11
34	4.13283463611e+11
