0	9.25169128908e+11
1	2.17597731823e+11
2	7.37505687986e+12
3	1.37456291595e+12
4	7.30869452966e+11
5	1.37367979493e+12
6	8.80477332355e+11
7	5.63909256356e+11
8	3.58566142811e+12
9	4.31975212286e+11
10	5.50939869663e+12
11	1.19031240526e+12
12	1.07510579852e+12
13	2.32924393311e+11
14	5.16352761045e+11
15	4.45505090127e+11
16	5.94869198721e+12
17	1.41035535028e+12
18	3.81559006285e+11
19	2.90546015507e+11
20	9.07546453389e+11
21	9.70071540953e+11
22	5.3141524956e+12
23	7.17717339783e+11
24	2.82969970564e+12
25	2.09298806463e+11
26	6.11592110674e+11
27	3.32218925373e+12
28	1.47026710471e+12
29	60205001673.5
30	1.80907962689e+12
31	3.15064119259e+12
32	3.32874415261e+11
33	84651851241.4
34	2.67300334366e+12
35	1.84272857311e+12
36	1.33956462965e+12
37	9.49619117355e+11
38	1.85938897212e+12
39	1.75886707759e+11
40	1.93985280697e+11
41	76063048075.2
42	1.73896821919e+12
43	2.9212845216e+12
44	3.67417862159e+11
45	2.02914584438e+12
46	1.03097294515e+12
47	7.55156195781e+11
48	2.63776055526e+11
49	5.58030241046e+11
50	2.01797593191e+12
51	1.11417570875e+12
52	2.81476187029e+11
53	1.55764450136e+12
54	4.2468768402e+11
55	5.92244720749e+11
56	1.39414486517e+12
57	6.58015746085e+11
58	2.11580217645e+12
59	1.28324692996e+12
60	2.47967267063e+12
61	66164423928.6
62	2.45684051785e+12
63	2.78786618536e+12
64	1.37639747903e+12
65	4.97598231808e+11
66	1.01800214071e+12
67	5.05953453368e+11
68	2.54758257004e+12
69	5.17931564977e+12
70	9.87226049608e+11
71	3.56562236294e+11
72	1.42887839758e+12
73	2.91283125521e+11
74	7.07073421518e+11
75	1.42085499778e+12
76	8.92804655027e+11
77	3.29313919635e+11
78	5.95557207072e+11
79	1.51845886458e+12
80	8.99831147413e+11
81	1.16457048378e+11
82	2.80271899115e+12
83	3.60464696323e+12
84	8.91000561363e+11
85	3.69503972497e+12
86	2.67414349947e+11
87	4.33767519996e+11
88	2.37764605536e+11
89	1.54545991855e+13
90	1.05336908537e+13
