0	5.32695926023e+11
1	3.27809117429e+12
2	3.46685028705e+11
3	4.91378124523e+11
4	1.19877596223e+12
5	2.92538754278e+11
6	2.28089245047e+12
7	5.78900013099e+11
8	5.61753818542e+11
9	5.25334902116e+11
10	1.13545187421e+11
11	4.95441281433e+11
12	6.71399210213e+11
13	3.84491324939e+11
14	1.03121823218e+12
15	9.8599657007e+11
16	1.8285908744e+12
17	1.27150144501e+12
18	2.93113784172e+11
19	3.53173620602e+11
20	6.326082529e+11
21	2.46128038741e+12
22	1.12643782944e+12
23	4.62613797637e+12
24	4.72093522339e+11
25	9.58139179504e+11
26	3.41065447729e+11
27	1.54676799446e+12
28	2.01297688335e+12
29	4.42172866822e+11
30	3.74125302507e+11
31	7.69932849544e+11
32	3.34359535443e+12
33	6.35902929062e+11
34	50216397720.2
35	2.14953988646e+11
36	2.23997157728e+12
37	8.43123084978e+11
38	7.30425174656e+11
39	3.39653710696e+11
40	2.04828547097e+12
41	3.17982056132e+12
42	2.0838225949e+11
