0	1.63584097408e+11
1	1.39904273072e+12
2	2.05614757837e+12
3	3.26901236358e+11
4	4.33847457368e+11
5	1.1810465145e+11
6	1.09471874407e+11
7	9.14917304897e+11
8	3.11010135222e+11
9	2.45982936922e+11
10	5.82263577216e+11
11	1.15432047052e+12
12	7.98004448396e+11
13	1.01803457469e+11
14	3.7634796025e+11
15	6.58181151744e+11
16	3.16788190472e+11
17	1.2344753851e+12
18	73420270828.7
19	1.7173060242e+11
20	1.19097991592e+12
21	9.96338192942e+11
22	98655148218.2
23	9.69939141062e+11
24	2.19519319828e+11
25	2.01502825802e+11
26	1.38977005487e+12
27	4.41563535801e+11
28	4.97717406531e+11
29	1.68973956981e+11
30	8.37419412458e+11
31	1.01217657843e+12
