0	1.30098439598e+12
1	2.62505342468e+11
2	2.60185964788e+11
3	2.99981441302e+11
4	1.23065366798e+11
5	5.6116193542e+11
6	1.44128263722e+11
7	2.76237303364e+11
8	25663852458.4
9	81199013021.6
10	1.09785514059e+11
11	4.58914728238e+11
12	3.74517811966e+11
13	6.23702267614e+11
14	3.93367120302e+11
15	3.0205942437e+12
16	2.29456187209e+11
17	1.65183819727e+11
18	1.02251861374e+12
19	7.51945379869e+11
20	1.32069574835e+12
21	1.30583871348e+12
22	4.04942893866e+11
23	1.84427878915e+12
24	2.14255141239e+11
25	1.50405421837e+11
26	51147936796.4
27	8.35795798882e+11
28	1.17118517023e+11
29	1.43307713544e+11
30	4.4181302875e+11
31	1.61158843453e+11
32	1.50797772144e+11
33	3.89986370165e+11
34	3.53425620064e+12
35	5.5487479673e+11
36	1.4638853513e+11
37	5.23121577245e+11
38	5.45238879186e+11
39	1.28905614213e+11
40	7.9270221887e+11
41	83715741568.9
42	40940972735.3
43	4.3912983584e+11
44	3.82775765902e+11
45	2.4683535304e+11
46	1.03575072837e+11
47	1.54811009312e+11
48	2.92220055471e+12
49	2.22127913265e+11
50	3.52014826537e+12
51	3.75292890121e+11
52	1.14629568407e+11
53	2.84950566474e+11
54	2.80499537628e+11
55	3.48489213819e+11
56	1.59649307024e+11
57	5.62662639293e+11
58	1.0431633307e+12
59	8.87594306893e+11
60	62485373578.3
61	1.60852696867e+11
62	74890762995.0
63	5.03998427703e+11
64	5.16923989338e+11
65	5.46991483008e+11
66	4.59042442431e+12
67	4.61912093214e+11
68	3.41722185837e+12
69	2.58260536926e+11
70	3.54689396177e+12
71	2.17789844746e+12
72	97973385567.0
73	1.11886345645e+11
74	1.34601894757e+11
75	2.11913391498e+11
76	2.05564864592e+11
77	9.61290052499e+11
78	2.40424913528e+12
79	4.55403637246e+11
80	6.26114094658e+11
81	65753317691.8
82	1.22742384216e+12
83	4.90522246494e+11
84	4.02372437155e+11
85	1.60841008892e+11
86	5.89279822215e+11
87	4.40701009649e+11
88	1.93493580833e+12
