0	20393.6686942
1	23273.35883
2	6717.40024373
3	88565.7479697
4	238.067717859
5	8249.18793178
6	1215.70368018
7	1106.39556869
8	6746.71885582
9	6835.89908512
10	1763.91601093
11	2070.43288351
12	2352.79322362
13	11596.7640725
14	19578.0387962
15	4367.69975632
16	4899.7935402
17	3363.26192499
18	8440.31585773
19	3607.02967344
20	3556.4619771
21	7439.28943658
22	1185.18575549
23	5019.27552436
24	350.247806772
25	782.036464694
26	9040.8445198
27	110422.359874
28	7381.1609095
29	4182.9759278
30	1192.37882632
31	19890.1133323
32	4964.95212177
33	11637.0793901
34	4256.19097723
35	13872.3365499
36	6794.51363988
37	5199.66419116
38	3354.44318986
39	936.294026832
40	15456.8495684
41	3074.49234029
42	12064.8678006
43	5586.6981774
44	21320.9257624
45	1643.67731564
46	27571.7537379
