0	1870.99199256
1	3810.99432084
2	581.4501225
3	2465.718426
4	10923.1450171
5	5126.43547814
6	3344.88027124
7	2836.10102552
8	1799.88647433
9	813.5853093
10	36570.4548259
11	990.785698804
12	2383.40024353
13	3631.02066947
14	12007.3347147
15	1577.54974282
16	36786.4659286
17	3460.68693375
18	650.841476947
19	7537.66077749
20	3604.58126094
21	4108.5258159
22	4789.80796828
23	18816.1858444
24	972.03695752
25	2023.89430159
26	7283.76849281
27	10496.2002041
28	2201.98873332
29	2378.07065727
30	1957.65096248
31	7450.33274662
