0	706.635686698
1	1384.1398935
2	561.354485885
3	4242.81566012
4	1959.1894493
5	5918.56608856
6	2295.40698624
7	2340.17453094
8	1110.84424529
9	1734.39590121
10	1870.55843482
11	1707.87349515
12	2148.82653829
13	2843.21256267
14	14487.2763476
15	1955.91182363
16	6403.86656292
17	917.129856599
18	1595.64416386
19	441.739111905
20	4458.21892137
21	807.312736886
22	2205.1235917
23	3861.50054962
24	1483.6791547
25	1145.40656175
26	1558.44530888
27	4368.89123762
28	4218.94637362
29	3254.30014587
30	2213.48564849
31	3578.47347559
32	8481.50654563
33	689.688935666
34	3417.45016757
35	7807.19864057
36	495.72282307
37	801.639329477
38	674.244629885
39	7987.88521509
40	1024.98174961
41	558.296849106
42	614.730537984
43	1912.11743578
44	2723.56203282
45	756.184437909
46	2428.95278415
47	953.559089793
48	5848.74509063
49	397.341490237
50	6536.22312946
51	642.413546905
52	2054.36162777
53	892.434834131
54	99.9842899392
55	624.312755421
56	2962.84268916
57	1726.65935025
58	6690.10911949
59	17877.1744141
60	9444.73966324
61	4004.68648515
62	13500.4348217
63	4562.06748594
64	1430.69258135
65	5399.85077136
66	1960.8188261
67	12413.176843
68	1976.42633784
69	3466.44311059
70	3054.14290789
71	5661.11624747
72	1900.21741548
73	1810.84237124
