0	643811588115.0354
1	34226662854.244152
2	92529977927.27777
3	268870649083.26898
4	3539081938.2579966
5	22133501251.261818
6	118873146503.17357
7	12827706212.762686
8	248098620972.67526
9	191892903053.26587
10	354893361465.9545
11	643058128671.4924
12	634424261380.1582
13	6040848120652.617
14	187345546820.58273
15	60791635764.82935
16	21733343111.17256
17	114892507729.06914
18	12350500874.18303
19	215859972851.37177
20	404986401175.5504
21	130278860501.7983
22	193497295740.39935
23	70269079698.31787
24	130045958289.218
25	266367957664.50137
26	176422310210.14944
27	74755813251.93326
28	519131065142.0176
29	971428310368.9437
30	3439821512548.846
