0	1.18283835118e+12
1	2.40967772147e+12
2	2.80194301088e+12
3	8.29980538526e+11
4	8.29055904222e+11
5	9.22268154242e+11
6	9.79204099541e+11
7	6.65148653349e+11
8	1.08125319585e+12
9	2.53099565505e+12
10	3.74454890807e+12
11	6.70695515068e+11
12	6.8899402264e+11
13	2.7518798169e+12
14	1.19353702095e+12
15	2.26714479932e+12
16	5.4893047845e+12
17	4.47693332162e+11
18	4.19672789792e+11
19	2.44787331602e+12
20	2.02825085823e+12
21	7.8400010393e+11
22	4.40660198806e+11
23	2.00797211795e+12
24	2.15800764768e+11
25	1.30917630596e+12
26	3.208445881e+12
27	8.32555621244e+11
28	9.61777057066e+11
29	8.90773762016e+11
30	8.10780981294e+11
31	6.80582892752e+11
32	1.00725877529e+12
33	9.91756702106e+11
34	1.58847977639e+12
