0	2.55251548033e+11
1	2.01687686685e+12
2	5.39896311399e+11
3	3.86267305646e+11
4	1.00925692894e+12
5	3.13370455997e+11
6	2.55956819824e+11
7	9.44673993113e+11
8	3.65544153885e+11
9	1.79769834643e+11
10	3.87448041048e+11
11	2.03637366832e+11
12	1.79348120434e+12
13	3.52340569436e+11
14	3.41087812141e+11
15	3.60879271887e+12
16	2.05306754034e+12
17	2.37803740146e+11
18	7.69096661408e+11
19	7.37972208976e+11
20	4.31916039697e+11
21	95486987020.3
22	2.76199818542e+11
23	4.15138828537e+11
24	1.6523507648e+11
25	1.13731035016e+12
26	1.66505176825e+11
27	1.98471801967e+11
28	74327873710.2
29	2.23101672306e+11
30	1.06956579174e+11
31	1.63100949898e+11
32	1.41535759794e+11
33	1.02638627532e+11
