0	1.70168761595e+12
1	8.23634009022e+11
2	4.93543672122e+11
3	4.41145781195e+11
4	6.27911939578e+11
5	6.11615654261e+11
6	2.24407329547e+11
7	3.46162151106e+11
8	2.58196536563e+12
9	3.03440910387e+11
10	2.64210372132e+11
11	1.5282135396e+12
12	1.57018897281e+12
13	2.02467973894e+11
14	1.62100117161e+12
15	1.02593724602e+12
16	4.60590348615e+11
17	2.63556961832e+11
18	1.22460191455e+12
19	3.64536638384e+11
20	6.5389855573e+11
21	6.58862250771e+11
22	3.77959660568e+12
23	2.31586732912e+12
24	6.59270012147e+11
25	7.87369890638e+11
26	7.55061225003e+11
27	2.45415534882e+11
28	4.69052389374e+11
29	1.2274852113e+11
30	1.81628060101e+12
31	6.42018502272e+11
32	3.55466569757e+11
33	1.08451804635e+12
34	59853079398.0
35	1.38490418007e+12
36	4.48148648109e+11
37	9.9359651977e+11
38	4.84574868692e+11
