0	6.21297777848e+11
1	3.60039602116e+13
2	1.30697671578e+12
3	5.77673889671e+12
4	1.88956003524e+12
5	4.06259762978e+12
6	1.09698464218e+12
7	6.63619685883e+11
8	1.16993638768e+12
9	1.95797769897e+13
10	1.62148861103e+11
11	1.44958105124e+13
12	2.15638129458e+12
13	1.61812067644e+12
14	5.56709527759e+12
15	3.92771159762e+12
16	2.71999665299e+12
17	5.83018845081e+12
18	5.23562586427e+12
19	1.82805516784e+13
20	4.25084990445e+12
21	2.22950820364e+12
22	6.44869383462e+12
23	5.08392328533e+12
24	2.8619134814e+12
25	7.89197165438e+12
26	4.69184768254e+12
27	7.72887091159e+12
28	8.48205655165e+12
29	5.40908712691e+12
30	4.65634625989e+12
31	1.17183590995e+12
32	3.42423965814e+12
33	1.88956383102e+12
34	9.79502435584e+11
35	1.79669876857e+12
36	4.48013543899e+12
37	1.2440339048e+12
38	3.57280002128e+12
39	3.05835122394e+12
40	2.33947503251e+12
41	1.31500603111e+12
42	2.1082702896e+12
43	2.06240477313e+12
44	2.12110669661e+12
45	2.5007154178e+12
46	3.12642137488e+12
47	2.48023798601e+12
48	1.41596025891e+12
49	1.02186276607e+12
50	2.32231048223e+12
51	1.30497822056e+12
52	1.4361470732e+13
53	2.48618482868e+12
54	4.9298468422e+12
55	6.64253867449e+11
56	1.09226574418e+12
57	1.10354686884e+12
58	6.27969489643e+12
59	2.38432649881e+12
60	3.80065031173e+11
61	7.47519942196e+11
62	2.87440967131e+13
63	8.14134346029e+12
64	2.44150913016e+12
65	8.46659598245e+11
66	1.21652389206e+12
67	7.60237900325e+12
68	8.49968606625e+12
69	2.81827061487e+12
70	7.59470617061e+12
71	2.61754690414e+12
72	1.40266961856e+12
73	1.17061545163e+12
74	3.77580443621e+12
75	2.1042610624e+12
76	2.597417274e+12
77	4.14456686821e+11
78	1.30452243697e+12
79	1.1680387983e+13
80	1.86991433475e+13
81	1.47526804573e+12
82	8.56326922189e+12
83	4.10167362647e+12
84	4.50613550322e+12
85	9.48459642223e+11
86	2.17233144765e+12
87	3.81028268237e+12
88	2.83423050944e+12
89	1.70411652169e+13
90	4.20227804397e+12
91	3.41825635737e+12
92	2.86707592551e+12
93	2.65152212841e+12
94	5.66992093043e+12
95	8.32739607349e+11
96	3.69988634203e+12
97	1.83937841655e+12
98	1.55834375683e+13
99	6.99272606384e+12
100	1.59710322418e+13
101	1.16605833232e+12
102	5.11996621988e+12
103	3.44518596846e+12
104	8.95471735481e+11
105	3.91059833268e+12
106	5.77898252111e+12
107	5.05909811072e+12
108	2.12609406523e+12
109	5.39113643757e+12
110	7.21252956947e+12
111	1.13706517674e+12
112	4.81847221973e+12
113	7.27807300361e+12
114	2.47007309087e+12
115	4.26240712891e+12
116	2.78540363209e+12
117	2.27886879478e+12
118	2.83868647683e+12
119	1.11223496186e+12
120	2.65860327496e+13
121	2.90585260886e+11
122	3.14475643866e+12
123	1.03429798067e+12
124	7.08380064595e+12
125	1.78456901014e+12
126	1.68213897077e+13
127	1.5690655006e+12
128	3.76592526151e+12
129	1.07787787869e+12
130	7.20726973002e+11
131	3.25044934478e+12
132	1.1424744043e+13
133	9.8114196439e+12
134	2.21225656427e+12
135	4.52147602345e+12
136	2.83888662999e+12
137	4.85131190699e+11
138	1.81152977758e+11
139	1.35837528426e+12
140	8.7771016494e+12
141	8.0716223254e+12
142	8.49925555003e+11
143	1.26832786137e+12
144	4.05957417092e+11
145	1.03586740756e+13
146	1.92092080434e+12
147	1.72594700571e+12
148	2.36411448802e+12
149	9.05827439562e+11
150	4.37494163505e+12
151	3.05182874349e+12
152	6.70476190858e+11
153	3.85476503798e+12
154	2.00207162321e+12
155	2.03277223363e+12
156	6.73909996974e+12
157	8.20179664968e+11
158	2.90627906469e+12
159	5.23475743693e+11
160	8.95509116456e+11
161	4.66625788645e+12
162	1.19727968027e+12
163	2.13241628746e+12
164	4.11379531676e+12
165	1.03352904452e+12
166	1.29016578748e+12
167	1.17240740261e+12
168	7.98259223528e+11
169	2.78855607356e+12
170	2.31068929387e+12
171	4.63673078628e+11
172	2.02461325294e+12
173	3.05559456329e+12
174	3.63759689258e+12
175	3.02443982387e+12
176	1.39516693253e+13
177	5.6340781616e+12
178	1.53758943188e+12
179	2.50902691783e+11
180	2.07015118709e+12
181	4.66732742712e+12
182	6.99464112387e+11
183	1.44436641345e+12
184	2.68192222285e+11
185	1.06215006176e+12
186	5.92925039552e+12
187	4.98136767396e+12
188	1.9014334768e+11
189	3.99836558911e+11
190	1.91351996879e+13
191	1.76729912784e+12
192	3.99183140641e+12
193	1.34515058217e+11
194	5.04380055548e+12
195	2.56358023713e+12
196	7.08414824132e+12
197	6.06249974539e+12
198	7.50912474779e+11
199	8.16525418541e+12
200	3.48592989743e+12
201	2.44737416607e+12
202	3.16548162018e+12
203	2.76744096034e+12
204	7.65500797645e+11
205	8.34399449325e+11
206	1.25482770279e+12
207	5.18984870606e+11
208	2.20896029985e+12
209	1.67768582633e+12
210	8.34062863336e+12
211	3.05554986325e+12
212	3.27168343698e+11
213	1.89337016045e+13
214	1.52931763541e+13
215	7.30328848948e+12
216	3.17690865391e+11
217	1.59407163615e+12
218	5.71436610587e+12
219	5.55807261154e+11
220	5.7544726941e+12
221	5.37726153372e+12
222	8.26130454403e+12
223	7.85638803377e+12
224	6.211732168e+11
225	1.83614186778e+11
226	3.77026837336e+12
227	2.24990902856e+12
228	2.17184699073e+11
229	9.96146308134e+11
230	1.12914107008e+12
231	5.22932265353e+12
232	4.95654449257e+12
233	8.75297103276e+11
234	1.775274641e+12
235	1.98302494444e+12
236	5.8465447955e+11
237	5.65306255087e+12
238	2.56011800221e+12
239	1.56549091687e+12
240	1.44467327109e+12
241	3.99055961161e+12
