0	5.46787470489e+12
1	2.68918776911e+12
2	1.86122787687e+12
3	9.55741399588e+11
4	2.11792897803e+12
5	2.05709622939e+12
6	2.10931936935e+12
7	9.65847280811e+12
8	4.60330467796e+12
9	5.50531453285e+12
10	5.24495123328e+12
11	3.54458625223e+12
12	8.11429661261e+12
13	3.7010090907e+12
14	9.46078348319e+11
15	2.60131810276e+12
16	2.40049194274e+12
17	4.14112030755e+12
18	3.40645760964e+12
19	8.9963839617e+11
20	2.15591003398e+11
21	5.72967940788e+12
22	8.28113922145e+11
23	2.27107263323e+12
24	1.68732922077e+12
25	3.54277539493e+11
26	1.872247372e+12
27	7.75177775686e+11
28	9.67150901451e+11
29	5.6865794439e+11
30	4.5660613204e+11
31	4.63655673432e+12
32	6.25431844785e+11
33	5.88231643082e+11
34	1.63660658127e+12
35	2.08389271953e+12
36	5.61478495169e+12
37	1.44136467092e+12
38	8.76915848727e+12
39	4.43790972988e+12
40	1.59346488779e+12
41	1.21226559684e+12
42	9.67294681587e+12
43	1.91089063852e+12
44	1.04746686202e+12
45	8.08529474583e+11
46	3.25901082683e+12
47	3.00413641945e+12
48	3.4194740612e+12
49	1.50703909164e+12
50	1.89394355021e+12
51	4.84745816981e+12
52	2.66411666332e+13
53	2.74873768266e+12
54	6.05928087498e+11
55	1.3960717392e+12
