0	1.10948531785e+12
1	93409879978.4
2	1.08160133386e+11
3	38939040286.4
4	1.34574474301e+11
5	1.91474615311e+11
6	6.41996335607e+11
7	1.83575626794e+11
8	1.47572155119e+11
9	2.75959928806e+11
10	4.30936193717e+11
11	2.36665750864e+12
12	3.58029804522e+11
13	1.37363149929e+11
14	2.88440895783e+11
15	3.00011367928e+12
16	6.02387671621e+11
17	4.8630011871e+11
18	4.92492604969e+11
19	3.73180882671e+12
20	1.35773232768e+11
21	8.51636121125e+11
22	1.50796871481e+11
23	1.14385500803e+12
24	1.61352407663e+11
25	1.91492330004e+12
26	5.81146443604e+11
27	1.50960339516e+11
28	5.49044846732e+11
29	1.34518180887e+11
30	1.06299915661e+12
31	2.84395277652e+11
32	2.66604100823e+11
33	1.07615898374e+12
34	7.68308247334e+11
35	3.70990313251e+12
36	1.32553987743e+12
37	2.50040846051e+11
38	1.39546761761e+11
39	2.06361868514e+12
40	1.81490695231e+11
41	9.5791660512e+11
42	9.90862606724e+11
43	1.05389312978e+12
44	1.96065466597e+12
45	1.74155696069e+12
46	77651174751.6
47	3.38683060451e+11
48	6.34127272463e+11
49	2.21771973278e+11
50	1.64938479138e+11
51	3.99904155323e+11
52	1.71030385633e+11
53	5.99997692386e+11
54	4.40870678202e+11
55	4.80257164188e+11
56	5.79489039412e+11
57	6.54767145768e+11
