0	8.5006694384e+11
1	3.64169573286e+11
2	3.52974915141e+11
3	8.40240468117e+11
4	1.69331046939e+11
5	2.49260177342e+11
6	2.60470939769e+12
7	78837337947.5
8	6.77772579034e+11
9	1.87896369813e+12
10	1.54862464929e+11
11	3.92064176205e+11
12	3.8807686097e+11
13	1.34161067212e+12
14	3.16920698627e+11
15	4.95607010757e+11
16	1.28378660494e+12
17	4.82157049258e+11
18	6.08515813383e+11
19	1.54825609647e+12
20	2.73000169403e+11
21	2.1893208855e+11
22	3.37796646499e+11
23	4.43330282826e+11
24	1.35409236962e+12
25	4.148753287e+12
26	8.99049575089e+11
27	8.00875643391e+11
28	2.65451158342e+11
29	88380731055.4
30	3.83488880987e+11
31	3.24147742762e+11
32	8.7768846129e+11
33	2.92992256306e+11
34	7.55021649333e+11
35	1.85070699895e+12
36	1.58084641455e+11
37	65793893540.7
38	1.07328342472e+12
39	4.99056584611e+11
40	1.99524596969e+12
41	2.53885342161e+11
42	2.56055357474e+11
43	7.96305354026e+11
44	2.99212321746e+11
45	2.88158502937e+12
46	90206019890.5
47	37477643669.1
48	2.74356522145e+12
49	9.99725600519e+11
50	2.01234042529e+12
51	2.60852738351e+12
52	1.09979640751e+12
53	9.82428657782e+11
54	4.42865360398e+11
55	1.22194436851e+11
56	3.45470547122e+11
57	1.30423730315e+12
58	5.28455358029e+11
59	1.93343499502e+11
60	3.61387716531e+11
61	1.2289287845e+11
62	4.35451664464e+12
63	1.11474159369e+11
64	1.88363718916e+11
65	1.50647960653e+12
66	1.2491297335e+12
67	9.21190752531e+11
68	1.1513230063e+11
69	1.6863057471e+13
70	1.04766341691e+12
71	6.16311879055e+11
72	4.02340942144e+11
73	3.76959138338e+11
