0	1.69793787065e+11
1	3.17086299813e+11
2	43082755948.5
3	1.07794217189e+11
4	1.0842292379e+11
5	85872998296.9
6	75804879290.2
7	32946958725.7
8	1.29877496207e+11
9	15957302467.1
10	1.82349617254e+11
11	1.62296064675e+11
12	1.71185687164e+12
13	33677486731.0
14	23427284516.8
15	68698202882.2
16	1.71653748953e+11
17	1.39472482235e+11
18	58835944024.5
19	33177757075.7
20	45507569444.7
21	1.26231543248e+12
22	1.05123861049e+11
23	69155536951.0
24	10288741607.9
25	1.62881952248e+11
26	1.50082548265e+11
