0	3.03020653813e+12
1	1.78599180778e+12
2	2.85302590889e+12
3	2.20347488345e+12
4	4.3060811691e+12
5	1.7146801745e+12
6	1.01023539791e+12
7	2.30311168944e+12
8	1.00747919927e+12
9	1.17781798192e+13
10	4.93584910954e+12
11	6.54704943067e+12
12	1.03679220945e+13
13	8.36518860588e+12
14	9.13541263719e+12
15	1.93660922984e+12
16	4.0822001144e+12
17	1.27655914328e+12
18	8.20135918653e+12
19	1.94428681012e+12
20	2.63262587599e+12
21	3.37619940801e+12
22	1.07794286607e+12
23	2.59030602802e+11
24	1.443672734e+12
25	1.03190711413e+13
