0	2.44087813417e+12
1	3.01107006587e+11
2	1.08489396853e+11
3	3.12244882205e+11
4	2.45213324782e+12
5	2.64701190809e+12
6	3.3911219683e+11
7	4.45374488762e+11
8	2.20396147287e+12
9	2.35417809531e+11
10	3.96887961165e+12
11	2.33458114807e+12
12	1.48493132119e+12
13	2.21478970569e+12
14	2.13169872121e+12
15	1.9953061056e+12
16	8.80887413291e+12
17	2.52612164262e+11
18	1.14915521633e+12
19	4.12183697841e+11
20	5.71979965555e+11
21	7.25947369542e+11
22	5.27149685323e+11
23	1.48612037078e+12
24	8.49700421726e+11
25	3.93045143772e+11
26	3.7485480897e+11
27	1.12326574679e+11
28	2.53161662375e+11
29	9.64889408734e+11
30	5.50798068781e+11
31	1.04405608981e+12
32	6.40544939708e+11
33	6.82689077482e+12
34	7.89643008929e+11
35	3.01055714678e+11
36	2.73221177113e+11
37	5.26979011714e+11
