0	4.1151525386e+11
1	8.93896869751e+11
2	3.8773845563e+12
3	3.0311789434e+11
4	1.04465935709e+12
5	2.06083188048e+11
6	1.87763668075e+12
7	7.56444147352e+11
8	6.62585910523e+11
9	1.17263554351e+12
10	1.69776274856e+12
11	7.2978411366e+11
12	2.88519895565e+11
13	2.12232552644e+12
14	3.0113654716e+11
15	6.08201833159e+11
16	5.93923258113e+11
17	80048380585.2
18	1.82562090424e+12
19	6.0692043871e+11
20	2.70080603656e+11
21	7.97223850112e+11
22	1.78401325567e+11
23	3.35881758579e+11
24	8.96104550614e+11
25	9.85792460295e+11
26	7.87138081759e+11
