0	1.31678005894e+11
1	2.8655995626e+11
2	5.18916268093e+11
3	94763826157.4
4	4.93695790889e+11
5	2.97130058278e+12
6	46021204104.4
7	2.74562282257e+11
8	8.42729267816e+11
9	2.92213172626e+11
10	33800682377.5
11	1.79308274588e+12
12	3.81240872874e+11
13	2.85747600004e+11
14	3.91516501581e+12
15	8.46857518735e+11
16	6.03826961912e+11
17	1.52716036539e+11
18	8.23242815585e+11
19	4.42324238221e+11
20	3.13629406557e+12
21	1.23904585816e+12
22	2.58486908982e+12
23	7.50045224928e+11
24	2.34544956952e+12
25	1.23486953824e+12
26	4.81100367123e+11
27	7.61783155768e+11
28	8.45860905184e+11
29	2.74397985141e+11
30	2.34208122115e+11
31	3.30165759389e+11
32	3.49349040217e+11
33	5.46806826875e+11
