0	71248630473.7
1	21441078594.8
2	5.80710741756e+11
3	3.33898282951e+11
4	7.85308133774e+11
5	56290061712.8
6	2.43887559071e+11
7	68254505751.4
8	21515022178.5
9	1.3497667703e+11
10	32616223525.7
11	4.21363028385e+11
12	2.55835222558e+11
13	1.17618413244e+12
14	62098290750.6
15	14597924038.8
16	22999423419.8
17	39922568681.1
18	2.12003456482e+11
19	3.03946743977e+11
20	95597652440.5
21	2.04512196791e+12
22	8.40205846026e+11
23	63096524490.2
24	3.86229817139e+11
25	85556815916.9
26	4.40238926122e+11
27	2.49483361966e+11
28	56715617382.7
29	2.61797021966e+11
30	2.51221559154e+11
31	2.00577553387e+11
32	5.27958189813e+11
33	72914753405.0
34	2.01823008392e+11
35	73406882488.9
36	70422703553.9
