0	2.28458313396e+12
1	2.82299706315e+11
2	2.52760966968e+11
3	55183865608.6
4	2.4669856417e+11
5	3.20453381616e+11
6	1.28923448974e+12
7	2.38009642098e+12
8	3.18351673463e+11
9	4.09647920196e+11
10	2.39984192055e+11
11	2.86103166524e+11
12	2.0991960792e+12
13	1.7441858441e+12
14	6.22448068878e+11
15	2.12400229041e+12
16	1.09838132369e+11
17	9.48750509203e+11
18	3.12960840353e+11
19	4.47734161256e+11
20	5.38756018804e+11
21	4.36861190436e+11
22	1.2614295784e+12
23	1.72994672455e+12
24	1.30387945204e+12
25	1.1325712116e+12
26	5.27710999617e+12
27	3.30923594987e+11
28	5.99835380421e+11
29	9.99632849498e+11
30	2.72870017534e+12
31	3.62250110366e+11
32	6.59973036971e+11
33	32319423848.8
34	1.77369559987e+12
35	4.84996790347e+11
36	3.86363200125e+11
37	1.79993298856e+11
38	1.20725049405e+12
39	8.42344608353e+11
40	3.18585773893e+11
41	8.58772569096e+11
42	2.46996654865e+12
43	4.22086950892e+11
