0	1.2462456948e+12
1	35914938272.3
2	57058305600.9
3	4.76629128345e+11
4	8.17065239704e+11
5	1.25299987834e+11
6	1.45465367229e+11
7	3.31294252778e+11
8	4.04221049269e+11
9	52112519584.1
10	4.48321792604e+11
11	1.41004055165e+12
12	2.03424525327e+11
13	1.15380233642e+11
14	3.27955069088e+11
15	82340967135.0
16	5.06518938939e+11
17	1.78505420166e+11
18	4.87080090747e+11
19	1.33660422132e+11
20	7.75585490016e+11
21	1.33059531479e+11
22	3.34047255885e+11
23	1.94989823753e+11
24	1.78082856235e+11
25	4.21999348034e+11
26	1.10631309878e+11
27	7.83140175955e+11
28	3.88924192704e+11
29	1.61964553109e+12
30	6.18861604997e+11
31	73970449775.0
32	1.02078599574e+11
33	7.40554659508e+11
34	7.93291043757e+11
35	9.7102378956e+11
36	4.5655239443e+11
37	4.77934008111e+11
38	1.5469568298e+11
39	1.59922919424e+11
40	80511757701.7
41	5.46432417659e+11
42	85036485005.2
43	1.21449619707e+11
44	4.80663676149e+11
45	3.97671537883e+11
46	1.57871488941e+11
47	1.10792516099e+11
48	3.70472797089e+11
49	2.2176003933e+11
50	30698387587.1
51	1.87403108604e+12
52	53188989213.1
53	1.85998717779e+11
54	4.52325739169e+11
55	53068399996.6
56	1.4096512058e+12
57	60926356212.3
58	54881096763.8
59	7.01826106316e+11
60	76734717703.0
61	5.02437453813e+11
62	2.63799402219e+11
63	3.77804864622e+11
64	2.91905504382e+11
65	6.46578917213e+11
66	5.54025041287e+11
67	3.62394486664e+12
68	1.18640677446e+11
69	1.37664005972e+11
70	1.71877892701e+11
71	2.57927958822e+11
72	87531890542.8
73	6.99864775654e+11
74	1.0176005581e+12
75	3.1912820433e+11
76	60409908837.1
77	1.24521079347e+11
78	1.97029858974e+11
79	1.63734058675e+11
80	3.2412319284e+11
81	2.22085523467e+11
82	6.26470042451e+11
83	2.45659320489e+11
84	2.12811576878e+11
85	5.47735980696e+11
86	7.13055629126e+11
87	4.58191825595e+11
88	1.35802410066e+11
89	6.87210738294e+11
90	2.10434481719e+12
91	3.41709358016e+11
92	2.2118546878e+11
93	1.0032117423e+11
94	1.67657643494e+11
95	2.61480919829e+11
96	3.10474590874e+11
97	5.85818295321e+11
98	37772094309.6
99	4.31482251727e+11
100	3.13676517667e+11
101	4.9707957248e+11
102	4.11827399486e+11
103	1.98695461819e+11
104	3.6088021543e+11
105	1.52850111884e+11
106	2.82195985201e+11
107	1.11592510188e+12
108	2.85927950429e+12
109	2.01114547457e+12
110	1.63863005796e+11
111	5.02463057568e+11
112	83474059980.2
113	2.04513410458e+11
114	1.58002177401e+11
115	1.7656028035e+11
116	6.68894573585e+11
117	6.69101805241e+11
118	7.22092507175e+11
119	1.86429687626e+12
120	3.99600834491e+11
121	1.16179152016e+11
122	6.86132222692e+11
123	4.92781338632e+11
124	5.25432367483e+11
125	2.02240266164e+12
126	5.09436708069e+11
127	5.24285865197e+11
128	5.51226155068e+11
