0	4.8824852319e+12
1	8.65309592918e+11
2	2.09364818105e+12
3	9.25185346328e+11
4	9.48363079376e+11
5	2.56691446533e+12
6	4.64681403838e+12
7	2.47753456702e+12
8	4.24372346209e+12
9	3.01492747491e+11
10	1.05600406431e+12
11	9.34649669373e+11
12	2.26251267672e+12
13	2.90032837254e+11
14	2.67147497219e+11
15	3.98335979445e+12
16	2.43039772069e+12
17	6.3552659386e+11
18	1.92055425566e+12
19	6.4048115892e+11
20	5.25092511777e+11
21	1.02135573965e+13
22	2.52863842113e+12
23	3.9103561154e+12
24	2.69491906351e+12
25	5.37824522908e+12
