0	2.54582995923e+12
1	9.06157631898e+11
2	2.52261870188e+12
3	9.59594551726e+12
4	1.21889343789e+12
5	1.83214298249e+11
6	8.68481583301e+11
7	3.75070351323e+11
8	1.59801999559e+12
9	1.21195822037e+12
10	1.63477125471e+12
11	1.32189268678e+12
12	3.19469211383e+12
13	2.93469678981e+12
14	7.28278247947e+11
15	1.17445475853e+13
16	6.47399326069e+12
17	1.05753730155e+12
18	1.72952396733e+11
19	1.28941983692e+12
20	3.44695239109e+12
21	1.58634016086e+12
22	6.78341696506e+11
23	9.89871443485e+11
24	1.72647891278e+12
25	4.30160003467e+11
26	7.29858329408e+11
27	1.95160091441e+11
28	4.55309818492e+11
29	8.29262990001e+11
30	1.2949791095e+12
31	5.74612067941e+11
32	1.2063032279e+12
33	8.70179715469e+11
34	3.8809967969e+11
35	1.70491365789e+12
36	1.49472111519e+12
37	1.18021939859e+12
38	2.54129449364e+12
39	2.01011130903e+11
40	2.68869535677e+11
41	9.2979826073e+11
42	1.3904030291e+12
43	4.73004185397e+12
44	6.19819028606e+11
45	2.79089540841e+11
46	1.02921110027e+12
