0	4.12742513841e+12
1	1.3078232496e+13
2	9.10923595954e+11
3	5.7735947278e+12
4	2.25599071741e+12
5	9.74572582025e+12
6	2.26102048852e+12
7	1.62761999365e+12
8	1.95515217348e+12
9	5.63036583924e+12
10	3.59441245781e+12
11	1.21968405732e+12
12	6.22274292911e+12
13	5.84338072385e+12
14	1.13745879627e+12
15	1.04363134061e+13
16	3.9387154675e+12
17	1.54007829599e+12
18	1.12698080254e+13
19	7.73479632437e+12
20	2.19344543741e+12
21	2.52280574812e+12
22	2.62040017242e+12
23	2.26329928304e+12
24	3.33910756437e+12
25	5.19269413892e+12
26	2.95876894542e+12
27	1.58989071827e+12
28	1.99277810353e+12
29	3.33737558648e+12
30	1.55997824052e+12
31	2.49467819339e+12
32	3.0512098139e+12
