0	6.11598831355e+11
1	3.18446991562e+11
2	8.47158286385e+11
3	6.64198013358e+11
4	2.80748116541e+11
5	3.81701524055e+11
6	6.06113912028e+11
7	3.39586686763e+11
8	1.07744488644e+12
9	1.57053660899e+12
10	6.38146232292e+12
11	1.65899422162e+12
12	2.09272930283e+12
13	6.37094838929e+11
14	5.15048958004e+11
15	1.08569284107e+12
16	2.67610660331e+12
17	2.43862488727e+12
18	9.66955133926e+12
19	2.21299120498e+11
20	2.3022995675e+11
21	1.62352731584e+12
22	1.23887919348e+12
23	8.07685078581e+11
24	5.76868116487e+11
25	8.15665525011e+11
26	5.24779901606e+11
27	6.71784858749e+11
28	1.22034757425e+12
29	3.54661471243e+12
30	5.68165091797e+11
31	4.65931604799e+11
32	5.04119321745e+11
33	3.3757306313e+12
34	1.20726851669e+12
35	4.2206184852e+11
36	2.56441143683e+11
37	9.47890276464e+11
38	5.55687897686e+11
39	4.26293499044e+11
40	3.93699275675e+11
41	8.11225589833e+12
42	5.19684943673e+12
43	1.09311738077e+12
