0	50519798846.0
1	1.00184315325e+12
2	1.83039361884e+11
3	57287477021.7
4	40445171016.5
5	54123659706.1
6	9566204786.63
7	21626016926.5
8	37684865932.0
9	11282485423.5
10	19311824826.2
11	4.75066785818e+11
12	1.00500696313e+11
13	1.68306399423e+11
14	39250535261.2
15	41877101209.1
16	20541576788.3
17	1.17255133649e+11
18	2.24882610323e+11
19	44399835243.1
20	77780836310.4
21	11295893914.7
22	8.06315440025e+11
23	76991080397.2
24	46148519642.2
25	13431683125.2
26	28514550936.7
27	1.55383250813e+11
28	97760862412.7
29	93540893626.5
30	50306999966.6
31	1.8771742041e+11
32	38045570594.0
33	44242812236.3
