0	1.65140894611e+11
1	5.40272311337e+11
2	8.67933687232e+11
3	2.03566860504e+11
4	1.19757172072e+12
5	3.41489093643e+11
6	1.63903627672e+12
7	3.23474452389e+11
8	80687344757.8
9	44493205980.4
10	91144411260.5
11	1.77886427578e+11
12	3.84347932317e+11
13	92911513021.3
14	5.0832835518e+11
15	9.25996300421e+11
16	51944703596.6
17	1.06524820052e+11
18	7.26841827925e+11
19	5.52245326815e+11
20	86978027651.4
21	1.03965524532e+11
22	5.30648653568e+11
23	6.81806694968e+11
24	1.42885678782e+11
25	3.00996273081e+11
26	2.43734438997e+11
27	25827686960.7
28	6.27942658024e+11
29	2.65821584718e+11
30	97590269746.7
31	1.62879837323e+11
32	81317453491.8
33	1.66951542589e+11
34	1.16732673973e+11
