0	6.32387371562e+11
1	1.3613344426e+11
2	8.22943270255e+11
3	1.99028290356e+11
4	1.79394313428e+11
5	3.28770437068e+12
6	7.44354883941e+11
7	2.21814458607e+11
8	99256968132.5
9	6.11593224886e+11
10	9.86192174031e+11
11	91315333128.1
12	2.28883764951e+11
13	3.21033599146e+11
14	1.19838465392e+12
15	6.15845079551e+11
16	95365559215.4
17	1.3110986264e+11
18	3.56979768115e+11
19	2.14822771157e+11
20	2.21218994286e+11
21	88273291025.7
22	84949619558.4
23	2.51815627008e+11
24	89593251356.4
25	3.07652852086e+11
26	2.98902770294e+11
27	1.03366955662e+12
28	2.51346010296e+11
29	9.54205387921e+11
30	9.22884375567e+11
31	82160378647.9
32	9.48893110561e+11
33	2.55212488028e+11
34	2.51228820413e+11
35	1.39831643762e+11
36	2.80616010242e+11
37	4.59540519569e+11
38	2.30010549638e+11
39	2.58217301505e+11
40	1.05027544936e+11
41	5.90663776566e+11
42	5.24741201693e+11
43	91373466509.8
44	4.43458309125e+11
45	5.61883190164e+11
46	7.41051274162e+11
47	4.40614365782e+12
48	1.13149440829e+12
49	2.24494337229e+11
50	1.88983578467e+11
51	1.12429729546e+11
52	76536121111.2
53	1.88228872654e+11
54	3.4228673494e+11
55	4.82527410325e+11
56	6.76474812301e+11
57	3.89821625104e+11
58	82420600197.7
59	3.4048080434e+11
60	98245665736.4
61	3.16968649233e+11
62	73964127155.6
63	7.69526038421e+11
