0	9.04920818937e+11
1	69453722079.9
2	1.47949693685e+11
3	5.03942141861e+11
4	1.01461922603e+12
5	1.30453431143e+11
6	3.64538624113e+11
7	1.16519334657e+11
8	3.44228168966e+11
9	6.55938616352e+11
10	1.01014193959e+11
11	8.88100667545e+11
12	1.27276795708e+12
13	1.86051089391e+11
14	1.11531188591e+11
15	1.82723234335e+11
16	1.73313728538e+11
17	1.09068212171e+11
18	1.28841603567e+12
19	1.60828885953e+11
20	5.00272845751e+11
21	1.30371487702e+11
22	77430270198.3
23	4.59192909009e+11
24	1.16657598722e+11
25	7.05013053332e+11
26	6.24131690831e+11
27	1.11004227622e+11
28	1.22624693164e+12
29	3.85763127943e+11
30	49452693336.9
31	2.7042120271e+11
32	1.30237969615e+11
33	26247959930.3
34	3.39141488982e+11
35	78692657713.7
36	4.59035455209e+11
37	7419319981.43
38	3.25416011567e+11
39	2.15801846505e+11
40	2.50819323482e+11
41	87434240886.8
42	2.47141763815e+11
43	2.2095007031e+11
44	82870422163.6
45	3.65173808542e+11
46	1.89858057822e+11
47	3.15930480201e+11
48	3.82740730772e+11
49	3.53860702125e+11
50	2.25221337958e+11
51	2.33624159174e+11
52	1.41730422466e+11
53	38802949320.3
54	1.80093783918e+11
55	3.77874876442e+11
56	1.00231799365e+12
57	2.05729155239e+11
58	5.97720263172e+11
