0	5.08438071223e+11
1	3.9168431e+11
2	1.04618142287e+12
3	1.02888484811e+12
4	2.69225470471e+12
5	7.0733715029e+11
6	8.9882074226e+11
7	1.43026836771e+12
8	4.59992924511e+12
9	4.72311865937e+12
10	1.47139333295e+12
11	6.22214274705e+11
12	2.25896546646e+12
13	3.30093156105e+11
14	5.15851787469e+11
15	1.30027376005e+12
16	4.9720372516e+12
17	3.28327559812e+12
18	2.77787267798e+12
19	3.74829574399e+11
20	2.58423871871e+12
21	4.14386707109e+11
22	4.69539269164e+11
23	2.57030236103e+12
24	1.57527863911e+12
25	3.25943835895e+11
26	7.27230519488e+12
27	1.17342721797e+12
28	3.12728293142e+11
29	2.71323089954e+12
30	7.3863707451e+12
31	4.19501697838e+11
32	2.410473317e+12
