0	8.24169023684e+11
1	1.19722285873e+12
2	1.97955523245e+11
3	43828053625.0
4	92673867841.5
5	5.98538703831e+11
6	2.2201500799e+11
7	1.44134507545e+12
8	1.55266213071e+11
9	31963042932.0
10	4.3239601206e+11
11	4.86165862162e+11
12	3.64840131856e+11
13	95959570783.7
14	1.21052133801e+11
15	4.31148048334e+11
16	1.34138712837e+12
17	2.07415934414e+12
18	7.43061379232e+11
19	3.22416232159e+11
20	64648260841.5
21	96183254543.0
22	1.19044047293e+12
23	2.6796640305e+11
24	2.10494868735e+11
25	2.72434439338e+11
26	4.69507315777e+11
27	70315344127.2
28	1.13376887421e+11
29	1.59487496495e+11
30	1.74200446075e+11
31	1.13013937531e+11
32	3.20059363709e+11
33	48927732538.0
34	39512926078.7
35	6.05628525198e+11
36	1.42037349175e+11
37	1.92672642295e+12
38	1.8485725365e+11
39	8.53318433478e+11
40	56730276000.7
41	5.29232452252e+11
42	1.22095158242e+11
43	1.41725128571e+11
44	5.4612791612e+11
45	4.2637424706e+11
46	6.73286597658e+11
47	1.22376953673e+12
48	6.89579634668e+11
49	1.45402272029e+11
50	1.59336817743e+11
51	8.79784208041e+11
52	3.81170785329e+11
53	1.10508048306e+11
54	1.67336918451e+12
55	26240462802.1
56	2.6923536209e+11
57	1.07442190971e+12
58	3.18069122012e+11
59	1.90964921329e+11
60	2.83878730566e+11
61	1.45597514347e+11
62	2.09506791124e+11
63	4.15899231299e+11
64	1.90772410198e+12
65	1.41948910334e+12
66	2.50703432025e+11
67	1.6615483694e+12
68	1.56449027437e+11
69	9.04074133368e+11
70	8.7793124547e+11
71	6.19521161373e+11
72	55741079991.0
73	3.46788165598e+11
74	5.89365235859e+11
75	1.15198681577e+11
76	1.69059407435e+11
77	2.21878861669e+11
