0	4.23909228578e+11
1	1.60229667499e+12
2	4.78214003932e+11
3	1.01485804765e+11
4	6.05224701505e+11
5	1.38013447283e+11
6	3.7447401075e+11
7	1.83030842437e+11
8	2.40727400096e+11
9	2.1956574831e+11
10	1.78295777588e+11
11	99703106407.2
12	2.81642640522e+11
13	2.0386861055e+11
14	2.6785575698e+11
15	1.48437443261e+11
16	1.18834802535e+11
17	62018052525.0
18	9.47933068546e+11
19	3.07583345239e+11
20	1.10000669046e+11
21	5.57382148883e+11
22	2.16344120945e+11
23	1.16791666573e+12
24	9.7991257525e+11
25	3.09775031575e+11
26	1.65981066265e+11
27	90846236491.9
28	6.43163537688e+11
29	4.52325960257e+11
30	1.92753885751e+11
31	1.44435074215e+11
32	1.43590361752e+11
33	4.42569692424e+11
34	2.27178377481e+11
35	1.3073964692e+11
36	4.01539475298e+11
37	2.52164680941e+11
38	4.39949485342e+11
39	1.08810767737e+12
40	3.64389953315e+11
41	52339641404.9
42	1.01496290083e+12
43	4.66671810234e+11
44	9.51906106989e+11
45	75577417553.2
46	51637374753.8
47	1.91247024308e+11
48	1.50516510749e+11
49	2.90615482741e+11
50	2.71991183913e+11
51	3.60443464856e+11
52	1.91351980851e+11
53	3.26152721494e+11
54	14062299672.2
55	3.34741626576e+11
56	1.49607233347e+11
57	1.88688515427e+11
58	2.3011226086e+11
59	3.5196197186e+11
60	2.34188440574e+11
61	5.76671614482e+11
62	2.39853231554e+11
63	4.76605167164e+11
64	9.7905442272e+11
65	2.34266183413e+11
66	77576343695.7
67	3.22673247193e+11
68	6.44560720744e+11
69	1.17135670122e+11
70	2.91246524143e+11
71	2.13541484652e+11
72	4.39227045922e+11
73	9.78017387929e+11
74	52653714397.4
75	8.48181022351e+11
76	2.92488644421e+11
77	2.16820354409e+11
78	4.08809275229e+11
79	3.00626646065e+11
80	1.74671213489e+11
81	6.97748246011e+11
82	2.79136309529e+11
83	2.65092517337e+11
84	2.09276578477e+11
85	4.26868390273e+11
86	1.59363076623e+12
87	7.21373917853e+11
88	2.48893874695e+11
89	2.18821591951e+11
90	4.8807340485e+11
91	2.81360084344e+11
92	1.39752711554e+11
93	5.09360030663e+11
94	3.42874961511e+11
95	45558240237.9
96	1.80465689605e+11
97	1.24449036652e+11
98	3.30180279375e+11
99	1.44637510493e+11
100	86416380565.0
101	98745303632.9
102	92834878864.8
103	2.37860956732e+11
104	81605594067.8
105	7.879259066e+11
106	2.86294919971e+11
107	1.45976256791e+11
108	3.0422112377e+11
109	5.23345193714e+11
110	39753152577.4
111	1.71156552751e+12
112	3.68279855474e+11
113	1.09922046363e+11
114	2.23098872204e+11
115	45688871675.1
116	5.05804188981e+11
117	4.1324009138e+11
118	3.43979013027e+11
119	9.32541141442e+11
120	2.33736207152e+11
121	4.26464476589e+11
122	91690053133.8
123	66449062143.3
124	6.07233967177e+11
125	4.72561246049e+11
126	2.49460360611e+11
127	4.22470433633e+11
128	62438042574.5
129	4.1281100121e+11
130	47305852734.6
131	3.89671492054e+11
132	3.50162308819e+11
133	4.52722269054e+11
134	1.03929506306e+12
135	8.19833677506e+11
136	2.46249508568e+11
137	1.32096555417e+11
138	87509861995.5
139	1.1934355935e+11
140	63039753155.8
141	1.72825295914e+11
142	1.2639714831e+11
143	21383212941.4
144	1.53519462613e+11
145	1.70498594198e+11
146	2.82824066276e+11
147	61079943369.6
