0	66726255010.5
1	3.7960790356e+11
2	1.74680875679e+12
3	4.62621074466e+11
4	1.40241107541e+11
5	2.44625310977e+11
6	3.75362061744e+11
7	1.02513762929e+12
8	4.07871375144e+11
9	1.36634964531e+12
10	2.58721355022e+11
11	5.82405055844e+11
12	5.92856923308e+11
13	2.08435620493e+11
14	3.96869727368e+11
15	4.84712383181e+11
16	1.6964879741e+11
17	5.54586132572e+11
18	21747403135.5
19	1.14222687547e+12
20	1.21122302789e+11
21	7.58933728135e+11
22	74894319535.4
23	1.38087608034e+11
24	6.40243780371e+11
25	1.26868790274e+12
26	36554419205.9
27	1.52015378882e+11
