0	2.53581740018e+12
1	6.76899365967e+11
2	1.13292935978e+12
3	8.91193472926e+11
4	2.3622839146e+11
5	1.79375008589e+12
6	1.55353802868e+12
7	8.06611931822e+11
8	1.1047455322e+12
9	4.81549355012e+11
10	4.314634406e+12
11	1.24568318384e+11
12	3.62205021386e+11
13	1.18013006134e+12
14	3.38452652141e+11
15	2.01408331585e+12
16	5.54064783285e+11
17	3.25999916849e+12
18	2.9643068836e+11
19	4.34467952582e+11
20	1.893305725e+11
21	2.82420146422e+11
22	5.86511783591e+11
23	1.31695532961e+12
24	1.2258884806e+12
25	2.0650626331e+11
26	2.30776989702e+12
27	1.50311663651e+12
