0	1.76914460105e+12
1	9.9688912174e+12
2	5.06794681093e+12
3	1.46246818791e+12
4	1.43237570655e+13
5	2.18076445212e+12
6	3.22126853973e+12
7	1.43747569451e+12
8	2.0316760027e+12
9	2.86858747162e+12
10	1.02091992189e+13
11	9.06059602451e+11
12	1.91318472138e+12
13	2.56633390793e+13
14	2.78783011386e+12
15	1.64480794452e+13
16	1.42336294818e+12
17	1.35799926335e+12
18	9.2433508049e+12
19	1.56671509007e+12
20	1.55346758938e+12
21	5.32488313371e+12
22	1.40924835533e+13
23	9.52247543909e+12
24	1.62981667686e+12
25	1.37867684538e+13
26	1.03390628329e+12
27	1.94731433109e+13
28	3.56015732014e+12
29	6.71681925256e+12
30	2.65557496564e+12
31	1.61577466889e+13
32	6.64052016508e+12
33	5.65629560442e+12
34	2.7738284557e+12
35	2.7572420374e+12
36	1.0657669713e+12
37	5.52859641959e+11
38	3.59317985677e+12
39	1.52347783006e+12
40	1.20225025768e+13
41	4.27107730551e+12
42	2.0391980831e+12
43	6.46091142498e+12
44	2.28370769167e+12
45	3.15661172578e+12
46	3.08210541987e+13
47	2.83620427792e+12
48	4.60568901955e+13
49	7.48587269119e+12
50	8.12583490992e+12
51	2.9043180628e+12
52	1.41630965797e+13
53	5.28428485834e+13
54	2.36022947062e+12
55	1.24731331736e+11
