0	44541371808.2
1	80099799047.6
2	4.11291172984e+11
3	6.00042672957e+11
4	65675332116.9
5	1.84075809464e+11
6	4.30934804848e+11
7	3.14014853584e+11
8	2.51809072384e+11
9	32395055933.5
10	1.53858176749e+11
11	1.64880158061e+11
12	2.3606914844e+11
13	2.66454433e+11
14	1.11270286009e+11
15	1.67475470676e+11
16	2.46141570118e+11
17	1.09221931628e+12
18	2.31775060421e+12
19	4.79608700545e+11
20	3.16512537749e+11
21	61050024825.6
22	8.44797653591e+11
23	1.26545111285e+11
24	95597215887.5
25	5.22521957726e+11
26	3.26456375783e+11
27	5.32607420391e+11
28	1.30287293082e+11
29	1.80155334031e+11
30	1.73456410294e+11
31	2.19652640353e+11
32	9.19998191367e+11
33	1.94792077423e+11
34	1.12428391432e+11
35	4.9169616824e+11
36	4.74900740924e+11
37	4.4722984424e+11
38	3.08073281918e+11
39	63621791834.4
40	98820916461.0
41	2.09199571262e+12
42	1.32072885462e+11
43	4.40895245079e+11
44	94454930981.9
45	22606769971.9
46	1.11562815018e+11
47	2.67281138081e+11
48	1.29380226515e+11
49	2.52645779175e+11
50	1.1790699518e+11
51	7.15707763458e+11
52	2.32939716881e+11
53	98194506023.5
54	7.00880456032e+11
55	1.56612475243e+11
56	82558694213.0
57	3.43556281178e+11
58	1.53710944794e+11
59	1.41004467368e+12
60	1.39816287186e+11
61	2.91775120771e+11
62	4.48574095011e+11
63	1.48578396447e+11
64	2.33619280457e+11
65	3.96575764412e+11
66	1.57988665509e+11
67	1.22381752199e+11
68	3.85700728197e+11
69	2.7112753506e+11
70	1.10923866985e+11
71	47244538783.6
72	3.66581951507e+12
73	2.16328460366e+11
74	63367405048.4
75	3.19153335251e+11
76	1.92943337813e+11
77	4.27776181424e+12
78	1.37644296271e+12
79	1.46803826963e+11
80	1.93455297159e+11
81	4.06529310486e+11
82	43913585495.9
83	1.49601784091e+11
84	2.25962479293e+11
85	1.06128728316e+11
86	1.18007398753e+11
87	1.73869738624e+11
88	7.08682526898e+11
89	1.94414033801e+11
90	2.04744949903e+11
91	2.62214820769e+11
92	48146128513.8
93	22202830926.3
94	3.59434742837e+11
95	51278471611.5
96	6.98916935618e+11
97	1.68245291115e+11
98	2.96070968171e+11
99	1.62907316446e+11
100	1.78398779665e+11
101	17786300581.9
102	69456941885.0
103	2.61064915974e+11
104	4.66740022935e+11
105	2.84179637232e+11
106	1.44345308366e+11
107	1.99442697592e+12
108	1.15925998669e+11
109	6.7696457324e+11
110	6.2546887842e+11
111	1.71258600315e+11
112	3.69283173692e+11
113	59632351215.2
114	2.24562372134e+11
115	5.80671069902e+11
116	4.73432536898e+11
117	1.09241832826e+11
118	1.19350299268e+11
119	2.9863131042e+11
120	1.38786181192e+11
121	2.75036192565e+11
122	82618177654.9
123	48520878646.2
124	49979379649.0
125	74969769276.4
126	1.11855075287e+12
127	4.40258668584e+11
128	36623060072.5
129	2.55108718335e+11
130	4.93618445864e+11
131	1.37919108095e+12
132	36243655899.7
133	1.12817533495e+11
134	92816434135.2
135	3.5344049319e+11
136	1.94205024456e+11
137	99187449745.6
138	2.98354765979e+11
139	4.78991995741e+11
140	5.82881823606e+11
141	38946402742.7
142	2.70724192202e+11
143	3.84837440294e+11
144	48219313145.8
145	1.88354782957e+12
146	2.40564858355e+11
