0	5.93646435334e+11
1	2.82595086479e+11
2	1.05586384747e+12
3	1.84221034272e+12
4	4.06930129162e+11
5	6.60199061905e+11
6	2.25197481782e+11
7	9.27204539071e+11
8	1.93057399526e+11
9	2.18129900502e+11
10	4.69610722667e+11
11	1.2110525042e+11
12	4.43748660763e+11
13	1.65316717751e+12
14	1.74294107246e+12
15	1.17407923228e+11
16	2.51628855994e+11
17	5.74920442467e+11
18	2.94442266687e+11
19	6.80729545681e+11
20	3.76954731241e+12
21	1.42039424207e+12
22	1.84988563311e+12
23	2.06699427972e+11
24	3.56734855569e+12
25	2.33015132315e+12
26	6.99005636129e+11
27	2.17008530328e+12
28	1.82677769726e+12
29	1.11491724021e+11
30	5.35480843675e+11
31	7.11552840426e+11
32	1.15908690287e+11
33	5.66954706801e+11
34	1.01247130563e+12
35	1.11953467503e+11
36	1.30677669522e+11
37	1.37323831787e+12
38	4.52274301057e+11
39	3.37131348755e+12
40	1.41707891064e+12
41	8.98714485458e+11
42	8.33270902975e+11
43	6.62048169333e+11
44	6.91020654852e+11
45	1.45183567472e+11
46	2.63617254444e+11
47	5.67877221168e+11
48	2.9254359653e+12
