0	5.66602139046e+11
1	2.02734107263e+11
2	2.76204251918e+12
3	1.52764387547e+12
4	3.88720674486e+11
5	1.94939407586e+12
6	6.59973161252e+11
7	1.37237441132e+12
8	5.2655664383e+11
9	3.19113287532e+11
10	1.92574291534e+12
11	1.665499569e+11
12	1.0250229445e+12
13	4.66220390351e+11
14	4.5817718811e+11
15	7.18971183975e+11
16	1.38961198714e+12
17	2.12546112017e+11
18	8.68096317126e+11
19	1.96253440928e+12
20	4.31796169488e+11
21	7.0312743105e+11
22	1.65389363418e+12
23	1.79532926202e+11
24	2.80769739935e+11
25	2.57564078203e+12
26	1.59789449067e+11
27	3.52626322395e+11
28	3.79317308305e+11
29	1.24040555054e+12
30	2.86255233561e+11
31	1.6117767379e+12
32	6.12569754802e+11
33	1.84872055881e+12
34	1.71389945218e+12
35	1.00954162319e+12
36	2.39503806843e+11
37	1.66550588781e+11
38	1.80686763509e+11
39	3.43759296566e+11
40	4.75143950012e+11
41	3.82533008617e+11
42	1.68995476348e+12
43	3.00193898556e+11
44	5.0524008258e+11
45	1.43235485207e+12
46	3.95876565092e+11
47	1.17036228098e+12
48	58982138660.5
49	1.00297620274e+12
50	9.96864709252e+11
51	2.32546981806e+11
52	5.27489008928e+11
53	2.91691946788e+12
54	3.47517507308e+11
55	2.46926609896e+12
56	5.99188601073e+11
57	1.41329146453e+11
58	5.11192206613e+11
59	1.17574331673e+12
60	3.22620932304e+11
61	1.88229400912e+12
62	8.61719214528e+11
63	2.88011039784e+11
64	2.01303586104e+12
65	1.54887435301e+12
66	4.45037626876e+11
67	4.29502929004e+11
68	7.66706372596e+12
69	4.97442651973e+11
70	4.23443296809e+12
71	2.07779234779e+12
72	2.69575433849e+12
73	9.40046022607e+11
74	1.23811902195e+12
75	2.57801900033e+12
76	1.31038777111e+13
77	1.70493783041e+12
78	1.32218220273e+11
79	3.53375317912e+11
80	6.43569391229e+11
81	3.95918019945e+11
82	2.10044858078e+12
83	6.14793786643e+11
84	4.7803921477e+11
85	5.48870712607e+11
86	6.68216905442e+11
87	5.08613476833e+12
88	7.56330561068e+11
89	1.05902159958e+11
90	6.50892668198e+11
91	9.68914180558e+11
92	8.3383174344e+11
93	8.09785854803e+12
94	1.74024320388e+12
95	1.25497735444e+12
96	5.47919066842e+11
97	2.82872098746e+11
98	1.30629725718e+12
99	6.07757800271e+12
100	2.97086926856e+11
101	3.23992207045e+11
102	2.29038453999e+12
103	1.92850572597e+12
104	2.17196120142e+11
105	1.1591820577e+12
106	5.93750206139e+11
107	9.7797148156e+11
108	2.03349244908e+11
109	1.3582051232e+12
110	5.60399162532e+12
111	9.01283028368e+11
112	2.60968450766e+11
113	6.51146452587e+11
114	2.62013314698e+12
115	96631420160.4
116	2.75986962275e+11
117	1.05636195778e+12
118	3.22363595864e+12
119	3.1157583904e+11
120	4.05066481789e+11
121	1.023301515e+11
122	8.63713732572e+11
123	5.68398582511e+11
124	4.3080953569e+11
125	2.03481783181e+11
126	2.40146092545e+12
127	7.71418563452e+11
128	2.46515456497e+11
129	5.89555216368e+11
130	6.23401119149e+11
131	4.23718842591e+11
132	1.87065157366e+12
133	3.94421035023e+11
134	3.81702319275e+11
135	3.06950581237e+11
136	1.76061767786e+11
137	1.80486621361e+12
138	1.08602094647e+12
139	2.23571695039e+12
140	1.5654131879e+11
141	5.49711425431e+11
142	9.65101948661e+11
143	1.0001099447e+12
144	6.72455252986e+11
145	1.75947853195e+12
146	7.74488677843e+11
147	3.74987740105e+11
148	1.54707954709e+12
149	6.24724818915e+11
150	1.79279892567e+12
151	4.62025901896e+11
152	4.55977005356e+12
153	7.32308613078e+11
154	1.84341386721e+11
155	2.94529205374e+11
156	3.64876560607e+11
157	4.25758216766e+12
158	6.29193544117e+11
159	6.76054590936e+11
160	4.82975020044e+11
161	6.73419728722e+11
162	3.51905863271e+12
163	3.26559446542e+11
164	1.19037840207e+11
165	3.3233332817e+11
166	5.96308876386e+11
167	1.91137197223e+12
168	4.76550524527e+11
169	4.73519536149e+11
170	5.90238990263e+11
171	5.43469936044e+11
172	4.14279230296e+11
173	3.30150659318e+12
174	7.53239308023e+11
175	1.83459316847e+11
