0	1.8772471632e+11
1	3.48705806192e+11
2	35204531749.2
3	96066557700.6
4	1.99906266387e+11
5	32971075734.6
6	2.51574480266e+11
7	55971224774.5
8	1.18818494348e+11
9	2.31269576518e+11
10	22747612338.4
11	84935893803.0
12	60761125981.6
13	1.44934709422e+11
14	2.30756919442e+11
15	3.69632669879e+11
16	7.26103122996e+11
17	1.14257774881e+11
18	2.32207453694e+11
19	1.03990036883e+11
20	2.28946896581e+11
21	1.04385654791e+11
22	17613597627.4
23	2.28333306473e+11
24	53893757324.9
25	2.75969204883e+11
26	2.40590716593e+11
27	1.03429477871e+11
28	2.87052172192e+11
29	1.17657280054e+11
30	1.04031061004e+11
31	85495690461.0
32	4.16072474816e+11
33	6.24376880445e+11
34	2.24830000531e+11
35	1.6089649124e+11
36	3.65984361206e+11
37	35746753599.5
38	1.52302180402e+11
39	3.00805142681e+11
40	1.22868994114e+11
41	1.02723054596e+11
42	62703760439.5
43	1.14278927867e+11
