0	2.13281391347e+11
1	1.90514482002e+12
2	4.62144983561e+11
3	6.75229635951e+12
4	2.02379866365e+11
5	1.41820977155e+12
6	2.65752343182e+11
7	1.68972964496e+12
8	2.70512519909e+11
9	1.42016028643e+12
10	2.6225880674e+12
11	1.29217170696e+12
12	1.35387861599e+12
13	2.24631256679e+12
14	1.96409392635e+11
15	8.39609304284e+11
16	1.45986456915e+12
17	1.42494714219e+12
18	8.09485894876e+11
19	7.28636644662e+11
20	3.2170849226e+12
21	1.29461878448e+12
22	1.15714981846e+12
23	8.7149292936e+11
24	1.07605165708e+12
25	9.64175909864e+11
26	3.14894718879e+12
27	8.37598047277e+11
28	1.59124619104e+12
29	1.70046588097e+12
30	2.6091609773e+11
31	6.48495549257e+11
32	1.89971279793e+11
33	2.84469795546e+12
34	2.30004322627e+11
35	1.85632187182e+12
36	1.33633572661e+12
37	4.73864941954e+11
38	2.53589314428e+11
39	3.94069860631e+11
40	3.40980641977e+11
41	7.57694869604e+11
42	1.44918532e+11
43	9.67722730505e+11
44	2.3637398106e+11
45	1.23053799488e+12
46	6.30112846795e+11
47	3.65165451823e+11
48	1.52243261661e+12
49	2.95063947408e+11
50	2.85490202998e+12
51	6.48530713782e+11
52	4.44096716736e+11
53	3.89032135635e+11
54	1.13356767234e+12
55	2.81383629649e+12
56	3.74144420176e+12
57	6.69549994903e+11
58	55770467896.5
59	5.89681816304e+11
60	1.37224209679e+11
61	5.2452403206e+11
62	4.12395001759e+11
63	5.04754189726e+11
64	1.91017257238e+12
65	6.03148001398e+11
66	1.3446871516e+12
67	4.76356842903e+11
68	2.35735973476e+12
69	6.2987871731e+11
70	56934014036.8
71	3.68216555923e+11
72	3.66389177434e+12
73	4.04622240218e+11
74	8.97338761997e+11
75	5.06236419612e+11
76	1.30988086796e+12
77	1.76203349094e+12
78	2.7362009501e+11
79	2.04019922576e+12
80	1.38614731375e+12
81	5.77507060638e+11
82	5.50553184521e+12
83	79493662182.9
84	1.05097803751e+12
85	2.93880860372e+12
86	2.2038384411e+11
87	2.79450023319e+12
88	2.0297898824e+11
89	1.04064805645e+12
90	2.44940437136e+11
91	2.8619428209e+11
92	5.48445895564e+12
93	1.87974619506e+11
94	2.65164894433e+11
95	2.36013286605e+12
96	6.16258412743e+12
97	2.30040481621e+11
98	2.61479517139e+11
99	8.4644837498e+11
100	5.84690511407e+11
101	2.22929689936e+12
102	1.44313033371e+12
103	1.52726859983e+11
104	6.75612163668e+11
105	5.50229429811e+11
106	1.79792208517e+11
107	1.58478666704e+11
108	4.6988730969e+12
109	7.03616122736e+11
110	1.30509326315e+12
111	55524615187.4
112	3.16834848792e+12
113	3.57910770611e+11
114	2.99186686224e+12
115	1.6682750881e+11
116	4.29325943723e+11
117	1.16933339642e+11
118	4.22383361014e+12
119	2.59461891062e+11
120	1.88903806114e+11
121	3.08155070481e+11
122	4.27367984614e+11
123	6.88983955388e+12
124	3.37291646181e+12
125	1.24235795818e+12
126	7.32433402318e+11
127	8.64019823363e+11
128	1.55125609721e+11
129	3.53645917967e+12
130	9.66410660136e+11
131	3.94957379993e+11
132	4.21652668373e+11
133	8.22972965712e+11
134	5.54322987232e+11
135	1.22380381107e+12
136	3.09726544579e+12
137	9.21009039453e+11
138	7.40431884464e+11
139	1.7897916172e+11
140	7.42419647143e+11
141	1.4386122478e+12
142	1.0509519087e+12
143	2.20940786046e+12
144	1.7013331835e+12
145	1.3592749407e+12
146	2.70763343023e+11
147	3.79551905766e+12
148	1.625674725e+12
149	1.18438265353e+12
150	1.1696651247e+12
151	5.06725405534e+11
152	2.12978684169e+12
153	2.57196983331e+12
154	2.32435421923e+12
155	3.04154697186e+12
156	3.08746159778e+11
157	1.3657749161e+11
158	3.31466598731e+11
159	2.68436337356e+11
160	1.70578983925e+12
161	5.68950597187e+11
162	6.4024692049e+11
163	1.77900782312e+12
164	5.15520999798e+11
165	4.42280302141e+12
166	2.6656710143e+11
167	7.860969382e+12
168	3.1856114071e+11
169	4.43854625103e+11
170	6.1495800807e+11
171	3.48463808759e+12
172	4.90736315529e+12
173	2.44114669137e+11
174	1.90097221412e+11
175	1.14842157697e+12
176	2.68696177594e+12
177	6.95534111169e+11
178	2.9152378807e+11
