0	2.7438347547e+11
1	57334122811.2
2	8.07525452064e+11
3	2.93017623551e+11
4	1.09518585594e+12
5	1.12373519226e+11
6	2.86772941117e+11
7	3.55294496538e+11
8	1.87559358887e+11
9	1.15695953499e+11
10	6.40106646121e+11
11	8.60215862568e+11
12	4.92845884846e+11
13	4.03880013673e+11
14	73350820823.5
15	1.50973362259e+11
16	1.28781914512e+11
17	3.39868773679e+11
18	3.47033603092e+11
19	85643265697.5
20	4.16733275028e+11
21	1.24481604787e+11
22	4.15527591578e+11
23	2.44075018437e+11
24	2.90091129014e+11
25	2.74183026924e+11
26	4.42108260116e+11
27	61701618037.7
