0	3.32405316452e+12
1	1.8868931995e+12
2	3.00880891764e+12
3	4.32777440132e+12
4	7.30273186133e+11
5	9.1483174331e+11
6	1.97219220724e+12
7	1.23046749152e+12
8	2.76887537867e+12
9	1.17180894808e+12
10	1.96072068697e+12
11	2.28848225607e+12
12	1.19913152329e+12
13	4.02402102171e+12
14	4.13447896097e+12
15	2.01310914149e+12
16	1.43963171324e+13
17	2.14784316452e+12
18	3.51884747295e+11
19	1.64029612409e+12
20	2.93922832479e+12
21	7.42482135846e+11
22	4.03416693227e+12
23	2.88836781108e+13
24	7.97924656102e+12
25	4.21301977557e+12
26	1.62808369463e+12
27	1.48591480253e+13
28	2.3979278356e+12
29	4.43950838155e+12
30	6.57303087986e+12
31	1.93284204831e+12
32	3.10998260138e+12
33	4.77206281593e+11
34	1.2541907051e+12
35	1.44063073769e+12
36	1.81422673719e+12
37	4.98344684528e+12
38	1.2616609794e+12
39	1.02964185097e+13
40	1.71900105951e+12
41	1.34264238657e+12
42	1.07815766865e+12
43	1.45300580093e+13
44	8.67329827634e+12
45	1.09170161701e+13
46	1.06798603718e+13
47	4.42025332322e+12
48	4.81808372913e+12
49	8.11288811779e+12
50	1.28125618437e+12
51	3.52563956219e+12
52	7.20420256716e+12
53	5.03266811538e+12
54	3.16022356788e+11
55	2.65349972742e+12
56	5.68950749915e+12
57	1.09347306512e+12
58	1.21903262858e+12
59	1.84669462796e+12
60	3.64169320072e+12
61	6.58448820856e+11
62	2.31332255866e+12
63	3.48365295586e+12
64	2.0015266178e+11
65	3.11046139923e+12
66	4.66904771142e+12
67	6.90910099782e+12
68	1.9122599755e+12
69	6.57152184773e+12
70	4.83937738519e+12
71	2.03739889526e+12
72	3.72744341023e+12
73	5.6779042176e+12
74	4.49396679865e+12
75	2.17980225376e+12
76	4.11116110875e+12
77	3.72288257215e+11
78	8.77389772706e+11
79	2.29600842216e+12
80	1.14053286755e+13
81	1.43439327587e+12
82	1.88233236749e+12
83	1.52970744446e+12
84	1.47879898689e+12
85	1.92451638931e+12
86	3.66305149474e+12
87	4.31313409999e+11
88	1.27750448364e+13
89	4.65595546187e+12
90	1.02371702198e+12
91	1.74617614689e+13
92	3.86101942316e+12
93	6.48808823135e+12
94	3.21078126422e+13
95	5.32407548786e+12
96	3.65421823696e+12
97	4.16022083702e+12
98	2.00856186055e+12
99	1.32319097364e+12
100	2.121635e+12
101	1.42712569198e+13
102	1.40734623558e+12
103	6.26211134422e+12
104	3.84108878276e+12
