0	8.17486069617e+12
1	3.03815124274e+12
2	5.73930250409e+12
3	3.69618012638e+11
4	1.38380025996e+12
5	1.99577468073e+11
6	7.32145310732e+11
7	3.34216675904e+11
8	4.32015810886e+11
9	1.14669858478e+12
10	97022642584.7
11	5.44823294241e+11
12	5.4881538549e+11
13	4.85513799274e+11
14	1.18795560455e+12
15	2.54036984627e+11
16	5.93964794038e+11
17	1.30155041821e+11
18	8.76791844216e+11
19	1.39768580691e+11
20	2.86118709683e+12
21	2.8775033513e+12
22	1.63588419543e+11
23	1.05097860482e+12
24	3.36396310201e+11
25	2.08261138537e+12
26	1.44274651942e+12
27	1.72642778737e+12
28	7.04713540821e+11
29	2.41253702025e+12
30	1.86722415682e+11
31	4.57939717137e+11
32	5.10932209082e+11
33	3.70674924572e+11
34	8.96789026911e+12
35	3.0175845618e+12
36	1.06540456052e+11
37	2.30028824908e+11
38	32812733276.7
39	7.29871194334e+11
40	1.43254176344e+12
41	1.72586614787e+12
42	9.88181981027e+11
43	9.64116224389e+11
44	9.01865003315e+11
45	5.82772182216e+11
46	6.50556588877e+11
47	5.67292173308e+11
48	7.95732557364e+11
49	5.70413099357e+12
50	4.38437565273e+12
51	8.19472391975e+11
52	5.58946693816e+11
53	2.00512738446e+12
54	7.62046814163e+11
55	1.61760762723e+12
56	89083512229.1
57	3.00746524608e+11
58	6.21374600618e+11
59	5.44605111011e+11
60	2.17661797601e+11
61	3.19479711905e+12
62	3.32507072272e+11
63	8.69742635244e+11
64	1.46034388558e+12
65	7.08127651282e+12
66	5.66728842708e+11
67	2.53152239007e+12
68	3.49211970466e+11
69	1.67496556847e+11
70	2.24063140076e+11
71	7.95073546398e+11
72	1.61005655331e+11
73	4.26111282075e+11
74	5.37750455111e+11
75	7.13714372913e+11
76	2.36230100929e+11
77	4.2850554108e+12
78	1.23111687607e+12
79	8.10101085754e+11
80	6.05245524308e+11
81	9.55465589494e+11
82	2.01538670212e+12
83	4.031042646e+11
84	6.48353739204e+11
85	2.70822374578e+11
86	2.2168159224e+12
87	2.508615361e+12
88	3.90989247038e+11
89	2.25336492309e+12
90	1.16226980142e+12
91	2.84997398812e+12
92	2.78204086105e+11
93	1.83149670332e+11
94	1.22955920627e+12
95	1.09919460005e+12
96	3.40388863952e+11
97	1.629985754e+11
98	1.30634521827e+11
99	1.9433446126e+11
100	3.07735841896e+11
101	2.76471570401e+11
102	3.88569125003e+11
103	7.04470014569e+11
104	1.15198405357e+12
105	1.1854129428e+12
106	8.53052058212e+11
107	9.03471323212e+11
108	1.09876558046e+12
109	5.10907645473e+11
110	1.60105564429e+12
111	4.31077587805e+11
112	5.77444611127e+11
113	4.35126838346e+11
114	4.01340763301e+12
115	2.44778635659e+11
116	2.10242285691e+12
117	1.85702978356e+12
118	2.01573695732e+11
119	1.2052014668e+12
120	3.86687340408e+12
121	1.54703658332e+12
122	7.92039479231e+12
123	3.0204859383e+12
124	7.44649881054e+11
125	3.62908387372e+11
126	1.55412052422e+12
127	1.99147265518e+11
128	7.13060580726e+11
129	3.71172948736e+11
130	1.19308751372e+12
131	1.54864424517e+12
132	4.02436077956e+11
133	1.85017591878e+12
134	1.8896650212e+12
135	1.48644619948e+12
136	1.56919574652e+12
137	1.38318009651e+11
138	2.68054406169e+11
139	1.07019383191e+12
140	4.18406994411e+12
141	2.27247440652e+12
142	3.72757345207e+12
143	8.02476313575e+11
144	1.06368377039e+12
145	3.02663289589e+11
146	6.57912621041e+11
147	4.27323771308e+11
148	3.07877513627e+11
149	2.0671559042e+12
150	4.50401693592e+11
151	2.94509111656e+12
152	1.85160267844e+12
153	2.26038413794e+12
154	2.2968533187e+11
155	1.17703747636e+12
156	7.44859486117e+11
157	9.51779661394e+11
158	2.78255221288e+12
159	1.74446165843e+11
160	4.8534408112e+11
161	2.09092120019e+12
162	3.56380991297e+11
163	1.43299061015e+11
164	3.84509414538e+11
165	5.70842290501e+11
166	5.42541897589e+11
167	3.31313655783e+11
168	1.51191009208e+12
169	5.42221648306e+11
170	1.75140168453e+11
171	1.29412793978e+12
172	3.71918752367e+11
173	4.61289864572e+11
174	8.24372196553e+11
175	3.63605827899e+11
176	3.54934376641e+12
177	1.53203263112e+12
178	1.06706702254e+12
179	1.73244895973e+12
180	1.7602496758e+12
181	1.36956681751e+12
182	1.22498516518e+12
183	5.54303641755e+11
184	6.53928321061e+11
185	1.70585751697e+12
186	6.12345747819e+11
187	6.06493514102e+11
188	1.03867815983e+12
189	2.04030717939e+11
190	1.85129857895e+13
191	4.78917034707e+11
192	6.56536348161e+11
193	4.98958128292e+11
194	5.52935334147e+11
195	4.43505349497e+11
196	7.57655467618e+11
197	1.33612867098e+12
198	4.32281635981e+11
199	1.02488385756e+12
200	1.48816923728e+12
201	2.27651966903e+11
202	9.32536423972e+11
203	8.14373446422e+11
204	4.08801569357e+11
205	9.8289033729e+11
206	4.99538980511e+11
207	1.73568652026e+12
208	6.54741198638e+12
209	9.64460317232e+11
210	1.98504647574e+11
211	2.0476079305e+11
212	1.04816003915e+12
213	2.35468140976e+12
214	5.40651554532e+11
215	9.65804075492e+12
216	1.18582383842e+11
217	5.21140988015e+11
218	3.48678956908e+11
219	1.99300027509e+12
220	2.23786368143e+12
221	6.90837412841e+11
222	1.28815874459e+12
223	1.34911097352e+12
224	1.54415418293e+12
225	2.03295708103e+11
226	7.50899649201e+11
227	4.57105529695e+11
228	5.07401512881e+11
229	6.01765092378e+11
230	7.3722378834e+11
231	2.7073683595e+11
232	2.11725122493e+12
233	2.38424906133e+11
234	2.7448404675e+11
235	2.52015095397e+12
236	4.19121515798e+11
237	1.83225819767e+11
238	1.4162186363e+12
239	1.30585866628e+12
240	7.17951002368e+11
241	2.90450212891e+11
242	7.04344413155e+11
243	2.35392442265e+12
244	1.26271669058e+11
245	3.49870906237e+11
246	3.44847982287e+11
247	1.27723286727e+12
248	2.38546494341e+12
249	2.56717000981e+11
250	4.66450278003e+11
251	4.53147382863e+11
252	3.18377691465e+11
253	1.30371358822e+11
254	3.96272378363e+11
255	1.07961553982e+12
256	5.18651092239e+12
257	2.60812934671e+11
258	7.9144757146e+11
259	2.44541832804e+12
260	9.56909263584e+12
261	3.70391877888e+11
262	2.8030129135e+11
263	2.1009865982e+11
264	5.38013892319e+11
265	1.38241716975e+11
266	8.11282384585e+11
267	2.28832855926e+11
268	7.66918644398e+11
269	3.05899522892e+12
270	2.17655351096e+11
271	2.02023479737e+12
272	4.38486613681e+11
273	3.22657913546e+11
274	1.15769408085e+12
275	3.85291639924e+12
276	2.31898510426e+12
277	1.47840721931e+11
278	5.77068372902e+11
279	3.57756494973e+11
280	3.53772775376e+12
281	1.26431551107e+12
282	1.06999943679e+12
283	1.52742268278e+12
284	2.72723000688e+12
285	3.26191457158e+12
286	5.14041092392e+11
287	6.34868032238e+11
288	1.59270359209e+12
289	3.80504946535e+11
290	9.16833675096e+11
291	7.82271708781e+11
292	1.51130626663e+12
293	3.01755383693e+11
294	1.44910077947e+11
295	7.2728947394e+12
296	1.26054698038e+12
297	5.37958980903e+12
298	2.72221308462e+11
299	2.44057734568e+11
300	1.63414626068e+12
301	1.48673558311e+12
302	8.91530675695e+11
303	4.87913204277e+11
304	4.00694126803e+11
305	5.29235980608e+11
306	4.06469966897e+11
307	2.79027979947e+11
308	4.87160122499e+11
309	5.78464058229e+11
310	9.83142166893e+11
311	4.03310344497e+11
312	2.0087411687e+12
313	1.23846488344e+12
314	3.82805290558e+12
315	2.84780538281e+11
316	1.77086846994e+12
317	1.93249958236e+12
318	88404880812.6
319	5.98519721553e+11
320	9.40120479654e+11
321	6.28970029883e+11
322	9.69461328515e+11
323	1.47793387097e+12
324	1.51003842225e+12
325	6.06209486267e+11
326	1.54687808598e+11
327	1.75190381143e+12
328	2.64182869426e+11
329	7.40142057898e+11
330	4.64997375034e+11
331	4.77743503234e+11
332	2.46123373337e+12
333	4.25471758381e+11
334	4.47850257459e+12
335	2.20752179194e+12
336	1.66045480625e+12
337	1.02711192754e+12
338	7.3054871225e+11
339	4.28100115505e+11
340	9.98678760747e+11
341	1.53615735673e+12
342	1.28272576944e+12
343	2.21009487571e+12
344	3.37494568364e+12
345	4.01810655263e+11
346	4.1280056096e+11
347	1.46857510399e+12
348	1.64705716716e+12
349	1.72217293332e+11
350	5.17436105111e+11
351	3.69236064244e+12
352	4.37702566275e+11
353	9.08913565925e+11
354	1.55422960339e+12
355	2.07097847046e+12
356	3.94233736663e+12
357	2.76960297756e+12
358	3.15203802048e+12
359	1.6793231945e+12
360	9.96797855249e+11
361	1.44562165425e+12
362	6.09365414981e+11
363	9.72052754821e+12
364	3.48141054243e+11
365	1.08655791995e+11
366	3.38315246472e+12
367	7.54650090565e+11
368	8.51718445278e+11
369	3.29443539861e+11
370	1.51963224916e+12
371	5.42865587302e+12
372	2.10913448248e+12
373	9.40014252617e+11
374	9.79344727323e+11
375	2.16565295774e+11
376	8.94845890576e+11
377	1.57224849376e+12
378	1.11075950378e+12
379	5.41982165902e+11
380	8.5148814359e+11
381	4.5234213121e+11
382	2.29993377317e+11
383	2.2300907985e+11
384	1.42072613004e+12
385	1.4689273033e+11
386	6.18411465672e+11
387	1.54444614276e+12
388	1.50059853939e+12
389	3.03587321485e+11
390	5.5645081331e+11
391	9.57499677771e+11
392	2.25386622572e+12
393	7.78804016753e+11
394	1.22443442438e+11
395	1.74458459756e+12
396	4.10838997272e+11
397	3.18987310606e+12
398	5.25959784559e+11
399	3.44448561235e+11
400	4.72509622978e+11
401	4.19693687083e+11
402	5.10157548456e+12
403	9.63069298087e+11
404	6.26619523628e+11
405	7.37421355531e+12
406	4.05283753994e+12
407	2.9448888328e+12
408	6.47643403349e+11
409	4.78987001093e+11
410	3.97702801273e+11
411	2.27873469301e+12
412	8.95312763586e+11
413	2.40813543526e+11
414	1.28764997268e+11
415	5.80544780015e+11
416	4.03130796037e+11
417	4.8830401089e+11
418	1.85740742487e+12
419	1.29864772465e+11
420	1.58764844924e+12
421	2.43806389573e+12
422	2.68284057867e+12
423	3.75282294664e+12
424	3.58948554642e+11
425	2.20030336538e+12
426	2.61839638596e+11
427	6.80972848816e+11
428	8.75267094901e+11
429	6.45055766415e+11
430	1.10664246609e+12
431	4.75280676251e+11
432	9.90495010408e+11
433	3.85711732723e+11
434	6.0177659534e+12
435	1.38990943612e+12
436	2.00073556354e+11
437	6.79153230504e+11
438	9.10016698706e+11
439	1.98945833009e+11
440	6.0964942452e+11
441	6.26033042732e+11
442	2.83890473034e+12
443	3.75377591791e+11
444	1.45021637684e+12
445	3.15983889966e+11
446	4.60404015374e+11
447	2.3118381141e+11
448	8.78239367869e+11
449	5.41888894314e+11
450	3.46833704401e+11
451	2.30535849291e+12
452	3.03859327088e+11
453	6.10305505038e+11
454	3.15901096406e+12
455	1.42040498895e+12
456	6.35454289299e+11
457	3.4466944502e+11
458	4.86835379488e+11
459	5.79639831861e+11
460	1.09991516788e+12
461	9.93414782028e+11
462	2.94407242636e+11
463	1.28841514316e+11
464	6.64805553949e+11
465	4.17903583805e+11
466	3.23857670147e+11
467	6.56064676368e+11
468	3.02156286508e+11
469	2.23847586258e+11
470	3.37619936754e+12
471	9.20449030303e+11
472	9.50200333563e+11
473	4.48453270282e+11
474	3.10416434167e+12
475	1.40987691504e+12
476	2.69259344942e+12
477	2.20696974634e+11
478	1.49035487219e+12
479	9.46336383464e+11
480	1.44269217879e+13
481	2.60209024458e+11
482	1.89442155893e+12
483	1.37001333231e+12
484	3.38082377668e+11
485	1.6355352591e+12
486	3.76399706402e+11
487	6.59907006069e+12
488	4.28730490637e+12
489	1.55468122457e+12
490	1.99613560602e+12
491	3.6248518753e+11
492	6.32550583043e+11
493	4.78116439454e+11
494	9.74092376175e+11
495	9.34891921463e+11
496	2.6817209355e+12
497	2.04982789966e+11
498	1.66545900803e+11
499	2.28650410132e+12
500	1.59384144032e+12
501	8.57890964657e+11
502	2.90432652581e+11
503	1.26398872777e+12
504	1.98544417376e+11
505	7.36678813432e+11
506	1.41398702254e+12
507	1.31813487785e+12
508	6.0268265172e+11
509	3.18538483533e+12
510	5.01527168401e+11
511	7.64556642562e+11
512	2.7216758554e+11
513	1.16669441551e+12
514	2.48038336836e+11
515	2.39604874643e+11
516	2.8398320401e+12
517	6.10779238057e+11
518	1.79783845393e+11
519	1.12192413269e+13
520	4.55018321617e+11
521	2.42721450843e+11
522	6.63762291471e+11
523	3.81218668334e+11
524	3.9473114453e+12
525	1.6939926982e+12
526	1.75573715099e+11
527	1.29425080353e+12
528	4.36322665639e+12
529	1.58252532304e+12
530	5.91932179732e+11
531	4.81338374516e+11
532	8.28652258998e+11
533	5.42245173329e+11
534	1.54676631009e+11
535	1.75537429429e+12
536	1.85675597531e+12
537	5.17744723578e+12
538	2.34722434563e+11
539	1.62469795227e+11
540	1.41595284804e+12
541	1.53891859602e+12
542	3.89230737988e+11
543	3.59524779901e+11
544	1.22720954939e+12
545	1.32670528316e+11
546	5.51588673017e+11
547	5.87025870072e+11
548	4.20798630147e+11
549	2.02911309667e+11
550	9.72209644801e+11
551	7.66374881245e+11
552	80328731999.5
553	3.55829708378e+11
554	1.57360688548e+12
555	1.12242169603e+11
556	4.70571740516e+11
557	1.68035328084e+11
558	1.41115136452e+11
559	3.45362843603e+11
560	4.18152405811e+11
561	2.30809795312e+11
562	1.26719031846e+12
563	5.77411739478e+12
564	3.25361468181e+11
565	3.10885248823e+11
566	1.96385708169e+11
567	4.81659398495e+11
568	2.46718450211e+12
569	2.66659778653e+12
570	1.0539435329e+12
571	3.99063375734e+11
572	1.95015568061e+11
573	5.40533264225e+12
574	2.52336314832e+11
575	9.24056455595e+11
576	9.66135759526e+11
577	3.66530118381e+11
578	4.82047684807e+11
579	8.73225587727e+11
580	2.10361325289e+11
581	3.53853110353e+11
582	1.88888536968e+11
583	1.55782917473e+12
584	7.67836835907e+11
585	2.10425487678e+11
586	7.85851334999e+11
587	1.30592073197e+12
588	1.17043999712e+11
589	2.18235983386e+12
590	2.32114721864e+12
591	2.44651165904e+12
592	1.99490140691e+11
593	1.10117121146e+12
594	4.34649071637e+11
595	1.90172232428e+12
596	2.13088716311e+12
597	7.00776279063e+11
598	8.75900740026e+11
599	3.00432639903e+11
600	4.25301638594e+12
601	2.14315628568e+12
602	4.02182467676e+11
603	3.28553892554e+12
604	5.40706619022e+11
605	2.01198893736e+12
606	5.85852724343e+11
607	2.1769835395e+11
608	1.47107451588e+13
609	2.50275262465e+12
610	1.96896422405e+12
611	1.8448725872e+11
612	3.9381466671e+11
613	7.26353724832e+11
614	6.03799260684e+11
615	1.99056840053e+12
616	1.75168303898e+12
617	6.18769965154e+12
618	8.25352306727e+11
619	7.94243496586e+11
620	2.34802167322e+12
621	9.92476258306e+11
622	2.44484116247e+11
623	2.9029367307e+11
624	3.50261005197e+11
625	6.1411220228e+11
626	1.02045451642e+11
627	1.11690018054e+12
628	1.03621478166e+11
629	8.93896949293e+11
630	3.75599404323e+12
631	1.61732440816e+12
632	2.78913561392e+11
633	5.43019755426e+11
634	2.5714254064e+11
635	3.17534559783e+11
636	6.44782316956e+11
637	1.77093122168e+12
638	8.17086723097e+11
639	4.45210095574e+11
640	5.84908737789e+11
641	5.08617855587e+11
642	1.45285712515e+12
643	1.18314967105e+11
644	7.23174664998e+11
645	2.08254142107e+11
646	1.16565492542e+12
647	1.15425357989e+12
648	9.72407818242e+11
649	2.42508815455e+11
650	4.98933856606e+11
651	3.78737168787e+11
652	5.88086141463e+11
653	4.28294804825e+11
654	2.36333790253e+11
655	5.33920494112e+11
656	5.81073533273e+11
657	1.13227728034e+12
658	67809904130.3
659	3.39243184952e+11
660	6.57323377272e+11
661	2.97331283224e+11
662	5.70438555085e+11
663	1.54259342969e+12
664	2.13474099512e+12
665	7.105555862e+11
666	5.41931900585e+11
667	1.46909055144e+11
668	4.01141103944e+11
669	9.91128111026e+11
670	3.94269908931e+11
671	2.79979817576e+11
672	4.45482181385e+11
673	1.07595596657e+12
674	5.07602840583e+11
675	1.11222166938e+12
676	5.1085764354e+11
677	3.06426001431e+11
678	4.74457050217e+11
679	2.73409571799e+12
680	7.91002934682e+11
681	2.05919436023e+11
682	1.21576889862e+13
683	9.70393542329e+11
684	8.02581032634e+11
685	2.11401751847e+12
686	3.62305783583e+11
687	1.51461624643e+12
688	1.59769365797e+12
689	1.55675946223e+12
690	5.03900856859e+12
691	6.07447979753e+12
692	3.15776530265e+12
693	2.5268878939e+11
694	3.04884783815e+12
695	3.58456194879e+11
696	4.66600986395e+11
697	7.00440042796e+11
698	1.48801851588e+12
699	1.0351084137e+12
700	3.36415548492e+11
701	90783655071.4
702	5.73268780302e+11
703	8.59592577127e+11
704	2.06419792823e+12
705	6.90791956347e+11
706	4.31785805934e+11
707	3.73479108474e+11
708	5.92355888247e+11
709	3.96439451473e+11
710	1.32025292378e+12
711	9.29775326909e+11
712	8.75876972903e+11
713	1.75790443788e+12
714	9.49746757769e+11
715	6.19451327626e+11
716	36983746874.1
717	7.2752851609e+11
718	1.07368220465e+11
719	2.30460955346e+11
720	1.18594671422e+12
721	3.63899832845e+11
722	5.53195386805e+11
723	4.1927042169e+11
724	1.34240127599e+12
725	7.49115492214e+11
726	1.95011708271e+12
727	3.02147206166e+11
728	7.75830695985e+11
729	2.4196357206e+12
730	2.09139952982e+12
731	1.9254868707e+12
732	1.26509294398e+11
733	2.68561268539e+12
734	4.28003907185e+11
735	1.85361210295e+12
736	8.32393906406e+11
737	1.18598484811e+12
738	5.505552826e+11
739	1.8419080855e+12
740	2.13992406652e+12
741	1.42270713741e+12
742	2.84937404443e+12
743	2.39168478933e+12
744	1.56928296825e+12
745	2.02435974933e+11
746	3.38540308752e+11
747	3.62344676681e+11
748	2.26817892747e+11
749	1.34857595221e+12
750	2.08067945286e+12
751	8.23242335504e+11
752	6.27658231783e+11
753	1.7146383118e+12
754	1.06430901392e+12
755	6.28500124192e+11
756	6.68108530524e+11
757	3.91932752385e+11
758	2.93301914243e+11
759	8.3195222782e+11
760	1.12810158965e+12
761	4.02772309462e+11
762	3.27798319883e+11
763	1.44758886477e+12
764	2.02496708722e+12
765	4.38742513551e+11
766	2.35889121995e+11
767	4.94330161781e+12
768	2.6629968469e+11
769	3.43096739136e+11
770	5.32263685894e+11
771	4.00144646497e+11
772	3.7502198864e+11
773	7.20543914322e+11
774	1.59044002568e+11
775	2.06463360165e+12
776	5.13138678837e+11
777	1.28137937413e+12
778	5.49697026647e+11
779	1.90639006774e+12
780	82019482906.9
781	3.06500826919e+12
782	2.82981550851e+11
783	5.79980268383e+11
784	2.46261943962e+12
785	8.03317391545e+11
786	1.1780417751e+12
787	1.27513489686e+12
788	6.69644530729e+11
789	1.93484179973e+11
790	1.43257861336e+11
791	1.13752311318e+12
792	4.80984949995e+11
793	7.09838132859e+11
794	3.62167308092e+11
795	7.81592761186e+11
796	3.28650107949e+11
797	9.29457202439e+11
798	2.1574421423e+11
799	7.90192542048e+11
800	4.98040205895e+11
801	2.47238974737e+12
802	5.8131535273e+11
803	5.17318378417e+11
804	2.42496304435e+12
805	1.6993916296e+12
806	5.03967144198e+11
807	5.81341651516e+11
808	4.56331702477e+12
809	1.46361684149e+12
810	5.15415281162e+11
811	2.20877429304e+12
812	1.0448972977e+12
813	6.6933759309e+11
814	2.19414867949e+12
815	2.10800878596e+12
816	1.50666525628e+11
817	7.89458462088e+11
818	5.53165498745e+11
819	6.69316731496e+11
820	6.15952152691e+11
821	3.39834486086e+11
822	1.75490705361e+12
823	9.27582384396e+11
824	8.99536669875e+11
825	3.37654318747e+11
826	1.47403798504e+12
827	3.11302941148e+11
828	1.76958712821e+11
829	2.211701168e+11
830	5.22522916261e+11
831	1.11338030252e+12
832	1.1822807388e+12
833	4.86921133869e+11
834	5.27573027198e+11
835	8.8510904813e+11
836	7.67765121253e+11
837	7.78962463291e+11
838	1.10570482071e+12
839	2.76859782436e+11
840	6.26213087856e+11
841	97974581688.6
842	6.66622628234e+11
843	6.58784229515e+11
844	2.37906039905e+12
845	2.63360012313e+12
846	7.30319713254e+11
847	5.24220803588e+11
848	7.42746019581e+11
849	1.41126919201e+12
850	2.30413671261e+11
851	1.32473812374e+11
852	1.65106324129e+12
853	2.78369091332e+12
854	7.0520924125e+11
855	1.8236095386e+11
856	8.1980654409e+11
857	8.75396327946e+11
858	1.00960636828e+12
859	1.30279595848e+12
860	1.64594530722e+12
861	1.9154395188e+11
862	3.5024325016e+11
863	4.9753434623e+11
864	2.92984430348e+11
865	8.45897661262e+11
866	3.08265400038e+11
867	3.55254657669e+11
868	2.99026354429e+11
869	6.91901704126e+11
870	6.18455100472e+11
871	9.14552489374e+11
872	4.71502481909e+11
873	1.43368490274e+12
874	2.41436637664e+11
875	2.731285204e+11
876	3.66985017174e+11
877	1.79047938281e+11
878	6.02689958381e+11
879	1.09246297889e+12
880	3.35937399515e+11
881	3.99889985559e+11
882	5.91508549551e+11
883	1.16075018516e+12
884	1.03489222445e+12
885	8.80019079322e+11
886	8.30707324714e+11
887	4.11497459172e+11
888	2.31576205455e+11
889	5.96965040824e+12
890	1.77820817235e+12
891	4.63878788112e+11
892	1.25945333751e+11
893	1.72759143849e+12
894	2.64038942599e+12
895	41615865597.5
896	7.12233016092e+11
897	9.50109655381e+11
898	2.04515905455e+12
899	2.28869202431e+11
900	5.83885264613e+11
901	2.27609889364e+12
902	1.41032187858e+12
903	2.64623152467e+12
904	4.68447804673e+12
905	7.34257320793e+11
906	6.89656981288e+11
907	8.09307824702e+11
908	4.91513034797e+11
909	3.20308941217e+11
910	1.24114821797e+12
911	3.1046008744e+12
912	1.96870722938e+12
913	9.58327403649e+11
914	1.44877252511e+12
915	1.2191300461e+12
916	1.10796911894e+12
917	3.04113915072e+11
918	2.52999174625e+12
919	1.30845805841e+12
920	1.54737761036e+12
921	3.35041281553e+11
922	6.88231862071e+11
923	2.01186611048e+12
924	3.32919019295e+11
925	2.40068753925e+12
926	3.24138689089e+11
927	7.5195346115e+11
928	1.53635993023e+11
929	1.1556470204e+12
930	3.95382064844e+11
931	5.47583247355e+11
932	8.92341293123e+11
933	8.50607826211e+11
934	7.34927695846e+11
935	3.21975638275e+11
936	1.3842447232e+12
937	7.85664343322e+11
938	7.46443984772e+11
939	1.64368167428e+12
940	4.57353717757e+11
941	2.8526463165e+12
942	5.26663763565e+11
943	3.37569849433e+12
944	7.26593895738e+12
945	2.24286370201e+12
946	3.0794934832e+11
947	5.08836938046e+11
948	5.99436219804e+11
949	6.97424035563e+11
950	9.08814871445e+11
951	6.73172527053e+11
952	3.64645908793e+11
953	3.03215890663e+11
954	3.12555928219e+12
955	6.72512962825e+11
956	2.43463783899e+12
957	1.63460498427e+12
958	2.55282780249e+11
