0	1.85691477122e+12
1	9.73594436535e+11
2	3.86861872433e+11
3	1.05487110438e+12
4	2.03442987595e+12
5	2.51141687922e+12
6	1.05418097312e+12
7	6.56961601116e+11
8	4.36769802171e+11
9	2.17208111068e+12
10	3.70547554771e+11
11	3.8294825872e+11
12	7.93691383553e+11
13	1.01722616703e+12
14	1.69173710764e+12
15	8.21769364976e+12
16	7.12824196469e+11
17	1.05826267711e+12
18	2.20760084963e+12
19	4.90161871415e+12
20	9.20121204224e+12
21	3.3725437329e+11
22	1.70033497508e+12
23	7.06703104645e+11
24	1.80491986989e+11
