0	3.99575365953e+11
1	1.01018964957e+12
2	1.96351955274e+11
3	5.16271022809e+12
4	2.02373819701e+12
5	3.19669080447e+12
6	1.78961696942e+12
7	5.11956610338e+12
8	8.38135810201e+11
9	5.0802573046e+11
10	1.25898281841e+12
11	3.37360250609e+12
12	3.28382799578e+12
13	2.88981622854e+12
14	1.234488646e+13
15	1.51730630012e+12
16	3.20972962418e+12
17	8.90601191642e+11
18	5.23058504945e+12
19	1.65040889816e+12
20	5.21488161477e+12
21	2.59078585546e+12
22	1.30662541636e+11
23	1.57188038888e+12
24	9.98017068601e+11
25	4.06571242726e+11
26	7.43035086268e+11
27	1.81346888567e+12
28	4.44695461153e+12
29	7.23359248705e+11
30	5.97570314712e+12
31	3.16784604397e+12
32	1.99587805631e+12
33	4.78982472472e+11
34	1.85486849842e+12
35	3.65571787366e+11
36	6.07832339565e+12
37	5.14545692873e+12
38	2.41802636689e+12
39	9.41008569322e+11
40	1.26017872402e+12
41	3.26641520254e+11
42	3.78597363377e+12
43	2.60172826931e+12
44	3.07031946058e+12
45	3.14531600166e+12
46	4.52396734177e+12
47	5.21893267493e+11
48	4.18847989358e+12
49	7.00292637812e+11
50	2.32567421262e+12
51	2.80300717285e+12
52	9.23170151715e+12
53	5.50567312725e+12
54	2.43266596026e+12
55	1.32966136779e+12
