0	4.37132139813e+11
1	3.43185401767e+11
2	8.94406965216e+11
3	3.40677435336e+11
4	5.36839531933e+11
5	6.75053278983e+11
6	4.900002324e+11
7	5.885627008e+11
8	1.9383291222e+11
9	68207414003.4
10	4.90113063756e+12
11	7.61930694398e+11
12	2.23204527144e+11
13	1.31017733067e+11
14	3.46202746316e+11
15	1.22093184735e+12
16	97905913596.3
17	3.87869075537e+11
18	5.37683843608e+11
19	9.12928080062e+11
20	1.32158074597e+12
21	2.09209780211e+11
22	1.77558006909e+12
23	9.26816681707e+11
24	3.78624702925e+11
25	2.21401361572e+12
26	4.70011606838e+11
27	1.45276296981e+12
28	1.80575646053e+12
29	4.17831844303e+11
30	2.72388132938e+11
31	5.3076638802e+11
32	9.72395081523e+11
33	1.32947530179e+12
34	3.87253617493e+11
35	1.3580358825e+12
36	6.53266135763e+11
37	1.34129772551e+11
38	7.82959806156e+11
39	5.80539892956e+11
40	3.2067875382e+11
41	9.01577693671e+11
42	1.8319055847e+11
43	8.30724248958e+11
44	9.85306982728e+11
45	5.97481090264e+11
46	5.35156941426e+11
47	1.94247652311e+11
48	1.50809239807e+12
49	3.26171780335e+11
50	1.54816888126e+11
51	1.08250226984e+12
52	9.45355303159e+11
53	3.34165062034e+11
54	1.98089371434e+11
55	5.5647871358e+11
56	1.39336128079e+12
57	7.03035669146e+11
58	3.19127334558e+11
59	3.89526413799e+11
60	2.0084484922e+12
61	1.7683429645e+11
62	2.43475405966e+11
63	3.04229023526e+11
64	2.08739568728e+12
65	1.56661934579e+11
66	3.35538563112e+11
67	5.65466496061e+11
68	1.97942505345e+12
69	5.60073434576e+11
70	3.27120801656e+12
71	2.8222998482e+11
72	1.02185360211e+12
73	8.52741619671e+11
74	7.46694672368e+11
75	7.44935126607e+11
76	5.10813098111e+12
77	1.68008167809e+11
78	5.57491397938e+11
79	2.73279607635e+11
