0	24952350635.9
1	1.14836482874e+11
2	11342044141.8
3	18899438925.0
4	49432164918.8
5	21042758245.0
6	5226028544.9
7	40601465744.6
8	27834326142.5
9	2.43190366711e+11
10	33318491728.1
11	27920595556.3
12	78498718356.1
13	43802385612.6
14	1.44711643432e+11
15	34970424005.8
16	13430852528.4
17	51208691464.2
18	10624006492.1
19	25471216448.1
20	1.95373866538e+11
21	21631532908.7
22	27149065602.2
23	8793573863.52
24	50059348403.6
25	2.36901739653e+11
26	7843991858.11
27	46103473941.3
28	52726279906.2
29	5300401996.21
30	31698291206.2
31	38998301669.5
32	1.33368402187e+11
33	37245855311.0
34	1.05620030005e+11
35	38475835916.6
36	23572283935.3
