0	22713281405.9
1	7.79986387458e+11
2	17042130180.6
3	1.54277428698e+11
4	2.03040994379e+11
5	1.33903466146e+11
6	29009988432.7
7	1.75119505053e+11
8	2.70434277089e+11
9	1.45636610911e+11
10	38115498741.8
11	47786631789.2
12	4.0527330082e+11
13	69786456587.0
14	1.0954350376e+11
15	36270606698.1
16	1.68762696507e+11
17	3.00119487146e+11
18	91487619031.0
19	87983481518.2
20	5.92990995107e+11
21	1.13557250087e+11
22	1.37707309683e+11
23	1.91084224295e+11
24	1.53305260758e+11
25	28672448445.0
26	33915226406.7
27	2.88569608742e+11
