0	4.38710517668e+12
1	1.98402045941e+12
2	9.68033449365e+11
3	3.45903116762e+11
4	1.14850180177e+12
5	4.03475809249e+11
6	1.6785592252e+12
7	1.39596226313e+12
8	2.43070585212e+11
9	1.7279027156e+12
10	1.54526090382e+11
11	1.54020195644e+12
12	1.1782507273e+12
13	1.05764366418e+12
14	4.0030682218e+11
15	1.06334186707e+12
16	1.38906010352e+12
17	2.30022433419e+12
18	5.19522267468e+11
19	3.52377223565e+11
20	6.46078713048e+12
21	1.35761530577e+11
22	9.53524667236e+11
23	7.6194929726e+11
24	2.33582151022e+12
