0	3.07519752604e+11
1	2.35442223578e+12
2	7.84988461589e+11
3	7.80682675051e+11
4	8.1440606405e+11
5	1.26828228631e+12
6	1.56682684951e+11
7	5.6964481125e+11
8	1.80612793008e+12
9	1.29863774871e+12
10	6.6111118706e+11
11	1.88386393675e+12
12	4.67967480372e+11
13	8.23695016319e+11
14	4.2773781977e+12
15	3.77650597033e+12
16	2.74988602457e+11
17	1.00245780766e+11
18	4.6589173929e+11
19	1.57948497253e+12
20	6.85585114611e+11
21	3.794709427e+11
22	3.19548670689e+12
23	1.91997116071e+12
24	7.64974034403e+11
25	3.70626942076e+12
26	1.20614491907e+12
27	7.84071283736e+11
28	1.35915739032e+12
29	5.67256177927e+12
30	3.5455299671e+12
31	6.88019936476e+11
32	3.25357324034e+11
33	3.88609686929e+11
34	3.30315050732e+11
35	6.80495930582e+11
36	3.40021263185e+11
37	3.58248373754e+11
38	2.66905698299e+11
39	8.71827163579e+11
40	3.10628933976e+12
41	4.81216869647e+11
42	7.12560141251e+11
43	4.69078998748e+11
44	1.06981825617e+12
45	2.09944484423e+12
46	2.29408921978e+11
47	1.84265337653e+12
48	1.01250174668e+12
49	1.19286729856e+12
50	7.50821886105e+11
51	1.38029765201e+12
52	3.04935321262e+11
53	1.06965396559e+12
54	4.23381009067e+11
55	8.93634491872e+11
56	7.84716978621e+13
57	3.06061202435e+11
58	1.14933997878e+12
59	1.56264014219e+12
60	3.89704375177e+11
61	1.47357556055e+12
62	2.70231984047e+11
63	1.05774695208e+12
64	3.38408550526e+11
65	80795284778.7
66	2.78223539851e+12
67	4.41487352291e+11
68	2.68807348379e+12
69	4.92107045547e+11
70	2.71408873583e+12
71	2.11674936422e+12
72	1.2938417932e+12
73	5.38060843408e+11
74	4.79704194707e+12
75	7.24078643188e+11
76	1.09282897628e+12
77	9.6263334792e+11
78	2.53402759389e+12
79	8.77381895587e+11
