0	4.56877918467e+11
1	72822518980.7
2	5.50953998842e+11
3	6.94514383785e+11
4	8.44831454702e+11
5	6.64962588599e+11
6	2.8117140507e+11
7	3.24461640931e+11
8	2.72972579012e+11
9	2.80717827338e+11
10	94928731078.4
11	4.57940135369e+11
12	1.89485342061e+11
13	2.90493071961e+11
14	3.62181370361e+11
15	97048503764.7
16	3.85987210735e+11
17	3.97421611188e+11
18	1.451053144e+11
19	1.89318655408e+11
20	8.38806692169e+11
21	1.20730689512e+11
22	3.88382585585e+11
23	34204105313.6
24	1.06708564859e+11
25	15774119056.6
26	6.04423075105e+11
27	3.87445843523e+11
28	5.44840938046e+11
29	73514253144.5
30	37853208665.6
31	7.20121411805e+11
32	2.02507926845e+11
33	4.22168129791e+11
34	1.65024750905e+11
35	7.74073355904e+11
36	1.28613676607e+11
37	8.03954909324e+11
38	2.47624953978e+12
39	1.14640756589e+12
40	1.93757494229e+11
41	1.18036501079e+12
42	8.8704942562e+11
43	4.26493527393e+11
44	3.23826040665e+11
45	3.5927585579e+11
46	1.63580225418e+11
47	6.41078340141e+11
48	1.05419502117e+11
