0	12104.957827
1	1831.99729036
2	34793.9872727
3	39757.8708517
4	17523.7500822
5	1424.5628272
6	25057.4312594
7	12189.2786734
8	1194.06904726
9	73203.9054369
10	15286.7231265
11	11573.9412196
12	25153.7525702
13	7029.5966939
14	5739.55075282
15	50307.3226139
16	717.134522406
17	9758.4208384
18	39226.8860065
19	91573.7781569
20	63360.9953115
21	12167.2990873
22	1333.03056383
23	24417.6381859
24	4274.56340283
25	8260.53938197
26	17293.6484626
27	1928.35882313
28	1690.60488524
29	2381.55324131
30	958.273876539
31	22874.6866233
32	895.721044551
33	9509.53048995
34	17885.9276088
35	191581.031174
36	88693.8856034
37	3286.13459893
38	5807.68630909
39	5327.52840833
40	3518.27895895
41	281.189023608
42	47142.9273128
43	2585.8833971
44	1366.15997882
45	5113.77835431
46	1960.7093586
47	29019.0609235
48	31185.8720535
49	13996.6435489
50	8001.04930572
51	5248.3683204
52	7376.81194295
53	1557.16314349
54	1882.46955732
55	2636.43290664
56	7083.02767662
57	10373.7143177
58	31433.1021295
59	636.847557019
60	4693.90837672
61	29043.0180635
62	54794.2596046
63	29969.1747835
64	25676.8112164
65	15439.2617185
66	28919.9051748
67	2117.89975865
68	29408.1706136
69	694.720469953
70	132033.5397
71	13969.0753321
72	2960.62563028
73	7703.89360488
74	12993.8321512
75	20619.245186
76	7759.99779158
77	44516.2895388
78	9262.14338492
79	8668.30118405
80	54035.9052363
81	2730.21379184
82	16622.8885078
83	1184.68737813
84	21646.7310428
85	52176.150033
86	215331.998167
87	449.911379231
88	7727.53405846
89	6961.89424447
90	2912.0319889
91	2819.36018316
92	535.643990693
93	3333.27526425
94	11744.3388811
95	14717.663398
96	27313.4283051
97	340901.392301
98	4006.33829676
99	5497.37766652
100	7344.33507337
101	31960.4858508
102	25864.8775151
103	4329.17850554
104	5418.31458679
105	56570.6655698
106	3174.94130075
107	2962.85737338
108	5163.15314289
109	1002.5593915
110	3967.43830107
111	2611.72952932
112	7133.97760905
113	19677.66193
114	6619.82899355
115	52752.6426797
116	67720.4197777
117	2854.49800483
118	10322.0708626
119	10977.7096656
120	24518.4863013
121	58503.5621342
122	2314.44827262
