0	7.01025350005e+11
1	2.50017048702e+11
2	59596778354.8
3	5.46581537986e+11
4	1.2218039323e+11
5	2.65520491646e+11
6	3.38663147854e+11
7	2.65278714494e+11
8	2.73151437841e+11
9	94207585288.3
10	4.45534362694e+11
11	4.98950224164e+11
12	1.54929968424e+12
13	1.6418429696e+12
14	8.05524204354e+11
15	2.11863626492e+11
16	5.8500203306e+11
17	7.38344301417e+11
18	2.07763411705e+11
19	9.94389560056e+11
20	1.00665008109e+11
21	4.18279110039e+11
22	8.26362850866e+11
23	1.59226687197e+11
24	4.91144949056e+11
25	2.32873558837e+11
26	9.13853582023e+11
27	2.11903454745e+12
28	2.72096104642e+11
29	2.30031695357e+11
30	2.1546878916e+12
31	1.94294858808e+11
32	1.37001909189e+12
33	1.59385028978e+11
34	7.7164537214e+11
35	5.40367356637e+11
36	3.32330163489e+11
37	6.77341823457e+11
38	4.68262893651e+11
39	1.41865513234e+12
40	7.13769541576e+11
41	87667471193.8
42	1.98723336825e+11
43	1.08584406893e+11
44	2.9463530586e+11
45	9.04878457238e+11
46	5.58225691945e+11
47	2.6100054017e+11
48	1.05609951079e+11
49	1.77473687092e+12
50	1.29015206303e+12
51	19467567727.7
52	4.15632445115e+11
53	1.15616277955e+12
54	2.82086795803e+11
55	1.54384564995e+12
56	1.52838521513e+11
57	2.11189817405e+11
58	3.1857386817e+11
59	2.43929553031e+12
60	4.95544322266e+11
61	7.79572764001e+11
62	1.97209152135e+12
63	7.52632750669e+11
64	4.79875885706e+11
65	1.03653740089e+11
66	1.16673551524e+12
67	85468110608.0
68	77458606675.1
69	2.32912470679e+11
70	1.87854214703e+12
71	2.21134825232e+12
72	4.87830038083e+12
73	6.7074838203e+11
74	1.56261446959e+12
75	6.69198264942e+11
76	1.07127956998e+12
77	1.00622805966e+11
78	64824886313.5
79	9.29609656954e+11
80	2.56713174163e+12
81	2.04054905633e+11
82	2.06605728925e+11
83	6.07310361164e+11
84	4.18957905183e+11
85	3.61919611074e+11
86	71967909294.1
