0	4.13144538422e+12
1	5.41035677585e+12
2	1.18947273854e+12
3	7.97966121642e+12
4	5.91294843931e+12
5	1.0159519185e+13
6	3.19994452205e+12
7	1.53218488192e+13
8	1.24227772094e+12
9	6.56888012361e+11
10	2.15767792433e+12
11	3.00081423295e+12
12	3.44243501242e+12
13	2.48841564951e+12
14	2.16438988155e+12
15	5.37514766303e+12
16	4.24988334487e+12
17	2.19690736409e+11
18	6.89478738511e+12
19	8.44744296701e+11
20	2.87675609433e+12
21	5.44854644632e+12
22	8.84320882735e+12
23	2.18915660707e+12
24	1.38107029584e+13
25	1.56651420406e+12
26	2.18887776641e+12
27	4.68373935058e+12
28	8.18343036245e+11
29	1.05760075391e+12
30	1.11419092731e+12
31	1.44237593591e+12
32	4.00213309016e+12
33	1.56800971281e+12
34	6.12707994385e+12
35	1.3271950153e+12
36	2.78723176306e+12
37	8.22291349263e+12
38	1.38395675546e+12
39	4.79001096251e+12
40	4.22369309622e+12
41	2.40758199991e+12
42	1.2880078036e+12
43	4.05490023368e+12
44	1.04056808816e+12
45	4.4676041272e+12
46	6.37953508322e+12
47	5.87639906649e+12
48	7.79249044719e+11
49	1.68253554964e+12
50	1.30810448041e+13
51	3.63647880616e+12
52	3.23108885458e+12
53	8.71932840752e+12
54	1.09770625082e+12
55	2.28849201791e+12
56	8.48074051522e+12
57	6.92076403014e+12
58	7.4548714812e+12
59	1.02486901833e+12
60	1.63483056962e+12
61	1.40163745232e+12
62	4.42248745553e+11
63	1.0992496402e+12
64	7.94307820479e+11
65	7.90121013736e+12
66	1.84119240256e+12
67	1.09606387778e+12
68	2.04607356381e+12
69	4.26133850143e+12
70	1.34552681931e+12
71	4.25690776019e+12
72	1.29705053837e+12
73	3.84824189146e+12
74	3.1183984178e+12
75	1.01580386134e+13
76	1.03256558349e+13
77	4.02177255904e+12
78	9.4655606261e+11
79	1.92934557633e+12
80	2.79724073517e+12
81	4.94987107881e+12
82	1.1365364245e+12
83	6.00928956145e+12
84	5.53307407832e+11
85	2.87297207e+12
86	4.58833794272e+12
87	4.08462318428e+12
88	1.46289348241e+12
89	3.02018584612e+12
90	6.46166679407e+12
91	4.4814868279e+12
92	4.10269197854e+12
93	1.55850207857e+12
94	2.61169108815e+12
95	2.48687039005e+12
96	4.45073491522e+12
97	4.6613716301e+11
98	1.75516614173e+12
99	4.36149531519e+12
100	8.80332647132e+11
101	1.94313873059e+12
102	3.25226356096e+12
103	1.56818354505e+12
104	1.57976149534e+12
105	9.31986803688e+12
106	1.11991085641e+12
107	2.40225419767e+12
108	4.1737274026e+12
109	8.27711648174e+12
110	1.72753314725e+12
111	7.46924806308e+12
112	1.23710690401e+12
113	2.63846721354e+12
114	3.10034284063e+12
115	3.89148432506e+11
116	3.94765292467e+12
117	2.22151710611e+12
118	6.94511355933e+11
119	4.65111776147e+12
120	4.51465861587e+12
121	1.40605238553e+13
122	2.1788917663e+12
123	2.79355992564e+12
124	7.3042899456e+12
125	2.3898887856e+12
126	1.86033192572e+12
127	4.07915375907e+12
128	1.39690856093e+12
129	6.8327278837e+12
130	1.39370711261e+13
131	2.30376742854e+13
132	1.00686245164e+12
133	4.79152567058e+12
134	5.8302139427e+11
135	9.5378753309e+11
136	2.2359294398e+13
137	1.91615634416e+12
138	5.62152834644e+12
139	1.30939104389e+13
140	1.63041179038e+11
141	2.09379394217e+12
142	1.49627588751e+12
143	3.38293680494e+12
144	1.39446564913e+12
145	3.91453901487e+12
146	1.49901667182e+13
147	1.36635653976e+12
148	2.31264473361e+12
149	3.19935959273e+12
150	6.63510104349e+12
151	7.77738843874e+12
152	2.50937844504e+13
153	3.91044896261e+12
154	6.99636740347e+12
155	3.92894558247e+12
156	6.09054569021e+12
157	7.28781258188e+11
158	4.99677005914e+13
159	9.27447833277e+11
160	1.34862827607e+12
161	2.60223279442e+12
162	2.29377436574e+12
163	1.88616186226e+11
164	6.70762218698e+12
165	6.89301955302e+12
166	3.36265256174e+12
167	6.46936158599e+11
168	6.53728880528e+12
169	2.13887111284e+12
170	2.9531594504e+11
171	1.17067324917e+12
172	2.08915324779e+11
173	5.99781497427e+12
174	3.36299051532e+12
175	3.41479326989e+12
176	2.88418535979e+12
177	1.08425244891e+12
178	3.42862761928e+12
179	5.43091295947e+12
180	2.9899692044e+12
181	7.43533985883e+11
182	6.82925005332e+12
183	1.20357441907e+12
184	1.35166054521e+12
185	1.80529802611e+12
186	3.26381940033e+12
187	9.88216937573e+11
188	9.00788427874e+11
189	4.63678522526e+12
190	8.98404401337e+12
191	1.21866264081e+13
192	2.70853389622e+12
193	4.37060950348e+11
194	4.90739384453e+11
195	1.16563983205e+12
196	3.11921111355e+12
197	7.99476931957e+11
198	4.23913694053e+11
199	1.36680826531e+12
200	2.21526371117e+12
201	1.57104219189e+12
202	1.29656826477e+12
203	1.18648277714e+12
204	4.78245779611e+12
205	1.62626529118e+12
206	9.03461525656e+11
207	3.2348217848e+12
208	6.53892548843e+12
209	2.34897144751e+12
210	4.94444338904e+11
211	5.27976881599e+11
212	6.32548266378e+12
213	2.19235374897e+12
214	5.06256530924e+12
215	4.64935457729e+12
216	7.81009569115e+11
217	1.64386510852e+11
218	1.49426506641e+13
219	7.21406777363e+11
220	1.54537151497e+12
221	1.37634527823e+13
222	1.32566918643e+12
223	1.93032345487e+13
224	7.3746474325e+12
225	2.29230731717e+12
226	5.29954852639e+12
227	9.70507654082e+12
228	3.78357435085e+12
229	1.39724186541e+13
230	5.25196697634e+12
231	4.10091846649e+12
232	3.9147860737e+12
233	6.22495294133e+12
234	8.43190833602e+12
235	7.48573115595e+12
236	1.12841979636e+13
237	8.17289250568e+11
238	3.3102593249e+12
239	2.31733761349e+12
240	2.50465019379e+12
241	2.03453040132e+12
242	3.85017804191e+11
243	6.06148925103e+11
244	5.19576112432e+12
245	1.85520616948e+12
246	1.34814010268e+12
247	2.6795421644e+12
248	5.83100749759e+12
249	3.79560809711e+12
250	2.03101430924e+12
251	7.12386621433e+11
252	2.23798480341e+12
253	6.46005549939e+11
254	6.73172990732e+11
255	3.24002025956e+12
256	2.36194564358e+12
257	2.3597136194e+11
258	5.29805483726e+11
259	8.31383677551e+12
260	4.0215686761e+12
261	9.78014567676e+11
262	2.42270220798e+12
263	4.71765095142e+12
264	5.3982589077e+12
265	4.18943402423e+12
266	7.21885833205e+12
267	1.38053202334e+12
268	1.82458708513e+12
269	3.73394306611e+12
270	3.42930398853e+12
271	7.61318262476e+11
272	3.63078871026e+12
273	5.51239768081e+12
