0	2.59854661813e+12
1	4.61512172489e+12
2	3.28048540055e+11
3	4.92528885936e+12
4	1.98970188634e+12
5	1.84861885565e+12
6	1.46728638957e+11
7	3.82825125831e+11
8	9.03429228404e+11
9	1.68091555664e+12
10	6.91528601925e+11
11	8.55084918332e+11
12	4.30283586041e+11
13	3.70860246466e+11
14	3.91769873193e+12
15	5.10433424108e+11
16	1.51874287302e+11
17	7.94792847994e+11
18	3.73451728166e+11
19	2.75872491578e+11
20	7.6521390768e+11
21	8.09560244741e+11
22	99092943002.4
23	1.54052559471e+11
24	1.48096636977e+12
25	1.78740179379e+12
26	3.64689610116e+11
27	9.23904264864e+11
28	2.48211320044e+12
29	1.37849042149e+12
30	3.87399472861e+11
31	1.37009121224e+11
32	2.75909438311e+11
33	1.15330545149e+13
34	3.47158031288e+12
35	5.52470752678e+11
36	2.95313923093e+12
37	1.75716567374e+12
38	7.83201463279e+11
39	5.89488125561e+11
40	4.44083159334e+11
41	2.00701923357e+11
42	3.03832778067e+11
43	1.01048735772e+13
44	2.2003730941e+11
45	8.16089049956e+11
46	3.74222462214e+11
47	1.70371521568e+12
