0	2.53122971203e+11
1	95456443454.2
2	1.98776274266e+12
3	4.68294790946e+11
4	1.53150116525e+12
5	1.37629400459e+12
6	4.46775352452e+11
7	3.37329603529e+11
8	1.73050222615e+11
9	2.62038588815e+12
10	1.21449301817e+12
11	8.12079759679e+11
12	2.9867700174e+11
13	3.6284823804e+11
14	2.47129952466e+12
15	3.42625205827e+12
16	6.23663685197e+11
17	1.35781928562e+12
18	6.97253137806e+11
19	2.78911935356e+11
20	1.80609630413e+12
21	2.16930193861e+12
22	3.25514481071e+11
23	1.26858645265e+11
24	2.69584686767e+12
25	1.60890498762e+12
26	5.99827611371e+11
27	1.48922579906e+11
28	2.04196619559e+11
29	6.22874313288e+11
30	1.35762500879e+12
31	1.04213394996e+12
32	8.78445667951e+11
33	1.18722228938e+12
34	5.59779108662e+12
35	2.07026540612e+11
36	1.45146789532e+11
37	77573543824.2
38	1.1547713027e+12
39	1.46961669971e+12
40	2.08841871576e+11
41	2.77241719389e+11
42	1.23596116996e+12
43	1.14721966772e+12
44	81119676680.8
45	2.25271759693e+12
46	1.30120351138e+11
47	2.16749059168e+11
48	1.1629634276e+11
49	3.30335443625e+11
50	2.02150143195e+11
51	8.63732761359e+11
52	6.10637463173e+11
53	2.97153394606e+12
54	1.36194727503e+12
55	1.38140271906e+12
56	1.45386875595e+12
57	1.25436063026e+12
58	5.20273853525e+12
59	6.23355330621e+11
60	1.9471389468e+11
