0	8.66991526351e+11
1	2.36852560592e+11
2	1.23068517942e+11
3	3.54000649139e+11
4	3.39445258834e+11
5	9.85661817143e+11
6	22335573455.0
7	5.20720130398e+11
8	1.74151808516e+11
9	8.40176127276e+11
10	1.23933385837e+11
11	5.92878258918e+11
12	1.09412214505e+11
13	2.4294943299e+11
14	1.6175605196e+11
15	63708746080.5
16	46114806290.0
17	1.56415808632e+11
18	1.12392198748e+12
19	1.22910290674e+11
20	3.20225907255e+11
21	1.97185644917e+11
22	1.14537548116e+12
23	1.09284371298e+11
24	2.21619608079e+11
25	1.24935706718e+11
26	73744621153.8
27	2.41336608964e+11
28	1.77706245348e+11
29	2.66272670864e+11
30	2.99341075721e+11
31	22842388610.3
32	7.60839466358e+11
33	43788548911.5
34	3.52516673775e+11
35	4.56256401605e+11
36	7.34033253262e+11
37	2.59583826259e+11
38	83523409565.3
39	4.06412381825e+11
40	2.83671265697e+11
41	81398855970.2
42	1.70787295358e+11
43	6.51941422791e+11
44	2.64004732019e+12
