0	4.1247381745e+11
1	1.63595430761e+11
2	1.59852956292e+11
3	2.27290954735e+11
4	3.11833391447e+12
5	1.92803783711e+11
6	5.14342390205e+11
7	2.0201713407e+12
8	2.94727415937e+11
9	1.04461363296e+12
10	3.57157464735e+11
11	74229338458.0
12	2.15925736468e+11
13	6.62822916523e+11
14	1.50660387399e+11
15	5.26956532586e+11
16	6.74184459935e+11
17	2.38497398833e+11
18	1.60532526362e+12
19	1.85002776589e+11
20	2.65806301492e+11
21	2.88644997315e+11
22	6.66467727889e+11
23	69202266473.4
24	96529886500.1
25	7.72858860806e+11
26	1.85300794766e+11
27	2.39651189622e+11
28	2.03355028162e+11
29	5.24167675705e+11
30	5.33368794102e+11
31	2.23736860689e+11
32	3.1816585431e+11
33	2.12626013023e+12
34	2.59339586888e+12
35	5.06834898879e+11
36	46483171929.2
