0	91.5663357158
1	270.067381982
2	1006.28574802
3	468.90928126
4	1280.68001455
5	593.115552801
6	2251.75416609
7	1250.81862059
8	97.1130528344
9	1072.18065808
10	644.148064123
11	149.817523062
12	1887.19475683
13	90.1364189284
14	176.18897768
15	4620.51499234
16	2248.664372
17	1625.9206387
18	194.805491307
19	9193.14851706
20	675.164640481
21	6390.06186056
22	203.199689545
23	140.993799556
24	8831.0927355
25	69.0850451598
26	175.066230193
27	1446.85934678
28	127.683993786
29	81.381561982
30	569.091284712
31	254.47238236
32	375.21899961
33	97.5243723954
34	158.313007115
35	100.702653185
36	80.2480937894
37	2342.03791237
38	424.155649255
39	1293.57526829
40	550.568094421
41	790.221635741
42	306.259837085
43	173.026790517
44	1364.69063927
45	3352.1716823
46	1089.03954403
47	3205.86601798
48	444.044515819
49	281.697459255
50	110.20443837
51	58.8561223613
52	423.411453237
53	300.559049574
54	588.551922982
55	134.040384514
56	8910.31165115
57	2131.23200663
58	4789.3935637
59	387.831288859
60	2.52337448878
61	57.9174390147
62	1573.60803671
63	895.761560259
64	4191.22937916
65	70.5071523259
66	95.57234483
67	6206.82897652
68	710.215491771
69	225.998665491
70	1067.41611609
71	226.804382837
72	220.344396519
73	443.153008678
