0	1.52820731512e+12
1	1.09337619041e+12
2	4.08548957108e+11
3	5.56763369531e+11
4	8.470593334e+11
5	8.00917465118e+11
6	5.07717299569e+11
7	6.54095151804e+11
8	4.7002068667e+11
9	5.12721991265e+11
10	1.3180272587e+11
11	4.81863153618e+11
12	2.05273336565e+12
13	1.09236981642e+11
14	8.75330553472e+11
15	3.23986466869e+12
16	6.62699034341e+11
17	55493499479.3
18	4.65436433052e+11
19	2.06451595886e+11
20	1.30129845884e+11
21	1.29547759981e+12
22	8.21457097668e+11
23	9.35566771537e+11
24	3.96782605864e+12
25	2.13205042931e+12
26	5.80245637146e+11
27	1.37865984102e+11
28	3.77347933758e+11
29	2.34246915064e+12
30	6.24352958769e+11
31	1.9667918041e+11
32	3.1184970648e+12
33	1.18194993918e+12
34	1.51654998554e+12
35	1.29127991749e+11
36	4.50478552778e+11
37	1.66482335527e+12
38	1.24799847332e+12
39	1.5424938388e+11
40	2.87787013872e+12
41	1.64824950363e+11
42	7.43154823244e+11
43	1.91998516804e+11
44	2.66172883962e+12
45	6.5749955451e+12
46	1.506956805e+11
