0	3.43050095935e+11
1	2.51815489781e+11
2	1.99343246159e+11
3	1.3029852281e+11
4	78219246864.6
5	96910517115.1
6	7.11749672192e+11
7	98102397683.3
8	81523531241.0
9	2.70741671195e+11
10	7.88772765067e+11
11	96504963853.9
12	1.35625817776e+11
13	1.30277221841e+12
14	95535919775.2
15	32653044148.5
16	75478193969.9
17	5.55905294296e+11
18	4.62537918042e+11
19	1.63716048802e+11
20	3.42224744719e+11
21	1.09697038957e+12
22	2.59894479703e+11
23	2.02585886581e+11
24	5.4844278082e+11
25	2.51737194555e+11
26	28726053123.8
27	4.55195649683e+11
28	4.87796912874e+11
29	3.76534690075e+11
30	2.43388575389e+11
31	4.13087089249e+11
32	6.75492736281e+11
33	2.38257833435e+11
34	1.78747817521e+11
35	73962654459.5
36	3.78792999533e+11
37	1.77600901022e+12
38	3.55179698655e+11
39	1.37250925216e+11
40	7.51770729567e+11
41	2.01487415461e+11
42	3.42981772181e+11
43	1.04196190188e+11
44	1.56482532871e+11
45	8.2865210992e+11
46	3.18592203023e+11
47	1.77129108822e+11
48	6.51352174408e+11
