0	2.95441903103e+11
1	93663613222.5
2	3.29522370613e+11
3	5.19785451933e+11
4	1.67223811043e+12
5	1.5973485765e+12
6	8.04234311832e+11
7	1.24097921705e+12
8	3.63354279396e+11
9	8.55024454938e+11
10	1.38479742897e+12
11	1.40452822324e+12
12	1.09665275378e+12
13	9.86819318455e+11
14	3.07670554829e+11
15	2.54129516795e+12
16	1.96008139813e+11
17	99806794884.8
18	6.75963287531e+11
19	8.4525074175e+11
20	7.22464289435e+12
21	1.21573288284e+12
22	5.05396459826e+11
23	7.97226746098e+11
24	9.22148973636e+11
25	5.60949647049e+12
26	4.17989644232e+11
27	3.44955713961e+11
28	1.74003451133e+11
29	1.67387328056e+12
30	1.72379444278e+12
31	2.73121424388e+12
32	7.23578670008e+12
33	7.8481676562e+11
34	3.60129839863e+11
35	1.74154453143e+11
36	3.35538801483e+11
37	3.97425628501e+11
38	2.5553673944e+11
39	2.02009311528e+12
40	4.15037181853e+12
41	3.72171527769e+11
42	9.70096497583e+11
43	3.1607919091e+11
44	5.04895331869e+11
45	2.72534272778e+11
46	5.5909938726e+12
47	7.52375807934e+11
48	4.54823311715e+12
49	1.5163612655e+12
50	5.33732543063e+11
51	52652576688.8
52	1.16251441447e+12
53	9.23466645333e+11
54	9.67818510851e+11
