0	3.26507887037e+11
1	2.33015226153e+11
2	6.26412078547e+11
3	3.48172878414e+11
4	1.09034862299e+12
5	9.19557484951e+11
6	1.12032120495e+12
7	3.16850820065e+11
8	2.07194940092e+11
9	5.71629015867e+11
10	1.42400140118e+11
11	2.33248128927e+11
12	1.79246951876e+11
13	2.1824564184e+11
14	3.27800627117e+11
15	7.07294072813e+11
16	4.41600860228e+11
17	1.21726277568e+11
18	43672714691.9
19	2.21554812941e+11
20	33761934743.2
21	5.47791755399e+11
22	2.22391441537e+11
23	1.49978223113e+11
24	1.67113001223e+12
25	28979730762.6
26	1.64131417674e+11
27	37765713410.6
28	5.77800490613e+11
29	1.74414116266e+11
30	3.29489061274e+11
31	3.43627121211e+11
32	69641061490.2
33	51220599220.9
34	1.35282285292e+11
35	1.94377438642e+11
36	1.47635613412e+11
