0	8.59196236532e+11
1	2.86041213084e+11
2	6.23091438686e+11
3	1.63699631652e+11
4	5.05464357925e+11
5	2.90412161358e+12
6	1.63015935692e+11
7	1.11761979655e+12
8	6.16790683964e+11
9	1.17608105947e+12
10	4.81046459279e+11
11	2.98963884502e+11
12	4.05848217102e+11
13	1.48640982368e+12
14	1.23309385911e+12
15	1.47105128278e+12
16	1.71247841062e+11
17	3.15348884084e+12
18	2.30390935787e+12
19	2.83861260255e+11
20	4.05710550748e+12
21	2.72652165895e+12
22	7.81366228619e+11
23	1.23737153531e+11
24	5.35952523176e+11
25	8.61177938891e+11
26	2.37054189326e+11
27	7.07249297854e+11
28	8.72216374834e+11
29	1.30941734363e+12
30	6.97575521125e+11
31	7.46746915061e+11
32	1.04268599019e+12
33	4.43553816915e+11
34	1.63123216059e+11
35	4.53516586392e+11
36	1.35260653607e+12
37	1.77503330556e+12
38	4.86302708999e+11
39	4.75573880189e+11
40	3.86746853758e+11
41	1.02930111326e+12
42	1.77135251568e+12
43	5.28859861436e+11
44	4.24682614605e+11
45	7.4346869059e+11
46	8.29736640421e+11
47	1.29217043859e+12
48	2.67467452955e+12
49	1.60985982099e+12
50	2.81601433053e+11
51	2.55121952121e+11
52	6.30758990317e+11
53	2.79189000794e+11
54	8.28364190997e+11
55	1.14714979782e+12
56	3.33886344869e+11
57	4.06268165899e+12
58	1.56677226693e+12
59	1.44334713735e+12
60	3.98743757964e+11
61	6.33942962717e+11
62	2.4796783516e+11
63	5.47309519885e+11
64	2.45623062011e+11
65	8.24118263801e+11
66	6.83794934578e+11
67	1.8685411209e+12
68	1.28334326193e+12
69	9.10337646662e+11
70	5.38000753502e+11
71	9.87548112929e+11
72	5.76063615356e+11
73	3.16994773423e+11
