0	3.50047474963e+11
1	1.31564962089e+11
2	1.59903832047e+11
3	3.46551060815e+11
4	1.41962537815e+11
5	7.40372395372e+11
6	4.86575891743e+11
7	3.22980737106e+11
8	1.94850018247e+11
9	96362426729.7
10	1.68294020543e+11
11	1.35528146648e+12
12	1.16338667742e+12
13	1.17664499565e+11
14	6.7549646297e+11
15	9.97785957929e+11
16	9.44847228584e+11
17	4.26537413299e+11
18	2.97907784475e+12
19	3.21573846248e+11
20	3.26859560225e+11
21	3.92502376001e+11
22	1.26776808133e+11
23	1.51353637215e+11
24	1.42284230731e+11
25	8.2291336773e+11
26	2.87831294707e+11
27	2.30573696141e+11
28	2.33405227041e+11
29	2.0553625155e+11
30	3.87122141567e+11
31	2.92760737669e+11
32	1.34741692274e+11
33	6.16849119009e+11
34	3.06035112387e+11
35	2.41919049015e+11
36	3.32040441931e+11
37	5.23203974705e+12
38	3.22815122465e+11
39	7.79536311826e+11
40	8.9768521427e+11
41	2.60268805876e+11
42	1.15932597499e+12
43	4.28170915537e+11
44	2.1869167484e+11
45	6.1429120211e+11
46	2.14472752693e+12
47	1.11135222573e+11
48	5.83455903999e+11
49	2.84651608349e+11
50	2.10863707046e+11
51	2.24326163015e+11
52	3.93509350253e+11
53	1.70834758824e+11
54	7.87724186262e+11
55	4.39165411057e+11
56	3.82206455523e+11
