0	3.04935671016e+12
1	2.4000918438e+11
2	2.39187618292e+12
3	3.53759604363e+12
4	2.06050535473e+12
5	4.63865911936e+12
6	1.01491498155e+12
7	5.58567879331e+12
8	5.61290833042e+12
9	4.53550411238e+11
10	2.25751650518e+12
11	1.58322639868e+12
12	9.43735044594e+11
13	2.68375009902e+12
14	2.82433059729e+12
15	1.44727704211e+12
16	1.81918695023e+12
17	2.85739749882e+12
18	2.00845350263e+13
19	6.65839573762e+12
20	1.36947401338e+12
21	1.37523790211e+12
22	1.14742832666e+12
23	8.84324949217e+11
24	1.13487373086e+12
25	6.38287282588e+12
26	4.06319701967e+12
27	2.53937687965e+11
28	5.08917789637e+11
29	4.26124032313e+11
30	3.62670304058e+12
31	9.84832168001e+11
32	1.06706723828e+13
33	3.80545572418e+12
34	1.27021669875e+12
35	4.82640897345e+12
36	7.71111292387e+11
37	2.04083054996e+12
38	4.38390649407e+11
