0	5.63010142144e+11
1	2.22298116133e+12
2	1.25013588928e+12
3	6.57352821687e+11
4	9.90735848967e+11
5	2.15957022135e+11
6	1.36852398442e+11
7	8.87777853223e+11
8	7.13357873432e+11
9	4.47969991711e+11
10	1.09181971337e+11
11	1.70395237396e+11
12	3.45662109891e+11
13	5.15841807298e+11
14	99684498297.3
15	6.67292167972e+11
16	2.20598500793e+12
17	8.1848122065e+11
18	3.12628425126e+11
19	3.15079361776e+11
20	1.33508541455e+12
21	94266895442.8
22	1.56440724648e+12
23	3.38998682971e+11
24	1.49120843304e+12
25	67180748118.4
26	2.51458526005e+11
27	70917035932.4
28	3.54197014018e+11
29	3.99843137919e+11
30	1.62466228032e+11
31	2.62358482742e+11
32	5.63052516336e+11
33	1.78120870549e+12
34	9.22840831214e+11
35	5.29293350333e+11
36	1.99168265649e+11
37	52918588615.4
