0	2.08836244898e+11
1	2.21335789094e+12
2	7.77454618627e+11
3	1.83038267532e+11
4	89759053145.3
5	1.00393597773e+12
6	2.00551465195e+12
7	3.69109115509e+12
8	4.73084980561e+11
9	2.06685260852e+12
10	3.35035836912e+11
11	3.00074544543e+11
12	5.48757006918e+11
13	98763927005.3
14	5.7330610491e+11
15	5.24118166673e+11
16	2.62716675295e+11
17	2.67015224173e+12
18	1.92024266045e+12
19	2.35346048512e+11
20	6.35993391693e+11
21	6.45139243969e+11
22	1.99520263812e+11
23	9.82014336332e+11
24	8.66310085428e+11
