0	2.41671654411e+11
1	3.79647758901e+11
2	5.11210491647e+11
3	1.73836776086e+11
4	3.67779903762e+11
5	2.16756617871e+11
6	8.89448871855e+11
7	1.0930032685e+11
8	3.39979457826e+11
9	1.57024930191e+12
10	1.85449875545e+11
11	7.07310669605e+12
12	3.17489737469e+11
13	5.54660487723e+11
14	4.57319948722e+11
15	3.04520131584e+11
16	4.18227262528e+11
17	98938270233.8
18	3.82407083746e+11
19	6.86258785022e+11
20	7.02794297425e+11
21	5.36297698449e+11
22	4.00354175274e+11
23	6.24756409458e+11
24	5.7885205497e+11
25	2.60555610065e+11
26	3.76205543046e+11
27	5.79774741825e+11
28	9.86485274952e+11
29	1.03208156018e+12
30	55659222846.5
31	4.12310960119e+11
32	4.32151382138e+11
33	1.03656245248e+11
34	2.70588848236e+11
35	4.05851617905e+11
36	9.72641737171e+11
37	2.23226969533e+12
38	5.2870965797e+11
