0	41710230282.6
1	3.42537692731e+11
2	62500102383.8
3	2.64654757969e+11
4	1.70524944209e+11
5	1.00494796418e+11
6	1.68845789282e+11
7	1.31537833602e+11
8	42979743486.0
9	4.85132383433e+11
10	2.23396854629e+11
11	45312171800.4
12	82507167685.8
13	2.06765384289e+11
14	18531923683.5
15	2.47136359642e+11
16	46921524556.7
17	17569340120.0
18	82565964111.8
19	1.31212383048e+11
20	1.93974911058e+11
21	46068692336.0
22	2.97240348414e+11
23	1.8423629562e+11
24	4.875020207e+11
25	34374630431.8
26	43557726326.0
27	2.18574508301e+11
28	18189870205.6
29	1.7439593953e+11
30	34619038918.3
31	3.65320755072e+11
32	68436375886.5
33	78933168244.5
34	4.12797772483e+11
