0	1077.00082495
1	472.001164673
2	580.052249083
3	930.584367093
4	16839.8308907
5	270.090808372
6	2006.38944549
7	3488.51168378
8	381.034752236
9	2271.69229021
10	1724.22695195
11	2745.40261995
12	873.22541844
13	3524.09404685
14	1352.5307417
15	2087.19017025
16	839.688212573
17	1139.57937855
18	845.906513253
19	2001.72057273
20	1593.24055821
21	1049.03685487
22	511.916338201
23	3954.80171334
24	1177.172707
25	338.326973362
26	1489.68436418
27	10458.6308718
28	2501.00373306
29	524.460649003
30	564.601103476
31	625.813655847
32	237.883969896
33	438.455661476
34	13416.496126
35	2525.60588515
36	1061.11778913
37	1189.24965485
38	3387.1638167
39	716.788585309
40	1386.06219483
41	1394.00683947
42	2824.47949283
43	2193.19980884
44	4806.97865514
45	316.595644758
46	785.729153275
47	463.302175544
48	301.59285752
49	1602.5547782
50	1512.65209715
51	1745.4641304
52	422.499530408
53	569.405846172
54	586.654683679
55	5488.49384374
56	4353.63268057
57	691.041051166
58	1282.23870342
59	4110.90207523
60	281.686258582
61	129.704966077
62	1713.55324416
63	1109.37452754
64	4467.96206936
65	1644.57841441
66	604.441550852
67	1013.42014263
68	8213.18762686
69	22235.4336033
