0	1.0674507881e+11
1	2.36773140288e+11
2	6.86724121834e+11
3	7.03100410779e+11
4	1.09064824171e+11
5	2.31522641314e+11
6	4.0110716544e+11
7	1.94307559529e+11
8	80477738770.2
9	23815725424.1
10	1.52030619416e+11
11	70287584605.9
12	33662655733.3
13	9.01181183538e+11
14	1.01161763003e+11
15	39633581712.1
16	66805396579.4
17	1.11120148414e+11
18	96470424661.5
19	1.1531211833e+12
20	1.34453225989e+11
21	49409881947.3
22	1.41314940822e+11
23	84483062073.1
24	3.13937124503e+11
25	91708943705.3
26	4.36351961613e+11
27	2.57782278273e+11
28	2.24644819149e+11
29	20783837621.4
30	2.43106626315e+11
31	87905730682.1
