0	4.74705243021e+12
1	3.63769652464e+12
2	3.6043245394e+12
3	1.4156566056e+12
4	4.58666732368e+11
5	6.92173887295e+11
6	9.33742316765e+11
7	1.15420822788e+13
8	2.51938660529e+13
9	1.4694755591e+12
10	1.29892330637e+12
11	2.9638979056e+12
12	2.27912525993e+11
13	2.02947525878e+12
14	2.36598144314e+12
15	9.98266839304e+12
16	2.43051155126e+12
17	2.24598763741e+12
18	1.98109651796e+12
19	3.98650105915e+12
20	5.18984419759e+12
21	1.06553554723e+12
22	2.27346837487e+12
23	5.78838707459e+11
24	3.74416867891e+11
25	5.24809234087e+12
26	2.02011696813e+11
27	1.67191243312e+12
28	3.25914675908e+11
29	1.61309898177e+12
30	2.54655435609e+12
31	1.33888044944e+12
32	1.85724571175e+12
33	1.16938296291e+12
34	7.02821017749e+12
35	8.47931022427e+11
36	1.37236825339e+12
37	1.00006951125e+12
38	2.4298549923e+12
39	9.48748623047e+11
40	1.66721985551e+12
41	1.2456777218e+12
42	1.09250488816e+12
43	5.62367387021e+11
44	1.02008864178e+12
45	7.61643321291e+11
46	8.32717715455e+12
47	1.21337420409e+12
48	1.01978915182e+12
49	5.55093981237e+11
50	2.10912770841e+12
51	3.43432606243e+12
52	1.64270431947e+12
53	5.39145933548e+12
54	4.69054736346e+12
55	5.86799954353e+11
56	6.70966012179e+12
57	1.11641747783e+12
58	6.29848422154e+12
59	6.05237719269e+11
60	1.68121965635e+12
61	2.13817703639e+12
62	1.53317726193e+12
63	2.57772407832e+12
64	1.67676999032e+12
65	8.11503436853e+11
66	1.71813195558e+12
67	2.99868260736e+12
68	1.4190995212e+12
69	1.78099989012e+12
70	6.50012936265e+11
71	2.46361796149e+12
72	2.76790900073e+12
73	5.25057576961e+11
74	8.24100410405e+11
75	2.96225896722e+12
76	3.81246750344e+12
77	1.61505660905e+12
78	5.66969946778e+11
79	1.0176628054e+12
80	3.54848118714e+12
81	4.78141536552e+11
82	4.89056879354e+12
83	4.28861353381e+12
84	6.38579646117e+12
85	1.39534722019e+12
86	7.04357957892e+11
87	6.34232714967e+11
88	1.78814443028e+11
89	1.73496552556e+12
90	3.96721423519e+12
91	5.45768849601e+11
92	1.15491651899e+12
93	4.21547748046e+12
94	3.83259456604e+11
95	1.93043099853e+12
96	8.71809448536e+12
97	2.36112304527e+12
98	1.85246153597e+12
99	5.27729712105e+11
100	7.05368230284e+12
101	6.05385576471e+12
102	3.30103240733e+12
103	2.38913787094e+12
104	8.06404076388e+11
105	7.32735774153e+12
106	1.0313303606e+12
107	2.73921200777e+12
108	2.42848786271e+12
109	8.94340091432e+11
110	6.21155201119e+11
111	7.81191837551e+11
112	2.43121882728e+12
113	1.27984061816e+12
114	1.07215594132e+12
115	1.23841069446e+12
116	1.11224305954e+12
117	5.41416137774e+12
118	1.11367280534e+12
119	2.51956387211e+12
120	3.04604729138e+12
121	7.6261319216e+12
122	4.73104241708e+12
123	6.12738113211e+12
124	8.11572974957e+12
125	4.09031623825e+12
126	2.63396815509e+12
127	2.66145647337e+11
128	1.56309882363e+12
129	3.68073248111e+11
130	1.25987289497e+12
131	2.9713504823e+12
132	3.4979965685e+12
133	7.79173206451e+11
134	1.14954783926e+13
135	2.10778342904e+12
136	7.47791003659e+11
137	2.85641254856e+11
138	9.52011128057e+12
139	2.06551173555e+12
140	4.6423566638e+12
141	1.98319828437e+12
142	6.05971172189e+12
143	2.48980007529e+12
144	1.21782806625e+11
145	1.54296695225e+12
146	4.04197104345e+12
147	9.40082749338e+11
148	4.72917885537e+11
149	9.59515490778e+11
150	1.37334362741e+12
151	9.60858268245e+11
152	1.62626522869e+12
153	2.24967287492e+12
154	1.14580786916e+12
155	8.42720198628e+11
156	4.86992339884e+12
157	2.66680429419e+11
158	4.21514334337e+12
