0	2.39159091123e+12
1	4.7618342824e+11
2	6.94963295541e+11
3	6.58395279067e+11
4	6.26359513286e+11
5	5.3218070911e+12
6	7.10988768751e+11
7	5.95652159855e+12
8	9.38143298369e+11
9	5.22652643457e+12
10	1.27049140678e+12
11	2.13003915121e+12
12	3.56814245936e+11
13	8.1997853418e+11
14	2.6873320092e+11
15	6.73496759864e+11
16	1.08238276556e+12
17	1.04994016162e+12
18	7.46624570108e+11
19	7.36444110778e+12
20	1.02445103097e+13
21	1.08128451244e+12
22	5.96658225841e+11
23	1.86887376038e+12
24	8.24423054556e+11
25	1.01526752396e+12
26	1.37207299322e+12
27	6.76907357659e+11
28	1.9860445429e+12
29	2.74681720504e+12
30	1.0887353955e+12
31	7.26438777722e+11
32	1.34810511379e+12
33	7.14880300882e+12
34	4.15529156767e+12
35	2.07511415707e+11
36	2.30328958433e+11
37	1.86178251464e+11
38	6.31230072529e+12
39	1.0500918134e+12
40	5.05540150923e+12
41	6.61085647973e+11
42	2.01193799068e+11
43	1.2898680202e+12
44	6.90830665174e+11
45	6.41962040395e+11
46	2.28383804669e+12
47	2.23860110752e+12
48	3.64186512752e+12
49	5.43697196077e+11
50	1.55765762953e+12
51	9.17550454472e+12
52	1.47665604094e+12
53	1.22643209608e+12
54	8.77634972359e+11
55	1.17526288765e+12
56	5.18862370101e+11
57	2.83068533591e+11
58	1.88684902364e+12
59	3.47157515363e+12
60	9.51072529055e+11
61	3.55215004266e+12
62	4.11537925142e+11
63	1.56227267319e+12
64	3.98667285084e+12
65	2.47459047307e+12
66	1.28072628635e+12
67	6.34064273552e+11
68	7.53107850021e+11
69	2.55051973792e+12
70	3.15038759526e+12
71	2.4589593801e+11
72	2.16204046185e+12
73	1.07527715241e+12
74	2.12576783112e+12
