0	1.73759113038e+11
1	2.1609978519e+11
2	95024522301.5
3	2.52722572108e+12
4	1.58307200657e+11
5	6.69193210147e+11
6	6.09170271188e+11
7	2.8737140538e+11
8	1.45752436973e+11
9	1.63319281661e+12
10	2.56114432714e+11
11	1.04569506976e+11
12	8.79358235156e+11
13	8.37130647162e+11
14	2.75727441602e+11
15	8.74330160846e+11
16	4.35719983824e+11
17	97435666174.1
18	3.02385773535e+11
19	2.98819398444e+11
20	3.07950592284e+11
21	60224415146.3
22	1.81238486139e+12
23	1.60216846566e+11
24	1.20352769523e+12
25	1.64032146202e+11
26	3.66276735821e+11
27	2.59163476986e+12
28	95379297469.7
29	1.9117585884e+11
30	6.04711417199e+11
31	7.02692414994e+11
32	7.93854561369e+11
33	2.03989490791e+11
34	2.92174687811e+11
35	8.00770834907e+11
36	3.49499308269e+11
37	1.3808353292e+12
