0	1.17903786922e+11
1	1.31509134643e+11
2	3.01201922179e+11
3	3.99173836902e+11
4	7.95868091647e+11
5	4.85403378946e+11
6	5.2713964755e+11
7	3.45115765062e+11
8	4.91262169586e+11
9	7.31953691137e+11
10	1.15326340855e+12
11	2.27159558975e+11
12	3.6554695472e+11
13	1.57744881088e+11
14	1.02649793918e+12
15	8.80385748092e+11
16	2.27502618089e+11
17	1.14173427465e+12
18	1.19601923452e+11
19	7.00465598657e+11
20	1.43182603192e+11
21	2.86651434491e+11
22	1.29528573652e+11
23	2.2122457124e+11
24	3.16158344311e+12
25	3.65650201647e+11
26	1.0771619737e+12
27	5.3373861941e+11
28	2.23827669815e+12
29	57229402621.5
30	7.87885006217e+11
31	75644472358.0
32	6.63790521633e+11
33	2.34759965423e+11
34	2.82611357684e+11
35	2.16423487039e+12
36	8.1728023653e+11
37	4.69235428127e+11
38	66237231797.2
39	4.89333641547e+11
40	6.24132720161e+11
41	7.52855820748e+11
42	6.59005101715e+11
43	1.08593284837e+12
44	3.15413268415e+11
45	4.30000698695e+11
46	6.12913860233e+11
47	5.74477243441e+11
48	1.44194606195e+11
49	1.43586299518e+12
50	4.57993600609e+11
51	2.69550534615e+11
52	9.59195508665e+11
53	1.61437233563e+11
54	8.069417652e+11
55	7.9026187185e+11
56	5.17307957623e+12
57	5.30311739452e+11
58	2.06427213903e+11
59	2.6838788934e+12
60	45526609715.7
61	1.3456337889e+11
62	5.50268370475e+11
63	4.13901341724e+11
64	9.08133329751e+11
65	7.84570245238e+11
66	2.45747102063e+11
67	2.18098154965e+12
68	6.27156915859e+11
69	5.33422935211e+11
70	3.60445057654e+11
71	3.2454091488e+11
72	1.62787426215e+12
73	6.4509332913e+11
74	1.16311635122e+11
75	2.94165240112e+11
76	6.43625675163e+11
77	6.0125209593e+11
78	7.78025469649e+11
79	6.47894628529e+11
80	1.65821581187e+11
81	1.13800835022e+12
82	3.6397154036e+11
83	63328205980.8
84	2.94255154254e+11
85	3.06568708464e+11
86	79486237034.3
87	9.33969184612e+11
88	2.62370997134e+11
89	93098226399.8
90	1.9978587894e+11
91	3.51475170182e+11
92	9.32124526732e+11
93	89883623113.9
94	8.22857848324e+11
95	1.09175584951e+11
96	2.18910833129e+12
97	2.36513181304e+11
98	4.6975911974e+11
99	41435864765.2
100	1.40950698321e+12
101	6.57289015023e+11
102	2.2161377675e+11
103	9.62054071159e+11
104	2.11422262289e+11
105	4.13503561267e+11
106	34346977067.5
107	1.18791809542e+11
108	3.94168313284e+11
109	1.85772519518e+11
110	9.96233966937e+11
111	8.39400746948e+11
112	7.81390283661e+11
113	2.75847729603e+12
114	1.12007695261e+12
115	3.89218998916e+11
116	1.29741166768e+11
117	1.78755139122e+11
118	4.49711169534e+11
119	6.35806550351e+11
120	5.37300836631e+11
121	8.94277798441e+11
122	3.64030879939e+11
123	1.49763523772e+11
124	1.09125014985e+11
125	2.68601647861e+11
126	9.75278850106e+11
127	2.82378822639e+11
128	6.79293083993e+11
129	6.80407332508e+11
130	1.47550177474e+11
131	1.2101928647e+12
132	2.34538789192e+12
133	4.89505351588e+11
134	9.98454086113e+11
135	1.5640322773e+11
136	6.21196708006e+11
137	7.1868531166e+11
138	4.93528697541e+11
139	8.53384732225e+11
140	5.58505614203e+11
141	1.06117667419e+11
142	3.97854099255e+11
143	2.16761640036e+11
144	7.640364921e+11
145	2.64227737633e+11
146	7.29086397323e+11
147	6.10807475593e+11
148	3.38589559711e+11
149	1.73221560516e+11
150	1.25774582151e+11
151	6.07133704795e+11
152	4.64465683165e+11
153	37357109352.6
154	2.30476660342e+11
155	1.43239631943e+12
156	1.04181630268e+11
157	1.02292346271e+12
158	1.2987667906e+12
159	1.44826555922e+12
160	5.66659094841e+11
161	88877409539.0
162	3.63691530212e+11
163	1.88023385755e+11
164	1.17808730033e+12
165	2.93841193636e+12
166	4.04108300578e+11
167	8.82466854579e+11
168	3.54350709218e+11
169	7.36785165792e+11
170	3.00735183615e+11
171	2.60723772637e+11
172	4.28159264354e+11
173	3.86333710057e+12
174	2.33083639116e+12
175	1.1469539515e+12
176	4.80643682379e+11
177	89189434395.8
178	4.21410209581e+11
179	3.55045473301e+11
180	1.89854906066e+12
181	2.62749746669e+11
182	3.4416875258e+11
183	2.59540618422e+12
184	3.22073876411e+11
185	50995891544.9
186	1.18597530791e+12
187	1.72073831566e+11
188	1.11867632846e+11
189	1.26528546289e+12
190	3.73541876751e+11
191	1.13797215119e+12
192	2.42551468338e+11
193	86933043861.0
194	44371856369.7
195	46279241831.1
196	4.46071405645e+11
197	2.63085180176e+11
198	5.28479499906e+11
199	1.16744237754e+11
200	2.43558874526e+11
201	7.59880328221e+11
202	2.90791241427e+11
203	2.03051781455e+11
204	1.30973918113e+12
205	4.16010723518e+11
206	8.39250429363e+11
207	1.06009956284e+12
208	30917566093.0
209	1.19889987619e+12
210	2.21880915774e+12
211	5.03877414427e+11
212	2.89243582888e+11
213	5.23978330693e+11
214	2.16161769201e+11
215	1.53270890546e+11
216	7.78729851743e+11
217	1.24802064069e+12
218	3.98602675261e+11
219	2.51968722471e+11
220	1.41438772404e+11
221	2.41703802176e+11
222	2.16437800527e+12
223	1.11637735869e+12
224	3.96305782885e+11
225	1.10577879532e+12
226	1.9028562807e+11
227	7.0900771382e+11
228	5.29174226566e+11
229	2.39977771863e+11
230	45147554297.9
231	3.40462974953e+11
