0	2.55851368652e+11
1	1.15943838085e+11
2	3.57142853113e+11
3	5.77435813064e+11
4	3.02781207064e+11
5	4.95598542184e+11
6	1.87557081622e+11
7	6.17647086819e+11
8	6.78436273022e+11
9	4.05121356919e+11
10	2.12359791882e+11
11	5.88931860568e+11
12	1.26171647102e+12
13	1.61291158087e+11
14	7.97428648619e+11
15	1.75642891885e+11
16	2.78359965138e+11
17	2.74186221043e+11
18	3.24963226076e+11
19	1.01669818221e+11
20	2.58693956793e+11
21	70157083720.7
22	4.78488093333e+11
23	98659980382.7
24	3.76277708556e+11
25	6.87134242032e+11
26	9.40858541811e+11
27	6.84808882844e+11
28	1.27676518377e+12
29	1.27514684544e+12
30	44956016567.0
31	2.95808218457e+11
32	5.27876610797e+11
33	5.99635122533e+11
34	7.63434221196e+11
35	1.08077586868e+12
36	4.25737156988e+11
37	3.64271726648e+11
38	3.15319504026e+11
39	1.11252801599e+12
40	5.96207890923e+11
41	3.04642325233e+11
42	3.05462629359e+11
43	1.83001820986e+11
44	5.83608782498e+12
45	32616665927.3
46	1.60223849409e+11
47	2.37683114635e+11
48	4.17831887773e+11
49	2.71339024145e+11
50	7.51303230278e+11
51	1.5907051206e+11
52	2.69898678703e+11
53	2.47202766472e+11
54	1.11525533001e+11
55	4.36954641726e+11
56	7.3968542732e+11
57	3.78357730828e+11
58	1.17642080533e+12
59	1.68678044706e+12
60	2.85081508189e+12
61	2.09347772516e+11
62	7.55828515576e+11
63	1.35152908452e+12
64	1.09436501482e+12
65	4.3634897965e+11
66	1.29686696976e+11
67	8.5573038969e+11
68	3.32575666069e+11
69	1.71169602991e+11
70	6.41074165939e+11
71	21796867243.2
72	2.57834015531e+11
73	3.43822171112e+11
74	9.98964363358e+11
75	9.53275207518e+11
76	2.37472994694e+12
77	1.37548975995e+12
78	1.61585467513e+12
79	35870522659.1
80	4.41677160782e+11
81	8.17694769623e+11
82	4.66763979657e+11
83	1.42785628825e+11
84	4.12194181849e+11
85	83689744665.3
86	1.0272739905e+12
87	1.28997758142e+11
88	6.84939134133e+11
89	1.03059289765e+12
90	2.78150940391e+11
91	1.52214546105e+11
92	56212564159.2
93	3.12626065563e+12
94	3.35922023884e+11
95	4.90544973832e+11
96	2.45493566969e+11
97	3.67311022251e+11
98	1.38619575978e+12
99	39706680273.5
100	1.28246113996e+11
101	5.46543293609e+11
102	81651343229.1
103	1.20474900309e+12
104	1.45763043175e+12
105	1.09813584579e+11
106	2.09458249985e+11
107	4.15353044776e+11
108	5.08654056001e+11
109	90076624063.4
110	1.90479243003e+11
111	88300706690.9
112	1.34697263722e+12
113	3.42062409183e+11
114	1.49962986851e+12
115	2.06971970495e+11
116	1.23140024158e+12
117	4.13999676801e+11
118	1.06489867933e+11
119	2.28058099398e+11
120	3.06761905113e+11
121	3.11521769465e+11
122	1.67127247232e+12
123	1.36464337284e+11
124	5.52207646134e+11
125	1.88758340235e+11
126	1.62993276976e+12
127	3.76126004936e+11
128	5.97048614676e+11
129	4.22271154799e+11
130	2.62302752389e+11
131	4.03004874764e+11
132	6.05193886977e+11
133	1.45450808829e+11
134	1.06083376371e+12
135	2.6443708488e+11
136	9.0471272333e+11
137	4.67632439538e+11
138	1.11408389212e+12
139	2.71722544052e+11
140	1.48970593017e+12
141	1.19521419868e+12
142	4.52132170622e+11
143	70669387366.1
144	3.88083947877e+11
145	1.33867783052e+11
146	98480499552.1
147	3.32158652941e+11
148	1.95643693862e+11
149	1.46700925076e+12
150	1.29062591708e+12
151	1.07343118412e+12
152	1.21860211896e+11
153	2.30891118499e+11
154	1.50955194189e+11
155	4.19317711151e+11
156	1.30679075923e+11
157	3.74191362294e+12
158	5.24434498745e+11
159	1.72689034409e+12
160	7.03915519117e+11
161	3.03665064761e+11
162	5.38107476715e+11
163	7.85304575602e+11
164	5.33380956859e+11
165	6.74711605613e+11
166	1.13746338846e+12
167	5.32373203128e+11
168	3.70025592589e+11
169	2.02329439959e+12
