0	422.62387744
1	263.320999341
2	102.393076279
3	1500.73368657
4	1712.24635676
5	48.4914436304
6	374.974175838
7	190.923632705
8	404.29626557
9	65.0150539824
10	421.257118507
11	71.9545912069
12	99.8227054583
13	1069.52849832
14	567.138710694
15	54.0097240177
16	58.5445881111
17	3379.67782522
18	4997.71140848
19	1832.42490351
20	151.767406391
21	609.552282399
22	143.48929761
23	207.649087804
24	4164.95660606
25	296.225450596
26	42.4223546745
27	364.131384007
28	102.544544328
29	170.800839151
30	731.709730797
31	287.897551944
32	68.7807984943
33	1586.19773629
34	3679.75782178
35	94.7324798909
36	652.139182509
37	354.359544409
38	46.8646804101
39	360.971074349
40	1679.78565197
41	1324.05190131
42	974.42743722
43	379.290077199
44	277.902025279
45	1686.35729766
46	1222.90687424
47	492.496018349
48	244.080606304
49	367.449185566
50	122.873767393
51	109.246597466
52	92.8328474785
53	322.150364127
54	810.046503617
55	1186.69877941
56	238.116657828
57	83.7488500038
58	14.8494620441
59	160.062797064
60	1717.05778856
61	43.5175003422
62	218.644800851
63	2549.24271669
64	1928.91162566
65	14036.6746854
66	199.217359524
67	178.709564366
68	62.4944647692
69	251.131826415
70	42.5917832528
71	276.393680799
72	926.383019331
73	234.691913599
74	82.1644062566
75	33.0715353959
76	4456.02979626
77	24.6166563397
78	311.192932857
79	520.94378231
80	104.913802891
81	1895.84280802
82	598.96756264
83	77.6452494916
84	152.215101732
85	1190.56133465
86	4453.16096604
87	539.925788186
88	277.475055308
89	128.562859902
90	56.9242987053
91	1562.65874786
92	1435.04536999
93	98.9329842925
94	205.219122943
95	656.380315894
96	484.880929302
97	943.259144417
98	2074.19174048
99	2767.41271001
100	106.131366379
101	157.080237697
102	63.4654209295
103	112.407834292
104	119.799473331
105	316.77366415
106	197.056677731
107	5134.33959587
108	2473.18528292
109	2110.72842236
110	133.307784573
111	2432.02311396
