0	3.81792185346e+12
1	6.45339456263e+11
2	2.02785412059e+12
3	1.8324525057e+12
4	5.02311047462e+11
5	1.80324853832e+12
6	2.33317712099e+12
7	5.36407888011e+12
8	1.66370489904e+12
9	1.59810328604e+11
10	6.07174716708e+11
11	2.69132810638e+12
12	1.16604096841e+12
13	1.49992341457e+12
14	5.86702881195e+11
15	7.9437938779e+11
16	7.59492799355e+11
17	8.02913427052e+11
18	7.39905910339e+11
19	3.50146593706e+12
20	1.8729326234e+12
21	1.0226440588e+13
22	4.78685064096e+11
23	1.76507878665e+12
24	8.21924512678e+11
25	3.79196644803e+11
