0	5.23673797207e+12
1	1.51738219938e+13
2	2.82391752663e+12
3	7.8859918969e+12
4	4.76145467318e+11
5	2.51610439633e+12
6	5.67413861037e+12
7	2.19499262938e+12
8	1.43269619118e+12
9	4.17007814044e+12
10	2.87068257985e+12
11	1.24707398836e+13
12	1.94545068721e+12
13	3.55895949185e+12
14	3.08440316088e+13
15	7.96457043627e+11
16	7.47739629436e+12
17	1.16338826503e+13
18	8.14931120557e+11
19	1.09979962155e+12
20	2.08007931068e+12
21	1.76587151591e+13
22	3.85049784062e+12
23	1.42625030968e+12
24	1.72383831517e+12
