0	81516384781.6
1	1.899759605e+12
2	86117917602.9
3	4.53402840081e+11
4	1.38530936496e+11
5	3.55785152979e+11
6	1.17620359688e+11
7	3.05993813355e+11
8	3.39544963807e+11
9	4.08679078396e+11
10	39979595387.8
11	1.30267820902e+12
12	3.52498084402e+11
13	2.65904174985e+12
14	1.5017431826e+11
15	9.89714540122e+11
16	6.31483097643e+11
17	8.28837619368e+11
18	8.85723695297e+11
19	8.93682993343e+11
20	9.46661789428e+11
21	80450644868.4
22	3.51322747493e+11
23	2.20677101136e+12
24	2.81852191954e+12
25	60019615009.2
26	1.17539524181e+11
27	88659782308.4
28	7.51660330846e+11
29	3.90292633812e+11
30	1.02862611306e+12
31	5.10707873032e+11
