0	1.52848434011e+12
1	6.78656242064e+11
2	8.91348399001e+11
3	8.32710912047e+11
4	1.24546961838e+12
5	6.65884626467e+11
6	3.51687334925e+11
7	5.78639682492e+11
8	2.50695643143e+11
9	2.20701569294e+12
10	7.91605092492e+11
11	7.56300112191e+11
12	5.27024557098e+11
13	2.30799503697e+12
14	7.1564413548e+11
15	6.51627676969e+11
16	3.22408396877e+12
17	1.16430482666e+12
18	2.63131560178e+12
19	3.86451087058e+12
20	1.26946764123e+12
21	4.46399625201e+11
22	4.19642318634e+11
23	1.13378702858e+11
24	3.81607593133e+11
25	1.01129740283e+11
26	7.13326255075e+11
27	97650438208.5
28	1.35756918307e+12
29	1.46592072065e+12
30	8.58669498596e+11
31	1.81639576153e+12
32	4.80939650567e+11
33	1.7322528754e+12
34	1.0643681226e+11
35	1.83366388738e+11
36	5.93129441407e+12
37	2.10428148292e+12
38	1.310940604e+12
39	2.08496856566e+11
40	1.08379178795e+12
41	1.04871276006e+12
42	3.25892778369e+11
43	2.88809536427e+11
44	4.77415764936e+11
45	2.35855771754e+12
