0	62449877631.1
1	3.62210701338e+12
2	2.76512622056e+11
3	2.37425870926e+12
4	1.08246644272e+12
5	95964634859.6
6	2.97828706154e+12
7	1.84519641759e+12
8	4.66484391144e+11
9	3.94392667047e+11
10	5.50358530467e+11
11	1.99789713026e+12
12	2.69530538952e+11
13	3.46134565453e+11
14	88423063164.5
15	9.36607457985e+11
16	2.70065041134e+11
17	2.69343898957e+11
18	1.4582675845e+11
19	3.14516293183e+11
20	4.36786983114e+11
21	9.04691366121e+11
22	1.12175776947e+11
23	5.90610236212e+11
24	34341073230.0
25	3.03108443848e+11
26	1.28738912262e+12
27	4.77874240205e+11
28	3.00870456639e+11
29	2.89496327493e+11
30	2.5192431625e+11
31	5.30197471284e+11
32	1.06136419834e+11
33	4.72366082925e+11
34	1.28057118736e+11
35	1.06256766319e+11
36	1.10658585033e+12
37	1.21868189292e+12
38	3.90516304363e+11
39	1.42954930902e+12
40	1.30025427012e+11
41	1.35729944969e+12
42	1.40277029379e+11
43	5.68599730826e+11
44	1.2843625886e+12
45	1.79614467943e+12
46	8.14398720021e+11
47	2.34778307032e+11
48	2.91476446292e+11
49	94410512622.5
50	3.1779578232e+11
51	7.29574211609e+11
52	2.05963839437e+11
53	72520082211.4
54	1.16392805259e+12
55	5.91492644106e+11
56	1.76740336656e+11
57	1.97028206303e+12
58	4.85364702175e+11
59	5.89540694447e+11
60	6.07698943769e+11
61	1.86298989683e+11
62	7.33010316923e+12
63	1.65089874784e+11
64	7.44200912504e+11
65	1.79000039837e+12
66	2.11083035081e+11
67	5.36623374041e+11
68	5.19668966975e+11
69	7.30867526695e+11
70	1.48002908306e+11
71	9.10641831656e+11
72	1.4653425676e+11
73	3.79394154124e+11
74	1.47237256886e+12
75	37662384121.7
