0	1.56872159352e+11
1	8.44484107537e+11
2	40663025999.0
3	1.03525243618e+12
4	2.62055795927e+11
5	1.00212346793e+11
6	1.01282695794e+11
7	2.14287446874e+11
8	2.45603610829e+11
9	89185034162.1
10	1.26215694501e+11
11	1.27961183928e+11
12	60538565055.6
13	70305840038.6
14	37763231042.1
15	1.64008697163e+11
16	8.16372551292e+11
17	70986805963.4
18	51551190858.0
19	1.77599114615e+11
20	5.43813867477e+11
21	2.09637790284e+11
22	6.6595390477e+11
23	3.09892683591e+11
24	1.50177844068e+11
25	2.5728729856e+11
26	1.62082267135e+11
27	24580627076.5
