0	3.01190927361e+11
1	3.61837322462e+11
2	6.07532150506e+11
3	1.00339298416e+12
4	5.28958632233e+11
5	1.65774167276e+11
6	8.09613774891e+11
7	3.22554839455e+11
8	1.28294652133e+11
9	2.02349023795e+11
10	26004666631.6
11	6.22770851778e+11
12	4.18844494703e+11
13	1.93568817688e+11
14	4.40433187577e+11
15	4.76158623138e+11
16	1.73611807438e+11
17	3.45815134985e+11
18	8.67832475887e+12
19	3.27181132753e+11
20	6.07245251866e+11
21	5.24912432891e+11
22	1.08918721751e+12
23	3.34193555313e+11
24	3.93906906722e+11
25	2.0490399219e+12
26	7.00398116077e+11
27	8.27835558048e+11
28	4.94295550794e+11
