0	18582.939328
1	12668.4012699
2	11438.8409759
3	15021.4993644
4	13561.0613926
5	5022.96914395
6	13730.4059722
7	10793.0564377
8	829.744621688
9	34771.1329138
10	8031.62528874
11	12304.9932118
12	3488.47881354
13	2244.6178861
14	11670.8960924
15	87637.5164442
16	7827.50351805
17	3554.09658698
18	9030.67188164
19	22176.1120583
20	13394.5722166
21	22484.3223256
22	22172.0502567
23	3310.23002892
24	11148.3197271
25	1883.85063254
26	18650.3267148
27	126794.671799
28	4221.21259888
29	1820.71909343
30	10473.7437083
31	25288.8171855
32	5498.28240417
33	89517.77159
34	11013.4916673
35	3062.64817639
36	337094.7775
37	2966.40009684
38	47882.9677922
39	94212.3887164
40	2511.75222648
41	2719.25178297
42	18951.457197
43	7712.84242022
44	20593.4016198
45	20081.2792936
46	11102.5459397
47	7369.52178559
48	6573.49234389
49	18945.1676861
50	7384.43771612
51	2410.13193042
52	9630.71286841
53	35226.4453604
54	3971.89310465
55	8986.97274759
