0	1.4675452871e+11
1	3.33200736542e+11
2	3.44874738738e+12
3	1.90525607812e+11
4	4.14885752141e+11
5	4.44274234398e+11
6	2.09286753779e+12
7	7.91037137318e+11
8	75770048647.9
9	8.6829364449e+11
10	5.53216391638e+11
11	5.56242050667e+11
12	98650445936.0
13	1.7377153561e+12
14	1.88917121269e+12
15	2.34970284889e+12
16	7.11833008292e+12
17	1.9023291921e+12
18	4.30767693776e+11
19	8.17077020932e+11
20	1.18302587807e+12
21	6.69873731692e+11
22	4.09207770144e+12
23	1.09002109885e+12
24	5.75472947383e+11
25	5.477924446e+11
26	1.17106250668e+12
27	2.82827468781e+12
28	1.1496564056e+12
29	1.22138255802e+12
30	1.8651281804e+12
31	5.41301499387e+11
32	1.64591195482e+11
33	1.25654323485e+12
34	8.97128027193e+11
35	3.0206791615e+12
36	2.09414894703e+12
37	1.10785486118e+12
38	1.72337519228e+12
39	9.3507571261e+12
40	1.78262509876e+12
41	1.19599654311e+12
42	3.58530205346e+11
43	2.04225928892e+12
44	7.77729565385e+11
45	3.76430806528e+11
46	4.61092151564e+11
47	7.09491776492e+12
48	7.20173606647e+11
49	2.17925087073e+11
50	7.85828390136e+11
51	3.85445748238e+11
52	1.40522750361e+11
53	4.12427173058e+11
54	2.33657570204e+11
55	2.06474078719e+12
