0	4.05302166859e+11
1	6.48800399445e+11
2	1.00533443489e+12
3	8.97290553383e+11
4	5.71214805922e+11
5	6.10143259862e+12
6	1.14751310488e+12
7	3.18113449618e+11
8	2.17795581028e+11
9	2.57869922363e+11
10	6.03822320083e+11
11	1.95705965086e+12
12	3.87431212277e+11
13	1.86781024652e+12
14	1.01144154014e+12
15	7.96864239593e+11
16	2.33631410146e+11
17	7.91041112758e+11
18	3.07565143878e+12
19	1.25941049561e+11
20	4.52229818565e+12
21	6.01076178579e+11
22	7.45219267401e+11
23	1.49417560628e+11
24	4.50210460764e+11
25	2.65557564813e+12
26	2.31753650615e+11
27	1.16265661069e+12
28	8.93718736818e+11
29	1.20066257036e+12
30	3.85938785666e+11
31	2.45609526974e+12
32	1.74037173339e+11
33	1.37173370404e+11
34	2.54100680823e+11
35	1.04639698815e+12
36	3.46528886961e+11
37	7.68841415763e+11
