0	2.34068128736e+11
1	76982900005.5
2	4.06954078546e+11
3	5.45257969784e+11
4	1.22340082974e+11
5	1.20003715711e+11
6	4.6199307208e+11
7	3.47431580347e+11
8	90174000256.8
9	2.81719900082e+11
10	3.58574521258e+11
11	5.55295179362e+11
12	2.95904411523e+11
13	81177186541.0
14	54944806895.8
15	61353355278.6
16	1.04917360694e+11
17	4.13807732906e+11
18	5.37323116729e+11
19	6.94748417867e+11
20	1.04184487681e+12
21	28832331917.8
22	79431902125.9
23	3.22462009467e+11
24	1.16753744407e+11
25	4.86125109163e+11
26	5.18258515108e+11
27	52931256942.9
28	42721413945.7
29	4.54330382787e+11
30	2.50109608664e+11
31	1.52469494362e+11
32	39228376627.1
33	8.93589219663e+11
34	5.97886777846e+11
35	7.51055234407e+11
36	1.11328075845e+11
37	2.82411773429e+11
38	1.71893530354e+11
39	49570759970.2
40	2.10408654511e+11
41	3.62560401108e+11
42	99874000545.9
43	4.00342241813e+11
44	3.96165830367e+11
45	1.99649732146e+11
46	1.39018591338e+11
47	5.73630449674e+11
48	4.58060942393e+11
49	1.73417994822e+11
50	1.64986967694e+11
51	1.37896391059e+11
52	1.57319307046e+11
53	2.1681766942e+11
54	2.72410955273e+11
55	2.2352159155e+11
56	1.25694957311e+12
57	1.05044303434e+11
58	3.99892070785e+11
59	77127981080.3
60	2.79391619069e+11
61	1.41375351622e+12
62	2.32471642433e+11
63	1.0057716565e+11
64	53763019857.7
65	2.43596280474e+11
66	2.70916151871e+11
67	1.54654345222e+11
68	1.59423747699e+11
69	3.39306952382e+11
70	2.63405239581e+11
