0	9.58333406143e+11
1	2.74903488754e+11
2	4.53936003997e+11
3	1.7115983238e+11
4	1.92118657084e+11
5	2.981836801e+11
6	1.87612399071e+11
7	5.18299500404e+12
8	1.20781711551e+11
9	6.70462450724e+11
10	2.26523746107e+11
11	3.59470197139e+12
12	3.96536593166e+11
13	2.74228431287e+11
14	1.26807220316e+12
15	1.61675328645e+11
16	6.05087449263e+11
17	5.93870999051e+11
18	2.05419104358e+11
19	8.87120250678e+11
20	6.77147356204e+11
21	6.06058886283e+11
22	3.9793537393e+11
23	9.12601746148e+11
24	3.5917314508e+12
25	9.16221140834e+11
26	3.54755883604e+11
27	3.71962647848e+11
28	23407839802.4
29	19968793709.1
30	5.08231227594e+11
31	3.36675117635e+11
32	4.64886964353e+11
33	2.25295412461e+11
34	1.51508666755e+11
35	2.75452926591e+11
36	2.1474318014e+11
37	7.03787430664e+11
38	2.24156950528e+11
39	3.32857231603e+11
40	2.8475626864e+12
41	3.66445481708e+11
42	3.71369065457e+11
43	1.12870418053e+12
44	1.22844719549e+12
45	6.47703020875e+11
46	99869454885.3
47	2.25662940501e+11
48	1.49693573637e+11
49	3.88800555691e+11
50	2.1123903108e+11
