0	163.243338823
1	1686.17413131
2	23.300401342
3	308.804865899
4	97.824863794
5	2891.18788025
6	1542.82768524
7	829.962565265
8	5077.74708905
9	1422.47171516
10	4752.58948118
11	9208.6923533
12	50311.5368189
13	975.152913737
14	831.27809547
15	55.6407641866
16	841.394175708
17	93.4895951425
18	138.664859994
19	1318.76610006
20	760.006019379
21	1002.27437778
22	2386.6198271
23	244.137517793
24	5344.69891583
25	700.306524513
26	2256.59330928
27	2065.92610933
28	343.096973428
29	484.204764303
30	1062.83555804
31	221.555668975
32	5693.920248
33	389.032732765
34	1374.40517631
35	3105.39615585
36	261.472852616
37	2262.12045854
38	73338.0903194
39	3463.08382315
40	1213.34585135
41	878.46716397
42	227.696976678
43	3058.99927978
44	230.995938242
45	10816.7524482
46	1009.11538998
47	613.9159438
48	776.779826212
49	423.016300869
50	72.8480912268
51	1190.05668576
52	1366.67688579
53	16275.9406484
54	5461.06610943
55	1292.00726885
56	7546.45376521
57	2921.03477825
58	255.009480128
59	2476.55155648
60	3715.42346897
61	8713.8230365
62	4743.25626371
63	13249.5342219
64	1208.08027252
65	16.7862706835
66	9812.55427683
67	2128.84701111
68	1041.78721585
69	7315.40831855
70	3184.28029565
71	1110.67028915
72	330.374034349
73	4256.980269
74	4593.07349981
75	1021.2463543
76	622.331715138
77	877.851345113
78	1310.46730968
79	902.311570883
80	6968.85581061
81	187.832533528
82	4744.95691651
83	4074.22454128
84	3836.37530783
85	7011.00769219
86	285.312956683
87	305.335239539
88	1711.56430247
89	1289.96170178
90	3056.07588948
91	822.258481258
92	397.540917279
93	1905.86663788
94	2477.04370786
95	11403.2053995
96	1396.71175354
97	1031.71170227
98	16515.5688819
99	1664.54712325
100	855.951775375
101	16444.870794
102	1424.42100026
103	1472.67012657
104	7475.41250393
105	1230.89547659
106	604.988053396
107	595.063259225
108	2267.44478168
109	291.111969733
110	251.137631996
111	5084.14297108
112	3724.4125031
113	1802.63682398
114	505.208031974
115	6901.03624205
116	517.201660508
117	5410.74890699
118	3884.96051557
119	1596.79870692
120	921.146258884
121	19507.0186211
122	801.0620933
123	1704.66472876
124	8784.58673871
125	6081.87303237
126	79.7606175635
127	639.972722834
128	7104.51935625
129	1293.4412566
130	1729.36784109
131	872.427668062
132	14512.994365
133	299.037038889
134	11208.4095018
135	359.509557751
136	279.225017922
137	12386.5584597
138	1862.81264419
139	220.816231734
140	4930.7023858
141	319.125721191
142	1171.87812438
143	426.79815165
144	1321.80040077
145	553.154700701
146	856.882117266
147	18476.8672203
148	628.42133282
149	868.750712633
150	1446.90820342
151	1792.66730542
152	613.316295567
153	113.789487452
154	30083.6973583
155	8737.15861013
156	2299.01787276
157	794.918475308
158	320.379827102
159	2846.03335145
160	879.185966892
161	1095.21609887
162	227.05766371
163	60.3156112503
164	876.567523069
165	9199.61134164
166	532.488215517
167	430.431547387
168	190.260173879
169	431.989116704
170	255.825407875
171	18640.3251857
172	916.322213585
173	2074.23358863
174	45788.423149
175	204.400586528
176	394.909064543
177	591.031875279
178	142.613148122
179	476.404371912
180	1668.82659339
181	658.6465817
182	993.655089968
183	96506.19157
184	21614.4062639
185	504.001746995
186	2143.1689075
187	48583.3224139
188	7526.38861571
189	54628.5200324
190	1734.99021029
191	568.047905165
192	442.629530558
193	1430.28993903
194	229.044689843
195	353.173561972
196	343.948816601
197	696.793667128
198	687.235131683
199	3231.45325233
200	216.548847461
201	2366.60357785
202	1060.40513877
203	180.357702942
204	1169.97480878
205	1629.74697219
206	5061.20898452
207	227.656627045
208	719.336977343
209	192.68602044
210	6778.21831484
211	2148.30262326
212	582.790922877
213	4000.25519755
214	11281.3345328
215	16117.2272217
216	31877.608527
217	571.302427305
218	2224.39043182
219	2566.3491335
220	534.845131889
221	1152.37774897
222	240.225446321
223	14381.4544125
224	861.708359823
225	234.87374424
226	32788.5336233
227	977.78495108
228	193.744077188
229	638.364130565
230	1199.66065863
231	417.157217469
232	202.76659942
233	3190.73187094
234	4705.75484935
235	948.063510093
236	937.922096761
237	1711.66090659
238	167.792039662
239	1462.41509682
240	711.207031777
241	10125.0623448
242	262.052048437
243	2091.1594471
244	1560.56778934
245	143.98660663
246	5616.66408125
247	6651.13844295
248	1158.035052
249	111.567640267
250	500.058009554
251	1911.98789433
252	8143.39077382
253	376.805462587
254	354.312979964
255	3979.36375332
256	1206.67926867
257	991.443248912
258	4613.87870036
259	341.281215243
260	3931.03512687
261	1497.46299165
262	3815.57437323
263	4181.86073389
264	2907.61951511
265	451.021553716
266	628.773213409
267	69.2809374064
268	6034.06485356
269	1235.56798792
270	5412.65074607
271	1357.04690875
272	377.780469956
273	4070.6093853
274	533.277162375
275	322.522999315
276	937.028069475
277	4223.14304389
278	5522.60132077
279	785.778368758
280	7155.71873459
281	11709.7495796
282	546.994714599
283	913.208292787
284	19675.3178311
285	345.502018645
286	4473.6579619
287	888.94630854
288	1714.09485342
289	532.421258956
290	4607.54165716
291	50540.2097235
292	1100.1921733
293	15197.487874
294	593.480731635
295	844.684336329
296	4298.05015236
297	800.598140666
298	4737.42527261
299	111.879308616
300	1757.31000428
301	9284.22102919
302	1842.55429693
303	1012.88747012
304	21820.7383024
305	59.7339319958
306	5233.10539015
307	2992.24907705
308	1886.27076077
309	594.699206567
310	7477.7671875
311	5649.30755924
312	320.149474189
313	1949.218665
314	20719.3814029
315	6729.76800219
316	5199.70046878
317	1929.60475298
318	2701.21738319
319	77943.140337
320	118.589921442
321	1150.82654459
322	293.209332079
323	1887.81102893
324	1301.66845198
325	3389.67024836
326	1586.4469194
327	745.511871078
328	8302.10279204
329	1344.41987737
330	948.247972867
331	384.194344313
332	242.663396275
333	610.337339835
334	3234.40487041
335	8006.3112167
336	2357.05902873
337	2028.46516286
338	3950.23186971
339	491.491853399
340	2430.45303272
341	2587.65272891
342	1787.2411882
343	627.29726614
344	1242.81211039
345	2375.62466806
346	881.154460124
347	2886.41500988
348	551.194298381
349	563.551645689
350	616.037576375
351	2609.25809886
352	2585.35984355
353	8319.90096813
354	1787.4984959
355	529.726602632
356	1193.28321269
357	571.787741102
358	1770.28775755
359	10426.7156163
360	2876.15948227
361	694.379318944
362	10475.642478
363	593.853441787
364	488.046804704
365	123.375455326
366	405.113522667
367	7754.67191746
368	217.926229429
369	879.294979949
370	1471.90115664
371	5089.15801582
372	1846.4897553
373	404.007493009
374	821.195911906
375	1164.82162238
376	353.435119336
377	1445.00014686
378	250.698737472
379	306.890521625
380	3344.4115223
381	3790.65001764
382	164.990885219
383	32596.6631586
384	14181.4376745
385	708.551409522
386	5311.02894313
387	1319.419207
388	611.256480187
389	12329.11481
390	1687.8191702
391	1202.29008471
392	1526.38653663
393	1083.93559212
394	6048.74675071
395	722.676127212
396	495.928017254
397	396.435835177
398	640.174897604
399	325.075262158
400	392.854821216
401	13266.2126187
402	279.655708043
403	166860.765169
404	6125.71143414
405	40863.6537865
406	2344.31060105
407	8291.05019797
408	3663.25987486
409	461.519564514
410	266.090911032
411	11272.0558352
412	1995.36012538
413	1100.91484953
414	1058.17869656
415	942.677729907
416	1292.55855963
417	951.102325271
418	2035.63146017
419	302.822813306
420	4253.76848104
421	3583.23074068
422	675.164901228
423	3936.28596879
424	4604.68778036
425	11724.6159996
426	2308.66774572
427	13135.067283
428	1564.30042681
429	42671.8316497
430	213.848868732
431	13079.6520493
432	18002.2417629
433	4608.29159621
434	7840.99787146
435	2167.96387472
436	2268.39491935
437	1088.91153974
438	41.2763481978
439	1638.99223154
440	4213.68941757
441	14587.7146588
442	3191.12493833
443	1996.77391502
444	11426.72426
445	1604.46716336
446	1404.06021019
447	1632.15727835
448	222.183670616
449	5174.16729885
450	15303.6330391
451	180.176137021
452	888.130322409
453	18282.8947053
454	1319.74714843
455	1199.00569801
456	580.589723423
457	1171.54886908
458	2041.66818503
459	299.965832224
460	1083.55760732
461	22514.8642978
462	3099.32481535
463	4664.46563571
464	1849.99648953
465	3349.74800306
466	463.897266071
467	3071.20921117
468	5305.14326583
469	405.717536862
470	1507.12933862
471	973.433408894
472	2744.80927276
473	4396.12563878
474	282.927860374
475	13575.7931655
476	1026.13667482
477	682.720111069
478	6324.96323097
479	3153.82784697
480	2584.35402326
481	5607.05982065
482	28123.9154817
483	1130.92479853
484	557.77796562
485	219.626845724
486	3802.99014019
487	529.719266984
488	270.772791262
489	653.762759296
490	658.861268937
491	4425.05922071
492	1978.13006922
493	2873.91376791
494	245.390319721
495	875.347351739
496	15850.8459185
497	473.442249519
498	9420.47414015
499	1280.87697115
500	372.504065244
501	2534.83002863
502	1028.93961206
503	9443.50109937
504	680.060358742
505	1719.96423862
506	161.234854271
507	208.645571781
508	498.833939735
509	668.813136596
510	5686.76055146
511	3506.0196817
512	136.02532636
513	965.178288094
514	249.175130736
515	4198.96985643
516	842.643521663
517	16971.4963745
518	1190.48244439
519	551.181946324
520	4540.92809153
521	1306.35627486
522	272.990474322
523	401.710267598
524	302.833491839
525	3752.71842769
526	4358.23147141
527	4372.59901005
528	1222.36296166
529	7434.97957513
530	3143.57501271
531	612.489500153
532	1254.94193212
533	8647.08468547
534	9720.08896476
535	3557.03491688
536	355.117591646
537	314.020223297
538	114.456798877
539	2837.27099968
540	2196.96619598
541	1634.8613568
542	3499.77262609
543	321.864737998
544	2765.55098394
545	63.4942808028
546	382.533499193
547	338.006840282
548	33.3906646742
549	1014.92687291
550	10707.304748
551	1406.1307393
552	2063.42008865
553	8557.97324278
554	4327.68031021
555	637.567119492
556	768.311580674
557	8991.76233037
558	990.082347516
559	2307.02001621
560	3190.47260039
561	644.858960534
562	540.399842493
563	479.977312628
564	891.233138653
565	9137.81335168
566	3531.3609914
567	8443.04612755
568	4237.27720909
569	8968.75350955
570	47.4876734162
571	540.26176297
572	798.001305714
573	3596.3298943
574	2158.85221111
575	1197.63254205
576	1447.84451378
577	1861.56212754
578	1222.26175474
579	232.184447371
580	1287.54145736
581	333.510603288
582	5453.17879329
583	1517.70662026
584	1250.22428499
585	294.277956515
586	4412.96195271
587	18188.6337687
588	329.677272324
589	162.426276931
590	8361.93432994
591	5641.58190634
592	3270.39524749
593	1488.43731665
594	4510.60621022
595	1012.24617581
596	13709.9700612
597	1211.79879233
598	1027.03885072
599	1484.48799964
600	2137.28754778
601	1736.79681842
602	4395.9507501
603	4411.99431938
604	4355.81974298
605	809.434220113
606	1424.48275846
607	11954.7146557
608	480.130614346
609	111.766678328
610	318.116120369
611	118.789715
612	2971.89098144
613	1069.46274752
614	763.351817868
615	443.506664326
616	1028.17408017
617	1065.63171128
618	355.001735428
619	5751.0302322
620	7308.72791149
621	134.807890333
622	2922.74504527
623	707.274837712
624	12501.1746582
625	24.1496278023
626	5298.66566552
627	8147.3980361
628	3550.53115073
629	12105.9047925
630	860.570126339
631	956.963547842
632	485.377245425
633	93.0521260378
634	3042.1537336
635	2885.88311809
636	713.500028799
637	190.390015364
638	348.232150584
639	761.460714071
640	772.660405414
641	100.01738071
642	1003.83967448
643	3842.16653761
644	140.150360074
645	1070.57752626
646	602.02954788
647	56.5161834206
648	8547.38938197
649	1137.93206482
650	431.12522089
651	70.6028854116
652	1419.15108129
653	5124.55134852
654	1337.76787501
655	2309.06087901
656	1240.99808237
657	1647.37459187
658	234.001749086
659	2842.70625969
660	2995.17219811
661	1313.03161923
662	693.164748336
663	412.676446239
664	588.388011265
665	488.152855862
666	497.802861639
667	326.947768108
668	1007.71614791
669	2606.41078379
670	3562.52727681
671	528.809923858
672	5979.20442656
673	276.708284926
674	18112.7595621
675	262.606733471
676	246.563106036
677	617.332925572
678	380.70362555
679	3973.94036819
680	1978.35922684
681	4105.74254037
682	1805.87691313
683	16156.340134
684	2020.42269512
685	1253.06285161
686	1436.67135545
687	522.292044107
688	294.185469874
689	1460.2514592
690	635.428023939
691	4053.72331391
692	1706.28009758
693	9164.37366634
694	9422.58478517
695	294.563286934
696	2058.84405972
697	2616.50413779
698	210.547871306
699	1353.33940853
700	365.906257645
701	4148.6309322
702	841.810852036
703	1743.18371066
704	3140.84619684
705	337.147224562
706	280.187427357
707	152.61435925
708	426.261737834
709	1510.22684397
710	567.398936242
711	1184.24423124
712	1016.90256789
713	908.799318545
714	6071.36079387
715	1462.86912928
716	365.472005635
717	2174.96936435
718	797.307509155
719	32.7224834361
720	4149.17595644
721	318.040108664
722	2667.50992064
723	23905.7349042
724	16.0759145201
725	864.739528289
726	29035.1327233
727	1974.59649597
728	2487.01369695
729	20516.3256966
730	3688.8601205
731	2739.15537493
732	1687.84465506
733	860.717965617
734	870.696184167
735	4459.33314994
736	4597.36048364
737	1198.56543446
738	88.9987244851
739	4096.66431725
740	1244.32587878
741	771.81631054
742	1000.80560862
743	632.194324759
744	5505.7311347
745	1280.35160437
746	1458.93588875
747	1821.9251184
748	4880.96376865
749	2953.77465199
750	9286.40200073
751	5486.83580715
752	416.547050318
753	2260.98159062
754	986.798821368
755	96.2680488575
756	4688.48769904
757	3227.24279428
758	11633.428148
759	432.795093311
760	526.504269355
761	152.388698199
762	11508.7117919
763	61.7338433329
764	117.385591245
765	3579.13963781
766	515.740841589
767	758.732856482
768	22946.0024911
769	4725.80314549
770	228.839033746
771	3943.91652088
772	328.240302263
773	2598.65698046
774	618.120797748
775	5852.58011986
776	74.0537954413
777	9941.32182711
778	528.472279826
779	228874.993445
780	1572.31461471
781	6260.72534354
782	1501.13297158
783	5173.47602193
784	946.988467399
785	390.122764489
786	2365.35406318
787	4177.135411
788	1547.8139048
789	1448.42574251
790	1783.74613483
791	5916.13326938
792	560.460190379
793	346.526114333
794	5632.56327038
795	1149.30725902
796	1271.50689314
797	1023.43321019
798	15219.2232089
799	593.013602629
800	1429.91276439
801	12666.3220542
802	113.657449245
803	3349.75504754
804	342.969946318
805	4343.55935032
806	424.739573559
807	2989.84120034
808	3883.7803962
809	3996.40652806
810	887.419846328
811	101.257609036
812	1156.46590474
813	4605.63860097
814	6743.75722639
815	668.612343865
816	9347.42524015
817	9007.5699232
818	4260.22911157
819	843.407488161
820	1261.62653702
821	6612.94989562
822	526.614994782
823	797.735366089
824	1695.77251443
825	5312.33144358
826	1036.42685735
827	109.850664089
828	4677.72718388
829	2091.54187413
830	83573.0778263
831	2319.22229882
832	3386.95793506
833	3663.75943453
834	5730.33356669
835	2023.80258664
836	429.570259613
837	1423.84529487
838	615.696814137
839	700.333134093
840	23304.7352812
841	2160.71766584
842	487.123703281
843	2099.61209404
844	4555.63374407
845	63.5108044603
846	13645.1296103
847	172.968025745
848	498.550779028
849	2270.84985342
850	1047.53836144
851	217.301733377
852	4059.40574172
853	232.088353024
854	3272.61507114
855	3039.15187938
856	897.593006979
857	10912.1747982
858	211.098955044
859	3696.97726426
860	604.67269806
861	513.994903674
862	2425.79487822
863	5439.48305325
864	424.249325959
865	1391.20002123
866	220.065864547
867	6526.19066421
868	72440.0096083
869	4953.53112028
870	1068.49773489
871	796.474744182
872	115.077871719
873	216.658489441
874	1888.54704254
875	3232.76165105
876	10951.7043984
877	1584.59319689
878	304.005253947
879	725.806828687
880	142.404477494
881	7910.33224908
882	1522.06722807
883	877.584633361
884	2212.15002174
885	7325.15395777
886	6778.78049427
887	903.544634974
888	2298.68736483
889	122.122303484
890	1125.35688937
891	2502.63981548
892	90.1831929913
893	2767.93219629
894	4372.75731664
895	3375.78170433
896	5072.65709488
897	13972.6110282
898	9301.46641214
899	403.972649799
900	893.809891314
901	6983.70012331
902	20763.1200929
903	8433.72251525
904	3307.53506348
905	915.261471718
906	5260.52052531
907	4149.50645653
908	3138.97517562
909	11936.9816733
910	1993.31060279
911	1966.88815631
912	3169.33444896
913	8572.7218744
914	285.705594005
915	994.673120412
916	4280.26823221
917	7902.36760614
918	3978.51130908
919	1543.10111041
920	7612.94799911
921	1618.45445492
922	2104.30944533
923	593.971317017
924	1090.19667385
925	388.081092019
926	974.001550247
927	1441.58405949
928	1243.16051056
929	548.911371098
930	179.076504276
931	625.837261284
932	1726.75926087
933	416.593938599
934	1093.17347585
935	1842.22650941
936	2287.12719558
937	11903.1493463
938	2314.26490918
939	1514.37445782
940	2257.4743133
941	602.048327109
942	852.084726851
943	1752.10453825
944	1712.78213258
945	6096.70550662
946	646.748737124
947	3165.1533855
948	986.756961291
949	60.1103607888
950	6124.56542255
951	2895.38311319
952	1746.9379556
953	1164.86760045
954	3074.48735439
955	5159.67603749
956	348.060439271
957	183.429358251
958	477.196762354
959	3602.06628543
960	1135.97866205
961	1065.57086227
962	6669.61049991
963	1144.33658976
964	13366.1892704
965	405.14415092
966	294.570657734
967	2019.08230876
968	2152.61236119
969	10166.7239322
970	362.154139846
971	2904.81675437
972	11930.5701401
973	4110.58301289
974	9376.34950079
975	1752.28539627
976	3591.73282472
977	685.230085101
978	214.082366255
979	5526.11251909
980	227.676415833
981	2296.47144564
982	2029.97341948
983	492.330675073
984	291.282284138
985	716.880859158
986	15815.8400397
987	884.929166904
988	381.621653296
989	213.78023683
990	758.508962953
991	737.81404577
992	255.903507983
993	1739.4263319
994	942.402732362
995	15994.7615103
996	232.110808644
997	1016.75074824
998	1243.02495432
999	99.2673374736
1000	26.8966179158
1001	2075.91427165
1002	4013.36082619
1003	11515.2329555
1004	2697.270132
1005	1995.06580654
1006	2640.67350754
1007	6688.41874205
1008	353.729562849
1009	780.334631437
1010	13364.6866731
1011	379.816476758
1012	1659.54686785
1013	51141.1400616
1014	3623.82046748
1015	35.4746458507
1016	135.936483832
1017	262.214707289
1018	366.334299071
1019	6630.87926261
1020	2748.05691528
1021	872.658361159
1022	228.417306593
1023	232.889483201
1024	939.227284554
1025	1870.90019237
1026	70326.2516455
1027	9804.12060551
1028	2039.34752905
1029	200.930134681
1030	1980.5182695
1031	505.028649428
1032	833.799927934
1033	833.562183826
1034	4378.28700171
1035	221.171960278
1036	10366.8979026
1037	89.0776331323
1038	3820.12809786
1039	15068.5226565
1040	186.901348265
1041	1251.27553208
1042	4697.86199442
1043	7018.48151233
