0	2.85307620441e+11
1	2.30943567672e+11
2	1.03963781582e+11
3	5.25752477576e+11
4	4.67666953369e+11
5	1.6116046953e+11
6	3.05156103921e+11
7	4.15283393971e+11
8	1.60955457317e+11
9	5.72667379427e+11
10	2.52145811233e+11
11	2.94543467012e+11
12	1.60172052973e+12
13	1.74227807009e+12
14	2.30926855229e+11
15	2.40642126727e+11
16	2.67813211792e+11
17	1.39869989458e+11
18	8.95759533215e+11
19	3.26430720515e+11
20	7.93600199744e+11
21	2.5301589524e+11
22	2.55062068844e+11
23	9.22112095331e+11
24	6.26145562608e+11
25	2.82302531064e+11
26	3.28236315448e+11
27	1.8939327143e+11
