0	65768303962.9
1	1.21187764956e+11
2	2.04038086656e+11
3	2.90764276182e+11
4	4.37519364644e+11
5	3.53456353254e+11
6	3.53525201703e+11
7	2.02898444362e+11
8	84441626452.0
9	7.32490840419e+11
10	3.92160777293e+11
11	4.59502991078e+11
12	6.20670196096e+11
13	2.6950877402e+11
14	1.63158175091e+11
15	91056321451.2
16	21927070262.4
17	4.15510606922e+11
18	32494867473.5
19	2.99735209579e+11
20	51252127673.5
21	1.051906401e+11
22	2.97065897748e+11
23	2.59440595968e+11
24	1.56817910569e+12
25	8.99278975195e+11
26	1.28204776858e+11
27	2.78019013392e+11
28	1.52880940423e+12
29	96320047216.0
30	1.67677655221e+11
31	1.14566845205e+11
