0	9.77526805665e+11
1	1.09206673244e+11
2	2.67086455919e+11
3	7.37489353624e+11
4	1.26635532405e+13
5	2.89178976077e+12
6	3.16425486108e+11
7	4.60644000443e+11
8	1.9710104938e+11
9	1.28856843836e+12
10	78245935484.6
11	2.83810047115e+11
12	3.55012826931e+11
13	47450903638.4
14	5.37482436415e+11
15	5.4283255235e+12
16	5.25064215557e+11
17	2.3916518842e+11
18	2.95936226935e+11
19	68433111949.8
20	2.05594944949e+12
21	1.19140863556e+11
22	1.81720017752e+12
23	32716294915.7
24	4.42644868764e+11
25	1.88569414766e+12
26	1.03655210522e+12
27	4.06389715458e+12
28	3.83334457328e+11
29	2.00756333606e+11
30	3.0517229178e+12
31	1.12918015e+11
32	3.41387715449e+12
33	1.87360376283e+11
34	1.3793377751e+12
35	4.33724242703e+11
36	3.73728790725e+12
37	62410534891.3
38	6.72336607081e+11
39	1.04451911761e+11
40	1.19314098644e+12
41	6.58230364492e+11
42	4.33404974099e+11
43	1.41098318664e+11
44	1.08568939798e+11
45	2.22359788967e+11
46	2.13238647342e+12
47	6.78983460811e+11
