0	2.23015013049e+11
1	2.95132893762e+11
2	8.84318977774e+11
3	30127438972.3
4	2.52897724591e+12
5	2.42727467716e+11
6	6.62158043729e+11
7	80306947014.4
8	3.23735418085e+11
9	2.87736542265e+11
10	1.50857467454e+11
11	1.99382502509e+11
12	9.66782541179e+11
13	1.31365132695e+12
14	1.67507829804e+11
15	2.93023179817e+11
16	79594051106.0
17	3.74456716606e+11
18	1.93779348901e+11
19	1.96449014103e+11
20	5.85180627215e+11
21	8.45004640583e+11
22	4.17334169569e+11
23	49968560497.2
24	2.59903356337e+11
25	87903961520.7
26	9.22630337399e+11
