0	6.72513691595e+11
1	2.18400683896e+12
2	1.32438084684e+12
3	2.46217291525e+11
4	1.61321117155e+11
5	2.67879119034e+11
6	2.99187193621e+11
7	2.580839997e+11
8	1.15269417239e+12
9	1.29195037315e+12
10	9.46124911907e+11
11	6.29555229483e+11
12	1.23056768462e+12
13	6.81496861662e+11
14	1.31453111892e+12
15	2.18655793809e+12
16	2.15515406897e+11
17	5.26253431814e+11
18	2.18227003752e+12
19	7.33107595461e+11
20	7.21241187571e+12
21	8.99603298968e+11
22	7.38677650092e+11
23	1.56057912925e+12
24	4.21375685533e+11
25	2.52112261065e+12
26	1.23411961782e+12
27	1.25056526722e+12
28	7.97715441873e+12
29	4.44792184333e+12
30	8.29509338678e+11
31	2.19640630491e+11
32	1.31722106878e+12
33	2.88340045874e+12
34	1.38727877376e+12
35	5.28077046888e+11
36	3.41758990461e+12
37	2.60619284738e+12
38	8.46861393524e+11
39	2.47247485493e+11
40	4.22523575077e+11
41	8.17476564021e+11
42	6.52855751803e+11
43	2.12500525497e+12
