0	1.68851500756e+11
1	28230505513.5
2	41089356531.9
3	43499555724.7
4	5.89828982758e+11
5	52293549694.7
6	38664550500.1
7	1.34522416327e+11
8	3.21406199781e+11
9	60519377875.0
10	3.73456783418e+11
11	3.13056382727e+11
12	1.34768453732e+11
13	36249445894.2
14	1.72131162859e+11
15	55170309129.0
16	47302425279.5
17	2.86164674174e+11
18	48309566705.9
19	1.7500468986e+11
20	1.09180103078e+11
21	1.19019208725e+11
22	1.27057234816e+11
23	1.24844048156e+12
24	1.91707169171e+11
25	14163567673.6
26	1.05754604419e+11
27	75860106399.1
28	2.15707618344e+11
29	1.26785512922e+11
30	45683752423.2
31	29201119258.2
32	1.52062213895e+11
33	67454299593.8
34	1.1781233165e+11
35	42566653416.9
36	1.60189190394e+11
37	1.47120786226e+11
38	72769377675.8
39	1.65349353514e+11
40	37173331934.8
41	2.19402769426e+11
42	28506784811.5
43	1.12109487322e+11
44	2.17894047028e+11
45	8.31265550563e+11
46	1.06398288438e+11
47	84439583992.4
48	15774270338.7
49	3.40413580172e+11
50	1.5271799e+11
51	74036542960.3
52	23019297872.3
53	26307856651.1
54	48908315719.9
55	2.68108520939e+11
56	46754518300.6
57	54419801036.2
58	41188458007.8
59	1.02030888143e+11
