0	5.56897747738e+12
1	5.08663301263e+11
2	6.51259224853e+12
3	1.19652553761e+12
4	1.01967864535e+12
5	1.42734381603e+12
6	2.24698699247e+12
7	1.62820112221e+12
8	3.19263605781e+12
9	1.09606209444e+12
10	5.65882245364e+11
11	1.53708021376e+12
12	1.88871715157e+12
13	8.11418844336e+12
14	2.78731616177e+11
15	3.85332076896e+11
16	5.30804531062e+11
17	5.85078578128e+11
18	2.4224637559e+12
19	5.09685678702e+11
20	5.49466488611e+11
21	3.97375094018e+12
22	2.84692498614e+12
23	1.2104314536e+12
24	80214433106.0
25	5.03107915259e+11
26	1.26239006424e+12
27	2.68902877698e+12
28	1.21696644847e+12
29	2.99853915951e+12
30	7.24572790698e+11
31	1.35467856389e+12
32	6.08136231003e+11
33	4.53242170812e+11
34	2.11025828302e+12
35	3.27970480927e+12
36	1.47157663537e+11
37	65267690752.4
38	2.68660405395e+12
39	2.44304059283e+12
40	2.57556577392e+11
41	7.91449984093e+11
