0	2.81600484584e+11
1	2.51496323707e+11
2	1.54554067035e+11
3	1.41912301292e+12
4	6.57695051166e+11
5	1.12709867845e+12
6	79128936536.7
7	4.08093585595e+11
8	2.23805267223e+11
9	2.21809965263e+11
10	6.57653294896e+11
11	3.4992111288e+11
12	1.79606152755e+11
13	3.82241449606e+11
14	4.5569093507e+11
15	57671198168.8
16	1.0749027272e+12
17	1.94330321159e+11
18	1.79768805961e+11
19	4.55411262871e+11
20	3.1969414055e+11
21	5.40158058006e+11
22	2.13985205073e+11
23	4.41770179449e+11
24	1.46183944569e+11
