0	1.31946661541e+12
1	9.9346013301e+11
2	2.67568665041e+11
3	2.01918500453e+12
4	1.34946325565e+12
5	1.10276808427e+12
6	1.18011219153e+12
7	7.15370490889e+11
8	7.3438880947e+11
9	1.32700109471e+12
10	3.36971443758e+11
11	3.0449931988e+12
12	1.4782764879e+12
13	6.93266750984e+12
14	1.79033090245e+12
15	1.66869423658e+11
16	1.05761807711e+12
17	2.51302325706e+12
18	4.5819374721e+12
19	3.76027113688e+12
20	1.24543199572e+12
21	9.83809993973e+12
22	1.58193476627e+12
23	3.31952892867e+12
24	1.16285931058e+12
25	6.17315086304e+11
26	1.4040367379e+13
27	9.27187730822e+12
28	1.04139372379e+12
29	3.72539333361e+11
30	7.58628454564e+11
31	1.87018677912e+12
32	1.4163600644e+12
33	8.51707062689e+11
34	4.62496187758e+12
35	1.23161097167e+12
36	1.81137897395e+12
37	9.2133387244e+11
38	8.22516788333e+11
39	1.7771030845e+12
40	5.13575688972e+12
41	2.24329972893e+12
42	1.73646755197e+13
43	7.57320300525e+11
44	1.83817027559e+12
45	4.24417548136e+12
46	3.74183292497e+12
47	1.00372858475e+13
48	3.87152454531e+11
49	4.29838463995e+11
50	5.36477430924e+12
51	3.83054251373e+12
52	1.47868986115e+12
53	1.03750741569e+12
54	2.17239382777e+12
55	7.78647920566e+11
56	3.56014997914e+12
57	1.18580430557e+12
58	8.97946922027e+11
59	8.69386085594e+12
60	8.48689764398e+11
61	4.68941107321e+11
62	4.62334982259e+11
63	4.80882487071e+12
64	9.60678121045e+11
65	1.4627364004e+12
66	1.03896929435e+12
67	2.22044953932e+12
68	1.29208495232e+12
69	2.5503518775e+11
70	5.23125864955e+12
71	1.24975866668e+12
72	5.07265526178e+12
73	3.64814498373e+12
74	2.46488123478e+12
75	3.59879459857e+11
76	4.17716226316e+11
77	1.41291121136e+12
78	1.90077374742e+12
79	1.5585197266e+12
80	6.94601334075e+11
81	7.86613427895e+12
82	2.23529638223e+12
83	1.14688628564e+12
84	9.44801149399e+12
85	1.9280542786e+12
86	2.62499016998e+12
87	2.40100967642e+12
88	66594935321.1
89	1.61534864197e+12
90	1.99773542541e+11
91	5.94491957382e+11
92	3.93312209275e+11
93	1.85215459001e+12
94	1.61025838575e+12
95	1.61619620044e+12
96	3.23969523022e+12
97	4.91644060852e+11
98	1.70742514173e+12
99	1.57948784419e+12
100	1.49056935517e+12
101	1.25728133779e+13
102	5.75006298349e+11
103	6.82083260634e+11
104	1.50600529141e+12
105	3.77054957974e+12
106	1.08959647194e+12
107	9.28587808011e+11
108	1.40657544044e+12
109	2.16654827606e+12
110	4.39264516959e+12
111	1.27514531037e+12
112	9.69636643853e+11
113	4.6962424132e+12
114	2.32737775877e+12
115	2.31035515925e+12
116	2.70434728131e+12
117	4.10225064743e+11
118	1.05801560072e+13
119	4.97529517976e+12
120	5.14762872454e+12
121	7.28185081719e+12
122	1.98729911621e+12
123	9.00199304145e+11
124	4.14587253878e+11
125	1.11303688666e+12
126	4.78751524601e+12
127	9.95148353656e+11
