0	4.04503489743e+12
1	4.19401868268e+11
2	2.57247402746e+12
3	6.7289612818e+11
4	1.23343352176e+12
5	1.5012857265e+12
6	5.6854462966e+11
7	1.55380358479e+12
8	5.25348310012e+12
9	2.24598382327e+12
10	1.26481298095e+12
11	2.37907731693e+12
12	7.7635487406e+12
13	8.13880902358e+12
14	4.52269384547e+12
15	3.06192244312e+11
16	7.00616023591e+11
17	6.00212055764e+11
18	3.82854437542e+12
19	4.52806031851e+12
20	7.92182630178e+11
21	2.38538424589e+12
22	3.11706630037e+11
23	4.89857821702e+11
24	1.82594052865e+12
25	1.33366580583e+12
26	2.09137973387e+12
27	2.11178889632e+12
28	4.38023395232e+12
29	3.56849651741e+12
30	2.18836889424e+12
31	7.47299827973e+12
32	3.60755568325e+11
33	2.01694117731e+12
34	1.32128018704e+12
35	5.78611177083e+11
36	1.36287768018e+12
37	1.10555870094e+12
38	8.71863200785e+11
39	1.05948962352e+12
40	6.68489822145e+11
41	1.13476066104e+12
42	1.48836149885e+12
43	1.17504952613e+12
44	1.86681511343e+12
45	2.03636263532e+12
46	3.77025452684e+11
47	1.63966612607e+12
48	7.24073128555e+11
49	3.31604359447e+12
50	8.53039327029e+11
51	4.95372604526e+12
52	3.74222547648e+12
53	1.17711520513e+12
54	5.35195415861e+11
55	1.44918835777e+12
56	4.35945861048e+11
57	1.96080717452e+12
58	1.52806143634e+12
59	7.68229958345e+12
60	4.73812091342e+11
61	9.5631462281e+11
62	1.18532998793e+12
63	1.41880601265e+12
64	6.5436913113e+12
65	1.8414355223e+12
66	1.41847828281e+12
67	1.14594728816e+11
68	4.42804348177e+12
69	3.9198229281e+12
70	2.69505510664e+12
71	3.82109268407e+11
72	5.90369101046e+12
73	1.8488826453e+12
74	5.68029021826e+11
75	1.65979996422e+13
76	9.6615407531e+11
77	6.99192851744e+11
78	6.45734512113e+12
79	7.56025612161e+11
80	2.08237718813e+12
81	2.11785626296e+12
82	1.5268283244e+12
83	3.81980558426e+11
84	1.63725075166e+12
