0	3.18450612886e+11
1	1.12502800788e+11
2	2.52251764899e+11
3	1.58084700875e+11
4	2.56646074548e+11
5	54637091607.0
6	3.55131840516e+11
7	39020505887.7
8	46648720543.3
9	81064992045.7
10	1.26542253767e+11
11	1.76757441765e+11
12	1.28972349757e+11
13	39990357457.3
14	16269430787.9
15	7.08793753317e+11
16	6.12868447189e+11
17	1.25313087088e+11
18	89502787325.1
19	2.58074090649e+11
20	9.67151943782e+11
21	2.22027535715e+11
22	26414343569.0
23	32525439236.0
24	97469670594.7
25	2.71039266167e+11
26	91254486527.4
27	38756223864.3
28	38745809472.8
29	44301794580.1
30	48435964914.0
31	56655761853.6
32	35199388409.1
33	1.3159520951e+11
34	51574692513.5
35	1.79678308246e+11
36	2.27817964409e+11
37	38608570533.0
38	4.23220691528e+11
39	1.41024197997e+11
40	1.06214678851e+11
41	1.9708383632e+11
42	48566322630.9
43	1.43683097103e+11
44	1.72223181437e+11
45	2.00743385188e+11
46	1.25065021234e+11
47	2.40439409524e+11
48	54580643083.2
