0	2.22789746104e+11
1	9.13074647796e+11
2	1.78239359337e+12
3	1.00313986795e+12
4	1.11948432688e+11
5	1.99971067969e+12
6	3.61218950425e+12
7	4.39315540521e+12
8	9.12167727525e+11
9	77292083071.2
10	1.72216990873e+12
11	8.05242513591e+11
12	1.51461272789e+11
13	7.17635770641e+11
14	1.54538405839e+12
15	8.36584374057e+11
16	2.71449877364e+11
17	9.81727687913e+11
18	1.43176159591e+12
19	4.57110416163e+11
20	1.02839298574e+12
21	3.93463805541e+11
22	1.40574214047e+11
23	65897133396.3
24	5.30573310126e+11
25	2.15627761274e+12
26	6.81139399339e+11
27	3.6800424201e+11
28	1.93943755682e+11
29	9.89521803427e+11
30	7.3268227773e+11
31	1.60286362962e+12
32	1.69234550143e+11
33	2.58431806675e+11
34	3.05952447117e+11
35	6.90184285597e+11
36	3.86518612727e+11
37	6.92583650151e+11
38	81257109777.7
39	6.6339912121e+11
40	5.70530361064e+11
41	2.26559589207e+12
42	56125033192.1
43	1.1122485683e+12
44	1.30088033294e+12
45	2.69872432821e+11
46	3.9734346399e+11
47	7.47010172828e+11
48	5.28903237816e+11
49	1.4278186385e+12
50	1.90725336012e+11
51	1.99211297842e+12
52	1.42566492632e+12
53	2.38063171264e+12
54	4.768999207e+11
55	2.48356046106e+11
56	4.76764137167e+11
57	7.03196914233e+11
58	1.9528876634e+12
59	4.19765143848e+11
60	3.34613299177e+11
61	2.94302476392e+11
62	2.63835829579e+11
63	2.17456656893e+11
64	2.3133159701e+11
65	47679579459.7
66	1.02601706323e+11
