0	3.85178110719e+11
1	4.76040019058e+12
2	2.89732273312e+11
3	1.26913937413e+12
4	6.43047735895e+12
5	1.44804294876e+11
6	3.21697940777e+12
7	1.27978518648e+12
8	2.78652986104e+11
9	4.60774184879e+12
10	2.93369592589e+12
11	5.3097030305e+11
12	6.7803827902e+12
13	1.78650820388e+12
14	6.38702308384e+11
15	9.43244308003e+11
16	1.73549323729e+12
17	6.61556218308e+12
18	2.98743657918e+12
19	3.23107497326e+12
20	3.9996090197e+12
21	1.41736064599e+12
22	7.55420826003e+11
23	2.15850965087e+12
24	7.33978135267e+11
25	8.50553673744e+11
26	8.35818517743e+11
27	5.63671467498e+11
28	1.20652315749e+12
29	9.69057304925e+11
30	1.74177509306e+11
31	7.41340299186e+11
32	1.41241765134e+11
33	3.39066909648e+12
34	3.41872593763e+12
35	3.25466961361e+12
36	1.56080743192e+12
37	7.50214852171e+11
38	4.22109007396e+11
39	5.67442867704e+11
40	7.54486198441e+12
41	1.61813459447e+12
42	2.09078096488e+12
43	7.7608713612e+11
44	5.19295731077e+11
45	5.97035206799e+11
46	2.60653405803e+12
47	8.69435605483e+11
48	1.93851090373e+12
49	1.08389828707e+12
50	6.36185536597e+11
51	2.23983606777e+12
52	4.48121043812e+12
53	1.10650573505e+12
54	6.7218107284e+11
55	2.89515184527e+12
56	3.73183655717e+11
57	1.01884607439e+12
58	1.09298060516e+12
59	2.17473481282e+12
60	1.37365422028e+12
61	4.60619982789e+12
62	4.529990643e+12
63	6.80405488518e+12
64	1.8000298491e+12
65	1.07523714371e+12
66	7.00389512529e+12
67	1.9092955844e+12
68	4.30132029258e+11
69	1.81691653571e+12
70	3.02741328271e+12
71	1.43958807612e+12
72	1.43338865848e+12
73	7.22302247349e+11
74	1.89892931782e+12
75	3.49364113331e+11
76	1.61246737708e+12
77	6.02419326398e+12
78	2.85058056975e+12
79	4.00181464286e+11
80	2.68669609672e+12
81	3.44680780989e+11
82	2.23383420338e+12
83	4.2884973439e+12
84	7.86393576074e+11
85	6.23601494298e+12
86	6.29159406138e+11
87	2.71417500611e+11
88	2.37706151705e+12
89	1.9180870301e+12
90	5.89742880777e+11
91	2.84309432272e+12
92	7.39081620425e+11
93	1.18986685304e+12
94	1.83834344343e+12
95	2.40161022808e+12
96	2.45058144791e+12
97	2.60869077227e+12
98	3.97323818212e+11
99	6.40488372541e+12
100	4.06178254286e+12
101	2.26507407148e+12
102	9.13434378254e+11
103	9.97967751687e+12
104	6.52660806932e+11
105	2.29807001422e+12
106	1.24043998464e+12
107	3.89467048033e+11
108	1.9907303324e+11
109	6.14124686431e+11
110	1.16245119838e+13
111	5.20884080408e+12
112	6.54088128166e+11
113	1.51529346316e+12
114	2.7746630489e+12
115	1.21639645353e+12
116	1.91777536906e+12
117	2.29120882069e+12
118	1.88225492429e+12
119	4.5082579982e+12
120	7.50118845332e+11
121	3.69064983387e+12
122	1.25090861938e+13
123	8.8430338687e+11
124	1.36040619625e+12
125	3.23551553681e+12
126	2.19913825662e+12
127	4.13988482134e+11
128	3.23396303096e+12
129	1.34481216959e+12
130	1.42070602759e+13
131	5.18671357656e+12
132	1.39596351814e+12
133	3.56459247281e+11
134	2.47454951334e+12
135	1.64592385074e+12
136	4.22428008358e+11
137	1.4643113466e+13
138	3.70245422226e+12
139	5.1052965903e+12
140	1.37087882225e+12
141	3.43588942694e+12
142	8.14285800607e+12
143	3.22417927489e+12
144	1.55755690093e+12
145	4.86781010407e+11
146	2.41396443522e+12
147	6.46484345776e+12
