0	3.82997555619e+11
1	2.17784511853e+12
2	2.45204192548e+12
3	1.68894392044e+12
4	2.21263824007e+12
5	1.73124361572e+12
6	6.24186965802e+11
7	4.34979797669e+12
8	7.18479104374e+11
9	1.11378824389e+12
10	7.35188376115e+11
11	1.87598977366e+11
12	3.36374648052e+11
13	1.22834202462e+12
14	1.0573072504e+12
15	8.38524556404e+11
16	2.94543936206e+11
17	2.49846837401e+12
18	6.76119574732e+11
19	4.01898667498e+11
20	5.9425707789e+11
21	3.22249388571e+11
22	1.21867582329e+12
23	1.94936911474e+11
24	1.73397524233e+11
25	1.42380838884e+11
26	2.6478097487e+11
27	5.2459151829e+11
28	5.07632278119e+11
29	2.23099639455e+11
30	1.43177555052e+12
31	5.44180878631e+11
32	1.64289317804e+11
33	1.26576986766e+12
34	1.52790486001e+12
35	5.31132035683e+11
36	3.66894525159e+12
37	1.84561492702e+12
38	3.42941229535e+11
39	2.53026578554e+12
40	8.16187885531e+11
41	2.93790678897e+12
42	3.61921647928e+12
43	9.40469320541e+11
44	9.67747622736e+11
45	1.97242006811e+12
46	3.15324720862e+11
47	1.31910328013e+12
48	3.55487820797e+11
49	9.70922254048e+12
50	1.25044960528e+12
51	3.39261710751e+11
52	9.52341812318e+11
53	3.82729123262e+11
54	3.39137636299e+11
55	3.49527899713e+11
56	4.72681727986e+11
57	3.05405726019e+12
58	3.8292715205e+11
59	4.74421101526e+12
60	1.04242704202e+12
61	1.46421070492e+12
62	7.49031011947e+11
63	5.1015698648e+12
64	1.24652973066e+11
65	6.72213525064e+11
66	1.61362913009e+12
67	1.06731970816e+12
68	9.56550140181e+11
69	1.02434995203e+12
70	2.40281596763e+11
71	2.13472282637e+11
72	2.81829099594e+11
73	1.05029395446e+13
74	3.61295296013e+12
75	2.72127006906e+12
76	1.06639074005e+11
77	1.63441832045e+12
78	8.65357681429e+11
79	5.8029073334e+11
80	6.68314093986e+12
81	3.72163429366e+12
82	1.52247504929e+12
83	1.31008289706e+12
84	5.21123450432e+12
85	2.85900655657e+12
