0	1.9896870396e+12
1	1.35394957176e+12
2	1.16523465471e+12
3	7.42423003379e+11
4	3.09602687296e+12
5	1.43648082683e+12
6	7.96969565719e+11
7	3.84545311123e+12
8	7.86704308498e+12
9	4.47586929052e+12
10	3.49445321464e+11
11	3.21017609667e+11
12	5.10451669557e+11
13	8.9791117113e+11
14	77203759441.5
15	1.67298953407e+12
16	2.00229876817e+11
17	6.35698317973e+12
18	2.01892694105e+12
19	1.23638739768e+12
20	3.27064498733e+12
21	3.12363562625e+12
22	2.9110489723e+11
23	3.37524862843e+12
24	1.17450844153e+12
25	3.55881763471e+12
26	8.38842358649e+11
27	1.42508568964e+12
28	2.61512941535e+11
29	7.6936457646e+11
