0	426.980508148
1	262.184891412
2	3077.37870487
3	1307.18540956
4	6494.07175333
5	8875.41224737
6	632.429045845
7	181.974013197
8	890.560672231
9	2810.92837728
10	126.263089957
11	986.211272837
12	3808.74553496
13	836.343670902
14	1409.51234586
15	191.731643075
16	556.469307814
17	756.502429945
18	255.725246953
19	174.986238765
20	2624.50142188
21	1128.48424692
22	876.274816655
23	2469.25205194
24	21.5530381418
25	208.043472402
26	479.492985878
27	3527.72148413
28	1042.11681089
29	451.794983095
30	1127.54276389
31	5628.74034012
32	122.893053
33	2309.91024052
34	623.864406797
35	3977.582036
36	393.164842778
37	145.365112637
38	8735.8315563
39	222.033566547
40	188.122558606
41	1730.01126742
42	327.211125497
43	3068.20171768
44	303.822706342
45	1322.54093838
46	8317.30285687
47	10706.9023527
48	1086.45354504
49	3744.54934063
50	2472.24524753
51	1128.57435418
52	2678.88454949
53	9152.41573688
54	253.858814397
55	3133.05905877
56	1403.58689046
57	1372.90968173
58	503.979168625
59	246.225288583
60	7885.29408578
61	7761.96358658
62	1198.45647896
63	1036.75724704
64	537.76587163
65	79.1153131289
