0	3.45057604212e+11
1	9.06150425331e+11
2	3.51270455479e+11
3	7.03765245534e+11
4	1.64948435494e+12
5	1.22542586824e+11
6	1.03957421793e+12
7	74633700646.7
8	5.70428508941e+11
9	5.15665187506e+11
10	6.72071485753e+11
11	2.98030735896e+11
12	1.13700300191e+11
13	2.56882388809e+11
14	2.76625706619e+12
15	3.8025759988e+11
16	3.74619614523e+11
17	4.83564174142e+11
18	9.56419067485e+11
19	3.11859750684e+12
20	7.37247394369e+11
21	5.99065475248e+11
22	83259026449.6
23	88508626774.1
24	4.41657762191e+11
25	9.75148092511e+11
26	2.26657711815e+11
27	2.00084962517e+12
28	6.34427500705e+11
29	47510465770.1
30	1.41585381547e+12
31	7.15147070688e+11
32	4.6115464787e+11
33	5.80114570622e+11
34	1.92655784631e+11
35	1.25153987455e+12
36	4.97645393039e+11
37	1.18961621284e+12
38	2.23920133665e+11
39	3.39466708007e+11
