0	2.64806950717e+12
1	8.56466567669e+11
2	2.90803602927e+12
3	5.85919610783e+11
4	6.44663848833e+11
5	7.79802860193e+11
6	1.01354239294e+12
7	1.57767112705e+11
8	2.50930001985e+12
9	2.79228545284e+12
10	2.82610477459e+12
11	7.69166654309e+11
12	1.99416382484e+11
13	2.91577949136e+12
14	1.61996563436e+12
15	7.06872770953e+11
16	4.92572694145e+11
17	8.56019400275e+11
18	3.55202818623e+11
19	7.534555418e+11
20	1.25831801816e+12
21	1.32974172877e+12
22	1.21893200324e+12
23	4.38201057164e+12
24	1.45233799241e+12
25	1.45258504361e+12
26	6.14993002781e+11
27	1.26925683411e+13
28	6.29935343056e+12
29	3.17694204733e+11
30	8.12787696164e+11
31	8.59017325911e+11
32	3.2189982461e+11
33	2.30779518808e+12
34	6.76598274774e+11
35	1.85506019315e+11
36	1.37894164361e+12
37	1.29721038866e+12
38	1.9200215272e+13
39	1.49271339317e+12
40	7.26275598203e+11
41	2.80843102405e+12
42	1.51400769732e+12
43	1.85541642546e+12
44	7.39342488373e+11
45	3.09975377716e+11
46	2.39886712518e+12
47	2.2822686543e+11
48	3.05809122248e+12
49	1.20084435832e+12
50	9.3541599924e+11
51	1.47835327342e+12
52	5.7007459653e+12
53	9.25530392148e+11
54	2.29261474279e+11
55	1.07142242874e+13
56	2.33469438338e+12
57	1.20521821082e+12
58	5.5455352125e+11
59	7.7601994322e+12
60	1.17500326839e+12
61	8.35850699243e+11
62	8.81427788863e+11
63	6.17551820968e+11
64	8.51215063254e+11
65	1.47238913421e+13
66	9.42564980243e+11
67	2.77495623975e+11
68	8.4012517219e+12
69	4.86884205859e+11
70	3.14895907885e+11
71	6.90884776e+11
72	3.26174881289e+11
73	3.36507508899e+12
74	1.17693083914e+12
75	2.44210476057e+12
76	1.98034411845e+12
77	5.82405217622e+11
78	5.45550000168e+11
79	1.46623271035e+12
80	4.31750639082e+12
81	2.61804479727e+12
82	7.07146759817e+12
