0	1.49076888365e+12
1	7.68715090923e+11
2	2.92782226709e+12
3	3.44979139862e+12
4	1.59181675533e+12
5	1.65262005018e+12
6	5.15578772433e+11
7	1.88403726947e+12
8	1.13982446011e+13
9	8.20243897045e+12
10	5.52223838548e+12
11	7.33385833108e+12
12	4.51382718443e+12
13	1.78335181263e+13
14	2.49805791348e+12
15	9.56864347179e+11
16	7.41497942123e+11
17	4.80018187646e+12
18	9.49556579703e+12
19	6.35531410682e+11
20	8.30488771105e+11
21	1.02753144439e+13
22	2.19784401599e+12
23	1.48794843737e+12
24	2.59504329253e+12
25	1.33586942202e+13
26	2.47504014848e+12
27	3.39670356082e+12
28	1.32821039497e+12
29	3.80939585671e+12
30	2.20880897254e+12
31	1.30599549004e+12
32	4.64148455925e+11
33	4.90498050336e+11
34	2.05172970246e+12
35	1.61321031965e+12
36	4.3419184717e+12
37	2.08999133367e+12
38	1.16249524241e+13
39	1.63290852234e+12
