0	9.06095167085e+11
1	1.06028010261e+12
2	2.5892420045e+12
3	1.38625995335e+13
4	1.45510594407e+12
5	1.08977174411e+12
6	5.01561473379e+11
7	5.81716399379e+11
8	2.78990879488e+12
9	1.42570702835e+12
10	9.90861584614e+11
11	5.87484097882e+11
12	8.45482728696e+11
13	1.99512479978e+12
14	1.99717971564e+12
15	2.41547248602e+12
16	1.2957839165e+12
17	4.24437530317e+11
18	2.86103226865e+12
19	3.26815548771e+12
20	1.10139831066e+12
21	6.83190634453e+11
22	5.09810256826e+11
23	1.06661324602e+12
24	4.77529628493e+11
25	8.25795775328e+11
26	1.17648350396e+12
27	2.31891324232e+12
28	2.19693514269e+12
29	5.79693772163e+12
30	9.78264736898e+11
31	3.90429776344e+12
32	7.61493585061e+12
33	2.53649354913e+12
34	6.39912294079e+12
35	4.27494575908e+12
36	4.29605256509e+12
37	4.38539307432e+11
38	6.02294520099e+12
39	3.14181255619e+12
40	1.24094935785e+13
41	6.83093236301e+11
42	1.89123710947e+12
43	7.39671846735e+11
44	9.94182914258e+11
45	1.50519192934e+12
46	2.54146845285e+12
47	3.31259800218e+12
48	8.10567996337e+11
49	2.28498532046e+12
50	2.08817614771e+12
51	1.37190932919e+12
52	9.12746894504e+11
53	2.00067363446e+12
54	2.1559051804e+12
55	2.40975893157e+12
56	1.96422299324e+12
57	3.33682664291e+11
58	3.58707694949e+12
59	1.63186570852e+12
60	1.15179166139e+12
61	3.9152146325e+11
62	5.98029266776e+12
63	3.98647496303e+11
64	2.64908707305e+12
65	7.08853442547e+12
66	1.14487386902e+11
67	2.46947874201e+11
68	1.17100470016e+12
69	2.51874781039e+12
70	6.92217304689e+11
71	8.17174808952e+11
72	5.28861335001e+11
73	3.36192971461e+12
74	2.83432162328e+11
75	2.04183654807e+12
76	4.2338198218e+11
77	1.76725439753e+11
78	1.89507562576e+11
79	5.10544414845e+12
80	6.89515511726e+11
81	1.92135981962e+12
82	9.76575108546e+11
83	8.05817371113e+12
84	1.84901389577e+12
85	5.07784746978e+12
86	1.46204281483e+12
87	1.76471939416e+12
88	1.47818548674e+12
89	2.81828899686e+12
90	1.08955576261e+12
91	9.62053478361e+11
92	4.47659560452e+11
93	8.4123691404e+11
94	4.84764849657e+12
95	2.94054006551e+12
96	2.01326567945e+11
97	7.40332345663e+11
98	1.14569858075e+11
99	1.05624658931e+12
100	3.15628795058e+12
101	2.68277636943e+12
