0	1.60991300973e+12
1	1.26412494043e+12
2	9.10192227525e+11
3	2.76008030595e+12
4	4.16956057513e+11
5	2.10222458025e+12
6	1.89306053348e+12
7	4.53148194369e+12
8	2.09890079523e+12
9	5.2931410127e+12
10	8.12042936067e+11
11	3.33325119102e+11
12	1.32610012008e+12
13	4.97286449459e+11
14	1.11272635019e+12
15	1.04938913719e+12
16	2.44414021091e+11
17	2.9370367455e+11
18	1.32803754054e+12
19	2.11600985885e+12
20	2.01563875836e+12
21	1.33406794367e+12
22	1.93294060248e+12
23	2.21416324485e+12
24	2.86374349069e+12
25	7.34485849109e+11
26	2.18880337526e+12
27	2.90750289528e+12
28	4.16844968312e+12
29	5.03159157247e+12
30	1.83972849216e+11
31	2.78418146506e+12
32	2.08335944804e+12
