0	1.25147868626e+12
1	1.53713957327e+11
2	4.99122960753e+11
3	3.89084110012e+11
4	3.91491357713e+11
5	1.37150331778e+12
6	3.10802884353e+12
7	3.56944085543e+11
8	1.07539635416e+12
9	2.14253138657e+12
10	1.22775331718e+12
11	1.52875451856e+12
12	1.75536512032e+12
13	1.27662917449e+12
14	1.13977384312e+12
15	2.37337086022e+11
16	4.19195858981e+12
17	6.30130515631e+11
18	7.04652251704e+11
19	4.51918531045e+11
20	3.92574218021e+11
21	1.26749787301e+12
22	1.67414065815e+12
23	6.41488617594e+11
24	7.95696427296e+11
25	2.96490448542e+11
26	2.09150840002e+12
27	6.14470486986e+11
28	1.13588093881e+12
29	1.35433826726e+12
30	1.58235861903e+12
31	7.88753403764e+11
32	1.83463360326e+11
33	1.11889895979e+12
34	1.5172534408e+12
35	3.55293216228e+12
36	3.63696999352e+11
37	61377656791.2
38	3.055607807e+11
39	2.84982619774e+11
40	5.01160578443e+11
41	1.68367463137e+11
42	2.73345497393e+12
43	2.37700188847e+12
44	2.53251005092e+12
45	5.02072784594e+11
46	5.70044805623e+11
47	3.87957399082e+11
48	2.02540883975e+11
49	2.43444108703e+12
50	2.7210574228e+11
51	6.14164609809e+11
52	2.52989019185e+11
53	1.87177127104e+12
54	2.28300740069e+12
55	2.62494969653e+12
56	1.18696412908e+12
57	4.13992882992e+11
58	2.52449174292e+12
