0	3.08221839735e+12
1	4.56728399843e+12
2	5.82651269718e+12
3	1.11819483192e+12
4	9.82936787574e+11
5	8.54505484261e+11
6	1.62325359351e+12
7	3.23139260815e+12
8	2.05113023186e+12
9	1.68376899738e+12
10	6.68086701822e+12
11	6.68499642812e+11
12	6.07706316705e+12
13	8.56159304552e+11
14	4.19618870329e+12
15	1.24789181165e+12
16	1.56762787036e+12
17	1.70684132792e+12
18	3.54832092863e+12
19	4.42475858929e+12
20	3.56340591251e+12
21	5.46966729232e+11
22	1.13421970261e+13
23	7.08598627848e+12
24	1.99927736644e+13
25	2.88953288099e+12
26	2.10324352716e+12
27	7.60265229791e+12
28	8.1494490463e+11
29	8.34601337687e+11
30	2.15612727181e+12
31	3.64724445976e+12
32	8.81064787681e+11
33	1.60968484955e+13
34	2.57032754774e+12
35	4.43419862762e+11
36	2.31804868035e+12
37	1.75440613899e+12
38	7.10207565748e+11
39	2.10452144931e+12
40	3.4392664163e+12
41	1.92466815273e+12
42	3.41531761064e+12
43	1.28691009138e+12
44	2.75096523034e+12
45	6.12773448845e+12
46	4.04752057741e+12
47	5.75290093434e+12
48	3.50438786049e+12
49	6.64016241938e+11
50	1.40313810986e+12
51	2.18429061488e+12
52	6.70689750174e+12
53	8.28863658191e+12
54	5.257390827e+12
55	5.74541485081e+12
56	9.02629137391e+12
57	9.32998330854e+11
58	5.18541591261e+12
59	1.70214293187e+12
60	5.19852508045e+12
61	2.597812305e+12
62	2.02925392627e+13
63	2.4232271454e+12
64	2.35214369616e+12
65	1.5121187267e+12
66	2.29968418335e+12
67	1.73940496475e+12
68	3.04130546982e+12
69	5.58626922227e+12
70	3.89242221137e+12
71	2.84228223349e+12
72	1.36939433908e+13
73	4.21290338018e+12
74	3.34156284111e+12
75	1.52751257572e+12
76	2.41227280128e+12
77	6.29946256138e+12
78	1.52509167851e+12
79	4.3452033173e+12
80	2.17151740172e+12
81	6.1375866639e+12
82	2.46949216461e+11
83	7.67109287783e+11
84	4.89505424658e+12
85	4.0811980643e+12
86	2.1983232922e+12
87	7.72884896804e+12
88	6.20808873327e+12
89	7.36173421868e+12
90	2.8218105502e+12
91	9.22438571537e+11
92	2.50186634645e+13
93	9.07700662134e+12
94	6.68617267877e+12
95	7.15186607675e+12
96	4.64273762033e+12
97	8.54234589336e+12
98	3.32112738772e+12
99	4.79428894576e+12
100	5.18041106309e+11
101	2.52233791018e+12
102	3.34151420707e+12
103	3.25796439026e+12
104	4.5833451168e+12
105	3.7932780339e+12
106	6.90423746502e+12
107	2.60725154529e+12
108	8.61011896277e+11
109	9.88721053542e+11
110	7.44957323667e+12
111	4.45642064865e+11
112	2.6354794689e+11
113	3.45182111429e+12
114	8.45875216501e+11
115	3.79227676947e+12
116	6.35234821685e+12
117	8.60982610233e+12
118	9.73542274035e+11
119	8.65666263424e+11
120	4.99092002094e+12
121	1.37004390123e+12
122	3.20862411655e+12
123	3.86417721988e+12
124	6.84794353219e+12
125	1.51730667518e+12
126	6.2677937368e+12
127	6.73635381742e+12
128	3.50345721559e+12
129	1.23696932733e+12
130	9.87156275553e+11
131	5.49235113101e+12
