0	4.15294150991e+11
1	5.33739843971e+11
2	1.58316784105e+12
3	1.42746183596e+11
4	2.88203264503e+12
5	9.82878564115e+11
6	1.13790483372e+12
7	9.16156995467e+11
8	3.19891974423e+11
9	1.67917582854e+12
10	5.58045380901e+12
11	8.40913484104e+11
12	4.15989709078e+12
13	6.55695645382e+12
14	1.41900426637e+13
15	2.90089007242e+12
16	2.15196575706e+12
17	3.79246645573e+11
18	5.21226418072e+12
19	1.06075527349e+12
20	8.50342051644e+12
21	1.17871751217e+12
22	3.29921153687e+12
23	1.54628897866e+12
24	2.05312652099e+12
25	7.44704109309e+12
26	7.66078261148e+11
27	1.83980276259e+12
28	7.13667907097e+11
29	8.93934801829e+11
30	1.35386816329e+12
31	6.22795090719e+11
32	2.07430341038e+12
33	5.72191807742e+11
34	1.49810223332e+11
35	1.63455552922e+12
36	4.39387645596e+11
37	7.83140256009e+11
38	3.10066047569e+12
39	3.06544570257e+12
40	4.44995150381e+12
41	6.73673446762e+11
42	1.57362510605e+12
43	1.55930407826e+12
44	4.50874841819e+12
45	1.86329172325e+12
46	1.68530833054e+12
47	3.74976124086e+11
48	4.81531994601e+12
49	2.19286289201e+12
50	1.85069391619e+12
51	4.81150639398e+11
52	2.54921101624e+11
53	2.16172971659e+12
54	6.98674832905e+11
55	1.84087065582e+12
56	1.79258719107e+13
57	8.25352620928e+11
58	2.3805909399e+12
59	2.22416287757e+12
60	5.24743578701e+11
61	5.48745561793e+11
62	1.37556930835e+11
63	2.70709129359e+12
64	1.23544513762e+12
65	5.14123320048e+11
66	1.3689087985e+12
67	4.2192177557e+12
68	7.9354220682e+11
69	4.32012001841e+12
70	2.2463610147e+12
71	1.11262241698e+12
72	1.20523924489e+11
73	3.39591013204e+12
74	4.08159644931e+11
75	1.42836564237e+12
76	1.23425175518e+12
77	6.15316756994e+11
78	7.10467267133e+11
79	1.19470522162e+12
80	1.13159171723e+12
81	2.88480668207e+11
82	4.42645892898e+11
83	3.02321123559e+12
84	8.56290909179e+11
85	1.44234629356e+12
86	1.01124678042e+12
87	6.41850327586e+11
88	1.03091055651e+12
89	1.12473841735e+12
90	5.62059866242e+11
91	5.57688383358e+12
92	4.75731722076e+11
93	1.57093747494e+11
94	8.47632172404e+11
95	4.72939863941e+11
96	1.12778657486e+12
97	2.81839003462e+12
98	1.91604338608e+12
99	6.40734684891e+11
100	2.76964541049e+12
101	1.98382671549e+12
102	1.67431441734e+12
103	1.61422930961e+12
104	1.73729429199e+12
105	1.03139482599e+12
106	1.00953910993e+12
107	9.29641864806e+11
108	7.02318800523e+11
109	1.9055062573e+11
110	6.53434047962e+11
111	1.02350532545e+12
112	1.71618215406e+12
113	1.18455509085e+12
114	2.50913193233e+12
115	9.00085017654e+12
116	2.86876544179e+11
117	2.24146229965e+11
118	1.76267492792e+12
119	3.7075619414e+12
120	2.62419794154e+11
121	5.57616941741e+11
122	1.18865996983e+12
123	1.84735841748e+12
124	7.86742056857e+11
125	4.95443484722e+11
126	9.82107315804e+11
127	5.22870442855e+11
128	7.44556870955e+11
129	1.16442009113e+12
130	2.09750300506e+12
131	5.02613134044e+11
132	3.70739280908e+11
133	3.59142064072e+12
134	8.39860738572e+11
135	1.22080976989e+12
136	2.67152912797e+12
137	1.14848402183e+12
138	2.70602629066e+12
