0	1.94823965581e+12
1	1.12212706991e+13
2	1.24236207462e+12
3	4.83112572154e+12
4	8.76991796816e+11
5	5.6942608871e+11
6	2.15735702108e+12
7	7.50109398881e+12
8	2.48913163104e+12
9	9.08238100888e+12
10	1.36018363723e+12
11	1.9033715244e+12
12	1.3080153147e+12
13	3.03234723941e+11
14	4.36833267629e+11
15	6.52320526227e+12
16	2.33039075665e+12
17	1.92593860871e+12
18	1.35231170021e+12
19	4.36357866271e+12
20	4.69487861399e+12
21	8.69898775663e+12
22	5.35648817104e+12
23	2.09030635252e+12
24	4.54777850215e+12
25	4.43335057899e+12
26	1.17800218809e+12
27	1.92592647733e+12
28	1.32873873328e+12
29	9.40051904447e+11
30	7.57604722241e+11
31	2.14043213976e+12
32	2.2229561675e+12
33	2.5042562553e+12
