0	3.80601852008e+11
1	69782371922.0
2	1.42804695813e+11
3	65426907335.6
4	1.96562068805e+11
5	1.68244104688e+12
6	1.48011345852e+12
7	1.02795581871e+11
8	7.13703731228e+11
9	2.63666939129e+11
10	1.95959509811e+11
11	5.09082984865e+11
12	6.85887064446e+11
13	13534890000.1
14	1.58919662594e+11
15	2.26657155038e+11
16	71798271405.7
17	8.18017584188e+11
18	5.45349872451e+11
19	2.14735277451e+11
20	66911523117.4
21	1.9405425054e+12
22	2.29792770055e+12
23	2.82431042717e+11
24	1.36753867842e+11
25	4.1628931287e+11
26	9.69300141697e+11
27	1.53148549966e+12
28	1.52272496454e+11
29	1.53784896094e+11
30	2.29515774779e+11
31	1.68672008059e+12
32	2.28172643666e+11
33	2.61200636173e+11
34	9.56101175188e+11
35	2.13952397545e+11
36	4.08501932617e+11
37	1.23510502705e+12
38	2.98434768726e+11
39	1.60788577522e+12
40	2.7755123165e+11
41	6.12489845358e+11
