0	8.96726080504e+11
1	84850578853.4
2	2.1697630465e+11
3	1.05447871954e+12
4	2.18332995797e+11
5	1.02133319927e+12
6	1.13887166677e+12
7	1.95253314548e+11
8	1.36673677916e+11
9	2.00276700373e+11
10	1.79318986299e+11
11	1.74491007845e+12
12	5.3793794467e+11
13	2.74666671897e+11
14	3.97104016279e+11
15	1.11590106009e+12
16	1.21997268798e+11
17	1.08371538869e+12
18	7.11700680278e+11
19	5.68483668669e+12
20	80274880617.0
21	1.18845651984e+11
22	3.46302623738e+11
23	2.0496417601e+11
24	2.62987617247e+12
25	2.66103779741e+11
26	9.06460836931e+11
27	2.51540424965e+11
28	2.53990493671e+12
29	1.51989812682e+11
30	1.59321925115e+11
31	1.36852097262e+12
32	9.81347821065e+11
33	2.53085633668e+11
34	1.05460645266e+12
35	7.03693063654e+11
36	30881000225.4
37	3.35523694506e+11
38	1.71687677005e+12
39	3.77680941385e+12
40	1.40778470637e+12
