0	8.38929367488e+11
1	2.51949410772e+12
2	1.51027349706e+12
3	5.34962513123e+11
4	9.04463017739e+11
5	6.88807912823e+11
6	1.1168874539e+11
7	2.31014996874e+11
8	3.49728846389e+11
9	2.79052811975e+11
10	5.03675316733e+11
11	1.53615025491e+11
12	4.31550155783e+11
13	8.55839574361e+11
14	5.87840272993e+11
15	1.17012231575e+12
16	5.32426721838e+11
17	87218180794.4
18	2.59144245954e+11
19	3.78960570917e+12
20	1.89426975671e+11
21	1.87803953387e+11
22	3.56402867797e+11
23	3.40207652073e+11
24	2.34403293536e+11
25	4.08407219126e+11
26	8.39569369128e+11
27	2.60536289826e+11
28	2.41419844188e+11
29	1.87870372525e+11
30	2.4450273462e+11
31	1.40789187196e+11
32	2.46032586128e+11
33	1.10879387007e+12
34	5.86541701494e+11
35	3.96632387018e+11
36	3.2765034256e+11
37	2.57359127009e+11
38	1.96264569927e+11
