0	69391187320.9
1	5.91776279866e+11
2	1.91228919e+11
3	1.58443893328e+11
4	2.98332926419e+11
5	4.44299971589e+11
6	3.50804264224e+11
7	5.59894291701e+11
8	2.11438287721e+11
9	2.75641159299e+12
10	6.41234007194e+11
11	1.35516982095e+11
12	8.35732057129e+11
13	3.74099648448e+11
14	1.35770554402e+12
15	2.37799372257e+11
16	2.1237836617e+11
17	3.49603571272e+11
18	5.19355599477e+11
19	2.34008359604e+11
20	2.46037635806e+11
21	5.16823628925e+11
22	92269018511.5
23	1.01271013988e+11
24	4.03468181487e+11
25	1.82930118173e+12
26	2.0463673072e+11
27	9.99151773103e+11
28	8.54850492232e+11
29	1.89148776657e+11
30	1.28541755666e+11
31	6.47957257252e+11
32	3.38845505839e+12
33	1.22988845465e+12
34	7.97247543627e+11
35	2.51600388146e+11
36	2.14188343217e+11
37	1.5262526478e+11
38	4.63706302116e+11
39	1.6980703753e+11
40	3.72634634442e+11
41	7.38830616315e+11
42	3.00685879093e+11
43	1.4152726732e+11
44	2.22416874194e+11
45	3.87868191892e+12
46	4.12652675748e+11
