0	1.0251074381e+12
1	3.74263736557e+12
2	1.28927459776e+12
3	7.45269440756e+11
4	5.5309731516e+11
5	1.35193449095e+12
6	6.42508365158e+11
7	3.08409072229e+11
8	1.07161463943e+12
9	8.39711627669e+11
10	5.01568390209e+11
11	9.19430865452e+11
12	5.29981508065e+11
13	1.49781198473e+12
14	4.88727376848e+11
15	6.80087006348e+11
16	8.86917847022e+11
17	5.75899998042e+11
18	4.50425436418e+11
19	6.85895581083e+11
20	8.96472275814e+11
21	1.32421255887e+12
22	1.0855456176e+12
23	4.83640171059e+11
24	83137155984.6
25	6.10593325892e+11
26	1.59168896929e+12
27	2.9054038987e+12
28	2.13934928219e+12
29	2.6016465457e+11
30	1.53653268449e+12
31	1.06054593307e+12
32	9.85850272272e+11
33	1.676691377e+11
34	4.35581391868e+11
