0	4.1913483078e+12
1	4.88755108902e+12
2	2.20988167868e+11
3	6.90848626572e+11
4	7.04059116922e+12
5	4.14398001854e+12
6	1.05884738728e+12
7	1.35943004576e+12
8	2.04644662439e+12
9	6.58571278283e+11
10	2.15918874514e+12
11	2.32573092369e+12
12	6.29631898995e+11
13	1.30511903383e+12
14	5.82624846999e+11
15	6.14258181192e+11
16	3.11884905773e+12
17	1.33022604734e+12
18	1.33102423107e+12
19	1.08564911393e+12
20	6.27772682078e+12
21	3.22257280956e+11
22	1.78163841444e+11
23	4.42390545684e+12
24	3.90301514762e+12
25	1.36133468861e+12
26	9.93143892229e+11
27	4.97473726894e+11
28	6.5009176103e+11
29	5.51673950748e+12
30	1.31966162326e+12
31	6.64217243341e+12
32	2.23775721656e+11
33	2.95501267845e+11
34	1.68750934916e+12
35	3.55709461638e+12
36	4.12803609488e+11
37	1.11409166366e+12
38	4.43899113736e+12
39	1.92109619521e+12
40	7.4280998798e+12
41	5.52401200073e+12
42	4.84370942304e+12
43	9.49588656937e+12
44	1.21246109912e+12
45	2.15634843094e+12
46	2.95252667154e+11
47	1.48610839308e+12
48	3.80368569717e+12
49	1.38937408941e+12
50	6.05305611515e+11
