0	8.1116402957e+11
1	2.48815602336e+12
2	3.14975426174e+11
3	7.66882237944e+11
4	3.40346490013e+12
5	5.94877355051e+11
6	5.57846170121e+12
7	1.92489624998e+12
8	3.74097330614e+11
9	3.30715041752e+11
10	1.32748394249e+12
11	2.95981393246e+11
12	7.16989451418e+11
13	5.71967533375e+11
14	60694196546.3
15	5.11049537139e+11
16	2.87977479156e+12
17	1.00405168142e+11
18	3.73021471038e+11
19	1.16183449801e+12
20	1.41213016015e+11
21	7.57992130842e+11
22	4.99210623767e+11
23	1.31989323955e+12
24	9.10792898826e+11
25	5.59241735337e+11
26	8.0986397855e+11
27	5.15626286593e+11
28	2.49618460572e+12
29	6.21519102023e+11
30	1.81104973643e+11
31	2.48378764471e+12
32	1.85110980567e+11
33	1.01142143075e+12
34	3.42397495709e+11
35	1.66358647624e+11
36	1.92652314831e+12
37	3.41745650809e+12
38	8.0543821127e+12
39	2.72745927799e+12
40	8.95614722827e+11
41	5.45421656316e+11
42	2.63332412427e+12
43	1.23781733626e+12
44	4.20704720862e+12
45	1.59453840447e+12
46	1.39558028234e+11
47	2.7493828949e+12
48	1.2978521696e+12
49	3.11676112803e+12
50	5.71853749672e+11
