0	72356647295.6
1	1.10878496085e+11
2	5.18072114776e+11
3	58882057719.8
4	19452230418.9
5	1.52531221126e+11
6	1.37758472762e+11
7	1.05997002503e+11
8	27109129484.7
9	2.18996766645e+11
10	30639632987.4
11	1.55895512117e+11
12	2.088855037e+11
13	76549806741.0
14	1.05484349831e+12
15	2.40329121495e+11
16	46735249345.8
17	14060730851.3
18	1.45832973226e+11
19	2.48489377945e+11
20	3.83612283715e+11
21	72661268641.7
22	1.3760675319e+11
23	1.36358572012e+11
24	2.53968445857e+11
25	6.13349520844e+12
26	1.17723922606e+11
27	1.36247274245e+11
28	1.621918577e+11
29	75420196134.4
30	99624955642.4
31	36252045730.7
