0	3.09157581039e+11
1	28774407937.8
2	76751578601.6
3	1.51882011102e+11
4	2.60398894856e+11
5	1.44628031142e+11
6	59067461025.1
7	5.59577203429e+11
8	4.26931184076e+11
9	95858444611.5
10	1.53648986623e+11
11	1.97136806286e+11
12	6.93313458572e+11
13	1.40802952871e+12
14	9.36993774406e+11
15	1.57929003188e+11
16	2.47159347471e+11
17	1.83691075528e+11
18	51669068581.6
19	2.33699698879e+11
20	2.95737225192e+11
21	1.32374395896e+11
22	69071707608.3
23	3.28657195368e+11
24	41288928005.6
25	35595356570.7
26	54489666486.2
27	1.57187279286e+11
28	6.30347716679e+11
29	3.77456422153e+11
30	4.52148993049e+11
31	2.69466387201e+11
32	94934759215.3
33	20238413789.2
34	1.73691278435e+11
35	35886711797.2
36	64410115049.9
37	3.22596454273e+11
38	2.55057359765e+11
39	32470250797.1
40	1.81238680265e+11
41	1.69220439039e+11
42	1.12070338381e+12
43	2.3485128237e+11
44	3.66910779536e+11
45	1.96642274076e+11
46	1.62800011868e+11
47	85710371571.7
48	4.02854527909e+11
49	2.00426681836e+11
50	3.57721725017e+11
51	2.61331542701e+11
52	3.45313308307e+11
53	2.33264167579e+11
54	2.08269686162e+11
55	2.13823368124e+11
56	53259132808.1
57	3.611715216e+11
58	33895832302.2
59	1.77774854826e+11
60	2.29391522845e+11
61	90698124329.9
62	1.15630458448e+12
63	5.21024426688e+11
64	21351191728.6
