0	2.64965693225e+11
1	2.2165420047e+12
2	9.19814209738e+11
3	6.76768511504e+12
4	1.30796535189e+12
5	2.15356074273e+11
6	2.58740794007e+12
7	9.58841171767e+11
8	2.16452176713e+12
9	1.94009548995e+12
10	3.34885689188e+12
11	5.68183959225e+11
12	1.06638047501e+13
13	1.67134835396e+13
14	3.79668836655e+11
15	1.64434918818e+13
16	9.81243092628e+11
17	1.18499712867e+12
18	1.20190426501e+12
19	2.97316854753e+11
20	1.82473420981e+12
21	1.0295235828e+12
22	2.85672847076e+11
23	1.14583487667e+12
24	5.25907265461e+12
25	3.96950081358e+12
26	9.22355899685e+12
27	9.83141912561e+11
28	4.03522229158e+12
29	2.46343833365e+12
30	2.6283317339e+12
31	6.49262926852e+12
32	5.63730703506e+11
33	1.96483423175e+11
34	5.03469101671e+11
35	6.15204615502e+11
36	1.97248414099e+12
37	2.18049944323e+12
38	2.84021185873e+12
39	4.83099395223e+12
40	1.82311924321e+12
41	7.20263817904e+11
42	5.81178913877e+12
43	2.42200075261e+12
44	2.57489064667e+11
45	7.68303123874e+11
46	2.36440233787e+12
47	2.55437887853e+12
48	2.19586685055e+12
49	7.09524038434e+11
50	8.82825331749e+12
51	2.03789457681e+12
