0	5.22053096132e+11
1	8.59520902177e+11
2	63398291466.3
3	9.04299186453e+11
4	1.42994220655e+12
5	78636629512.6
6	7.25712118013e+11
7	91593346302.2
8	1.3170507558e+11
9	4.53714947472e+11
10	1.73991075183e+11
11	1.26408424342e+12
12	2.21287132546e+11
13	1.56446289525e+11
14	1.20623959574e+11
15	7.73191417055e+11
16	6.23899090939e+11
17	3.31065666693e+11
18	1.56382796275e+12
19	8.7099928037e+11
20	1.82311237219e+11
21	2.31183291957e+12
22	4.71068368908e+11
23	2.289835263e+11
24	4.98070069254e+11
25	2.25359286649e+11
26	8.6061624882e+11
27	1.24846390557e+11
28	1.8647622546e+11
29	3.38527469041e+11
30	21577982349.3
31	4.91435101245e+11
32	2.36758757487e+11
33	1.9010542322e+11
34	3.30027107305e+11
35	3.44423834824e+11
36	1.24809160693e+11
37	1.7999682201e+11
38	8.73030585441e+11
39	1.69264748101e+12
40	4.02483381313e+11
