0	4.26807333349e+11
1	4.27509622164e+11
2	1.61740555325e+12
3	49633678764.4
4	95327940353.6
5	3.77212335183e+11
6	3.94880628832e+11
7	3.23232430023e+11
8	48155649029.1
9	1.18735621894e+11
10	3.39760089271e+11
11	1.6822960088e+12
12	7.88750057443e+11
13	2.58110551706e+11
14	3.1769156281e+11
15	56710676652.4
16	39981642769.7
17	6.32381660176e+11
18	2.51204581834e+11
19	1.51222485181e+11
20	1.33576687881e+12
21	4.3805837967e+11
22	3.23110497476e+11
23	4.22345211158e+11
24	20843491565.1
25	1.85591565787e+11
26	1.95484476597e+11
27	2.85087037504e+11
28	1.25261029753e+11
29	4.81803529159e+11
30	3.32463395923e+11
31	4.68356684142e+11
32	2.84071434304e+11
33	1.16650088526e+11
34	4.66799697837e+11
35	1.01195456992e+11
36	1.0567665498e+11
37	54711582139.5
38	7.9675687685e+11
39	3.82880392676e+11
40	1.07256189034e+11
41	30312746634.3
42	2.09389318135e+11
43	3.1536831788e+11
44	1.65263978928e+11
45	1.10393487769e+11
46	2.87971391593e+11
47	4.50511309606e+11
48	3.36997618008e+11
49	2.38344505583e+11
50	3.89660230919e+12
51	3.21437172542e+11
52	1.76707960107e+11
53	1.02052823856e+11
54	2.69383770309e+11
55	63809328555.1
56	1.48314980242e+11
57	1.92236552869e+11
58	2.58727720578e+11
59	3.30670811977e+11
60	1.23942917329e+12
61	82659044072.1
62	1.27928375498e+11
63	9.64858466478e+11
64	5.46860076325e+11
65	1.80249955422e+11
