0	59199741866.0
1	36722771657.0
2	4.01616198938e+11
3	1.31915997609e+11
4	86130263792.0
5	65885107876.0
6	3.25650192387e+11
7	8.93312405891e+11
8	1.30631822163e+11
9	3.04942458911e+11
10	2.46556822129e+11
11	54271070634.6
12	1.48964749774e+11
13	3.9023878363e+11
14	1.18282879245e+11
15	2.80521097138e+11
16	6.66932414891e+11
17	80242065274.0
18	1.38309862055e+12
19	4.18810731373e+11
20	2.48256514012e+12
21	1.85305801198e+11
22	1.7814251842e+11
23	4.7309232999e+11
24	1.99537854922e+11
25	1.60701590436e+11
