0	2.63828603468e+11
1	7.89659116198e+12
2	5.01935314678e+11
3	4.85548612885e+11
4	4.13161700928e+11
5	1.23346783487e+11
6	2.36657246536e+11
7	8.93095092702e+11
8	4.72150658307e+11
9	3.41292431859e+11
10	1.65750445913e+11
11	2.28092444591e+11
12	4.79130877159e+11
13	1.73703833798e+11
14	1.08683511597e+11
15	1.11047668298e+11
16	5.23259624901e+11
17	3.54253267339e+11
18	4.54474417436e+11
19	1.32502571135e+12
20	2.31794966545e+11
21	4.63992935728e+11
22	5.4079136943e+11
23	9.29726877763e+11
24	2.80518172401e+11
25	2.971829297e+11
26	3.82118260117e+12
27	1.5972513982e+11
28	7.06989564796e+12
