0	5.64508136311e+12
1	5.59736414152e+12
2	3.30470838084e+12
3	2.99769119579e+13
4	9.44534672489e+11
5	2.36577554033e+12
6	9.14757961168e+12
7	1.23547917917e+13
8	3.17442230554e+13
9	3.27610443907e+12
10	1.24647178701e+13
11	5.96438586388e+12
12	1.00023282601e+13
13	5.33266105027e+12
14	3.26302025552e+12
15	1.75413988971e+13
16	1.12083789442e+13
17	4.18396076572e+12
18	1.93042164091e+12
19	7.76681053105e+12
20	1.38056763181e+13
21	1.07169655471e+13
22	4.14658768809e+12
23	1.84428727039e+13
24	9.62235332046e+13
25	1.33829438197e+13
26	3.90003819282e+12
27	2.2527396618e+12
28	6.28609478962e+13
29	1.24991013272e+13
30	3.16681318448e+13
31	7.01536130875e+12
32	4.77114184848e+12
33	1.53896073959e+12
34	6.84601571434e+11
