0	4.0206780086e+12
1	3.58901665681e+11
2	1.91703392335e+12
3	8.56446148897e+11
4	3.66468358243e+12
5	1.70879822297e+11
6	6.33674662106e+11
7	3.70206955265e+11
8	4.50300347448e+11
9	1.45239157222e+12
10	1.60993556329e+12
11	1.69326278139e+12
12	1.83159256869e+12
13	1.12627774856e+12
14	2.46473281694e+12
15	3.46004667153e+12
16	2.32711122521e+13
17	4.89998993616e+12
18	9.68621496926e+11
19	5.42401172351e+12
20	7.53072621694e+12
21	1.47632757629e+12
22	1.09388736532e+12
23	9.98050222367e+11
24	1.50614712776e+12
25	5.92142953865e+11
26	6.04613191878e+11
27	7.65599076126e+11
28	1.92405405191e+12
29	1.08547009785e+12
30	1.00278166002e+12
31	7.44574984038e+12
32	1.21553643384e+12
33	3.10066352267e+11
34	5.26759607182e+12
35	2.56258068034e+12
36	1.7055115684e+12
37	6.3316581758e+12
38	6.13945850474e+12
39	1.03777692383e+12
40	2.61366689547e+12
41	1.39771889624e+12
42	2.42194482242e+12
43	3.34582499871e+12
44	1.47884842805e+12
45	3.36911961725e+12
46	1.66699504773e+12
47	4.55128291186e+11
48	2.07238672987e+12
49	1.26278748053e+12
50	6.89090776413e+11
51	1.2056534263e+12
52	2.35351953326e+11
53	3.86484454033e+12
