0	7.06724164129e+11
1	2.93496030395e+12
2	2.84492048688e+12
3	7.77994429625e+11
4	1.67812232779e+12
5	2.48895080193e+12
6	1.15488803025e+12
7	9.09484799889e+11
8	1.37253559695e+12
9	5.72291765017e+11
10	2.50059151649e+12
11	3.20204193709e+12
12	7.19000724813e+11
13	3.0654493479e+11
14	3.79401800468e+12
15	1.67572889608e+11
16	1.76358627038e+12
17	1.59321594719e+12
18	4.60223352303e+11
19	7.69974082976e+11
20	1.48378527608e+12
21	4.98149750157e+11
22	2.38112017855e+11
23	7.74879431505e+11
24	4.92345494071e+11
25	7.95639846499e+11
26	8.42264288748e+11
27	3.36087461098e+12
28	1.46215621163e+12
29	4.35414671222e+11
30	8.55859769735e+11
31	2.04816917366e+12
32	7.85034881803e+11
33	8.1256255243e+11
34	1.26761976226e+12
35	1.21044540448e+11
36	1.52949801999e+12
37	4.38837230145e+12
38	2.2017623847e+12
39	7.78836277825e+11
40	7.88470030026e+12
41	7.03123898619e+12
42	2.60886319043e+11
43	1.16144309533e+12
44	4.14588013438e+12
45	1.17377812516e+13
46	1.04402618601e+12
47	1.90995431417e+12
48	8.63335179038e+11
49	1.42429946965e+12
50	1.8719376727e+12
51	4.45311087598e+12
52	1.11801363309e+12
53	1.72963424998e+12
54	1.85555420616e+11
55	2.1502909724e+12
56	3.30875108812e+11
57	8.96578886079e+11
58	8.20155623398e+11
59	8.68693479439e+11
60	1.2465033269e+12
61	2.01334223767e+12
62	4.68582599476e+12
63	7.79925351929e+11
64	5.75578346226e+11
65	4.94102434022e+12
66	2.3988032968e+12
67	3.62199931752e+11
68	3.92305854325e+11
69	1.3350884882e+11
70	1.23771101372e+12
71	1.78150450018e+11
72	3.70469436242e+11
73	2.90145198099e+11
74	4.94441300532e+11
75	2.96476630731e+12
76	9.10746610053e+11
77	3.8719132994e+11
78	8.68814799931e+11
79	3.61523565023e+12
80	1.4637649131e+12
81	2.85300279625e+12
82	4.19791157191e+11
83	4.90701618504e+11
84	1.82575877821e+12
85	5.35372703373e+12
86	8.65727621747e+11
87	1.39628234331e+11
88	2.44263387311e+12
89	8.57321515656e+11
90	4.15679826965e+12
91	1.05924376837e+12
92	2.36256249689e+12
93	1.10141798127e+12
94	8.40705824289e+11
95	8.59317606764e+12
96	2.26985372587e+11
97	1.37850734854e+12
98	4.5234238601e+11
99	2.75563023772e+11
100	2.7783619875e+12
101	3.87453713158e+12
102	1.01000833795e+12
103	2.04704578988e+12
104	3.40805602598e+12
105	1.03398734834e+12
106	3.99865220601e+12
107	4.1774920006e+11
108	9.88277633216e+11
109	5.64736609736e+12
110	4.32437007921e+11
111	1.80787960819e+12
112	4.41825092514e+11
113	9.9500667431e+11
114	1.15166262002e+13
115	1.00034597806e+12
116	4.09567701837e+12
117	2.29908752007e+12
118	7.85513612626e+11
119	8.97393575666e+11
120	6.7071677182e+11
121	6.59133306412e+11
122	1.41634249801e+11
123	2.60776085121e+11
124	1.56435093521e+12
125	7.95618455993e+11
126	6.04923762892e+11
