0	1.70579462583e+12
1	1.30781422118e+12
2	1.0974283342e+12
3	2.06310735474e+12
4	2.43900792389e+12
5	2.87726625157e+12
6	2.16675407747e+12
7	2.50878952034e+12
8	2.10272690267e+12
9	4.63984074469e+12
10	2.32038100823e+12
11	4.12159461275e+12
12	1.37586743229e+13
13	6.60886307787e+11
14	3.84867568556e+12
15	1.15311056768e+12
16	9.06787183752e+11
17	2.1688589915e+12
18	1.09594164384e+13
19	9.37949039179e+12
20	1.59562784362e+12
21	1.87295872289e+12
22	2.04889728838e+12
23	1.43398282788e+13
24	6.83362897703e+11
25	2.78978318769e+12
