0	4.16221153587e+11
1	4.86437834964e+11
2	2.16041715508e+11
3	1.86452383692e+12
4	1.20782729545e+12
5	2.93952236932e+12
6	1.5396946665e+12
7	1.54104929243e+12
8	2.71336599129e+11
9	3.72062798108e+12
10	4.58934336284e+11
11	1.26594523009e+12
12	1.15207313179e+12
13	8.92092236465e+11
14	7.56937207519e+12
15	7.82849660117e+11
16	6.57196539142e+12
17	2.36888374481e+12
18	2.11400979837e+11
19	2.53239264492e+11
20	1.85290033281e+12
21	8.55167704433e+12
22	2.74582525581e+12
23	8.90612841423e+11
24	6.21144062839e+11
25	4.24511530081e+11
26	5.73003783267e+11
27	1.09263575315e+12
28	1.32781938226e+12
29	6.11112342682e+11
30	2.8509631244e+12
31	6.15159164037e+11
32	1.90444177781e+11
33	4.60329422011e+11
34	4.40611736041e+11
35	2.35749883072e+11
36	6.52017437834e+11
37	9.99361362783e+11
38	2.3652135063e+12
39	1.77795664346e+12
40	1.6774319976e+12
41	7.867835274e+11
42	5.39558094316e+11
43	5.09349633148e+12
44	8.90657473144e+11
45	8.5881546282e+11
46	1.17963659542e+12
47	7.28894847665e+11
48	1.99668263756e+12
49	1.41243488348e+12
50	3.94193054261e+11
51	6.02139216831e+11
52	4.50778093274e+12
53	3.13263508603e+12
54	1.7926887494e+12
