0	3.83803331304e+11
1	2.99412693348e+12
2	1.06326532198e+13
3	2.00197094215e+12
4	6.48170393583e+11
5	2.10708955074e+12
6	1.05586412922e+12
7	5.24994233673e+12
8	1.13367215329e+12
9	1.92323380562e+12
10	1.28015998246e+13
11	5.82415976652e+11
12	1.34629304174e+12
13	2.00575870333e+12
14	6.87472665558e+11
15	2.91561063093e+12
16	2.49195551386e+12
17	4.03091739808e+12
18	2.28094240559e+12
19	2.79578414016e+12
20	2.70182467699e+12
21	8.59024804446e+11
22	2.12136396941e+11
23	1.24128023703e+12
24	1.18882438673e+13
25	1.60150289687e+12
26	1.79513328365e+12
27	1.94560514784e+12
28	3.06731826546e+12
29	6.91584914094e+11
30	2.03094760801e+12
31	3.54396829581e+11
32	7.74562655956e+12
33	1.16840108388e+12
34	4.7029920128e+11
35	2.80968265126e+12
36	5.98244718133e+12
37	3.06513446263e+12
38	4.28211411234e+12
39	1.33020199282e+12
40	7.82680257914e+11
41	1.01356813057e+12
42	2.30674666851e+12
43	3.26745111239e+12
44	1.27105263585e+11
45	8.52451009946e+11
46	1.69068378092e+12
47	2.02439911914e+11
48	9.2268521881e+11
49	3.67145604621e+12
50	1.82626448718e+12
51	1.93216188961e+12
52	3.01348024999e+12
53	1.76030154515e+12
54	3.13385857257e+12
55	5.2928423243e+11
56	3.03583355253e+12
57	1.33007817414e+12
58	2.61686113021e+11
59	2.43966643988e+11
60	1.03027060912e+13
61	2.54792526317e+12
62	1.36642652808e+12
63	4.27894464191e+11
64	7.76251234067e+11
65	1.18924988657e+12
66	1.09331801451e+13
67	4.22833044792e+12
68	1.30459019858e+12
69	6.15742963494e+12
70	6.87745607032e+11
71	2.12830642682e+12
72	7.3884498228e+11
73	6.29268993597e+12
74	8.55796518042e+11
75	2.26359923131e+12
76	5.4401606843e+11
77	3.28285187312e+12
78	3.08880193467e+12
79	4.10168982914e+11
80	6.42025107992e+11
81	9.19608225092e+11
82	4.29927745638e+12
83	2.79968488751e+12
84	8.94770636395e+11
85	1.43085196688e+12
86	2.68132544278e+11
87	9.62604037927e+11
88	1.09101812694e+13
89	1.3450350085e+12
90	2.55725354015e+12
91	1.25001296738e+13
92	2.42552750172e+13
93	4.3267834009e+12
94	7.61069280256e+12
95	4.49423087392e+12
96	1.72459940365e+12
97	4.12985018439e+12
98	5.70699832048e+11
99	4.02579940576e+12
100	3.21859542448e+11
101	2.11040043033e+12
102	1.87411915515e+12
103	1.6210907829e+12
104	1.43187229417e+13
105	1.77365762727e+12
106	8.1508865837e+11
107	2.21613908818e+12
108	2.05257852748e+12
109	2.19471945269e+12
110	5.10737967887e+11
111	2.03590755228e+11
112	2.11998217532e+12
113	4.79763742852e+12
114	1.85193230039e+12
115	2.41043808863e+12
116	7.74507461147e+12
117	4.24471200279e+12
118	1.7367747956e+12
119	1.429434703e+12
120	7.84008682791e+11
121	6.28674428205e+12
122	2.7952994215e+12
123	6.73651260826e+12
124	1.05754001184e+12
125	4.16332302457e+12
126	4.96015306795e+12
127	3.1546656934e+12
128	9.77971038721e+11
129	1.09780516894e+12
130	3.26030539074e+12
131	8.34617347265e+12
132	6.59252933396e+11
133	2.69769849345e+13
134	3.94355930548e+11
135	8.2340415467e+11
136	1.39148387649e+12
137	4.62181852126e+11
138	1.54581698622e+12
139	1.47409687469e+12
140	5.88679804493e+11
141	1.95647868955e+12
142	6.4066228044e+12
143	3.28257290676e+12
144	1.59049614962e+12
145	8.30570421839e+11
146	5.71154061045e+11
147	1.09485290294e+13
148	4.03381382896e+11
149	3.96314515516e+11
150	2.72290944263e+12
151	9.75618424919e+12
152	8.20903317998e+12
153	1.6378605892e+12
154	1.61971439821e+12
155	1.44465537836e+12
156	9.36782982793e+11
157	2.2572566626e+11
158	4.01866533713e+12
159	2.94779193453e+11
160	2.16442299865e+12
161	5.40842400264e+11
162	4.68985194601e+11
163	3.59599171133e+11
164	5.88282098556e+12
165	5.05660147945e+12
166	7.97648167163e+12
167	1.97544569447e+12
168	1.86979772157e+12
169	1.78345031133e+12
170	1.0829194927e+12
171	6.01893160678e+11
172	1.17761754727e+12
173	4.24131619972e+11
174	2.74420288712e+12
175	2.91036781758e+12
176	1.22460515617e+12
177	7.34446017628e+11
178	4.96264577869e+12
179	2.15263842435e+12
