0	2.32828485698e+11
1	9.42791789863e+11
2	1.13453110722e+11
3	4.24776963868e+11
4	3.49642778477e+11
5	8.0639051588e+11
6	4.55165780453e+11
7	3.1121078434e+11
8	1.67025002809e+11
9	1.70054227267e+11
10	30647900757.2
11	1.55684498774e+11
12	1.51520942768e+12
13	3.12242420474e+11
14	7.15499958672e+11
15	4.74349073697e+11
16	1.90343169268e+11
17	2.17950493487e+11
18	9.01946961037e+11
19	4.86638724253e+11
20	2.87629345242e+11
21	26489989866.2
22	6.2940564641e+11
23	87414981856.8
24	3.36834337206e+11
25	2.29098690824e+11
26	1.51966089973e+12
27	2.10939928701e+12
28	3.29618857969e+11
29	9.62152761732e+11
30	3.3267911504e+11
31	1.5318196907e+11
32	1.20663034241e+12
33	3.68095857303e+12
34	1.04384096975e+11
35	5.51757842988e+11
36	4.85826047623e+11
