0	4.7105974607e+11
1	7.02833832183e+12
2	1.11380344155e+13
3	1.68585020229e+12
4	4.00687553234e+12
5	5.3624846832e+11
6	2.0868964668e+12
7	5.64141325725e+11
8	2.03840768732e+12
9	6.64591938074e+11
10	1.68635664782e+12
11	4.68895614729e+11
12	9.52501472853e+11
13	2.00930529981e+12
14	1.19587344539e+12
15	5.0042367363e+12
16	1.10702071137e+12
17	1.76927688089e+12
18	4.83396639348e+12
19	8.33726598747e+12
20	8.46386286443e+11
21	9.858068006e+11
22	1.44044539795e+11
23	8.82193852694e+11
24	2.70578272182e+12
25	1.15399085256e+12
26	8.05953615989e+11
27	4.07774682286e+12
28	4.73277718594e+11
29	3.97278310745e+12
30	8.81563306415e+12
31	6.94892110652e+12
32	5.44945904791e+11
33	7.0560840298e+11
34	8.49414735547e+11
35	1.2507734786e+12
36	9.38334312159e+11
37	8.66470346157e+12
38	4.61348713381e+11
39	1.36565553009e+12
40	4.38671218593e+12
41	1.23068271124e+12
42	5.98528012807e+11
43	2.27995012455e+12
44	3.70433150042e+12
45	7.27104562363e+11
46	1.20673510454e+12
47	3.26797445457e+12
48	2.34704699629e+13
49	4.94916734503e+12
50	2.36287439116e+12
51	3.23633457923e+12
52	1.50037212024e+12
53	2.24549126334e+12
54	7.74375323714e+11
55	9.58452602924e+11
56	5.8544659402e+11
57	6.10737732505e+11
58	1.15505325801e+13
59	1.33980961969e+12
60	8.79405491568e+11
61	1.75938472315e+12
62	1.52773341979e+12
63	2.84033445008e+12
64	1.61827982874e+12
65	4.09106021027e+11
66	8.88529091771e+11
67	1.40978016568e+12
