0	2.21267700268e+11
1	71780652698.0
2	2.93566352118e+11
3	7.35143277732e+11
4	6.86094009163e+11
5	8.54633576656e+11
6	4.37570600226e+11
7	1.041161201e+11
8	29646195821.5
9	1.720409642e+11
10	46230959599.7
11	17432267803.3
12	98022127065.6
13	1.62221738904e+12
14	9.89117387022e+11
15	1.12311322754e+11
16	93729615156.3
17	69905002219.2
18	2.96739464409e+11
19	7.66110781054e+11
20	1.05069809028e+11
21	1.33236365403e+11
22	83286319318.1
23	3.31710237535e+11
24	1.90955064375e+11
25	30684072935.5
26	8.43797409999e+11
27	19203269074.5
28	38036512713.5
29	3.16881606948e+11
30	69675390432.1
31	68769406768.1
32	18670928083.9
33	1.97313691485e+11
34	71328047767.1
35	2.24086876733e+11
36	4.36042050817e+11
37	1.37930649451e+11
