0	1.69957884317e+11
1	1.70279933152e+11
2	2.06536412941e+12
3	1.33196525857e+11
4	3.23540807623e+11
5	5.02034650178e+11
6	3.02851584318e+11
7	55335137276.3
8	2.89629177896e+11
9	2.70709582479e+11
10	8.51522440241e+11
11	3.54354148389e+11
12	1.09479930993e+11
13	6.14327005165e+11
14	88621471446.3
15	75138921012.8
16	8.68918738739e+11
17	6.49141952344e+11
18	2.09765670641e+11
19	1.04235111709e+12
20	1.05425176406e+11
21	2.58124704767e+11
22	2.39332889171e+11
23	86380411566.9
24	1.15857527913e+12
25	1.3961646675e+11
26	33193426309.5
27	2.91057690977e+11
28	1.46552536116e+11
29	45165063117.0
30	5.41019901538e+11
31	1.38659250245e+11
32	8.57083686862e+11
33	4.88615916592e+11
34	25263848810.2
35	1.17307290323e+11
36	5.36435495588e+11
37	2.10175295384e+11
38	1.49282881653e+11
39	6.48401487089e+11
40	87268833245.3
41	93880317567.2
42	8.17262215804e+11
43	1.15679358307e+12
44	1.7436155126e+11
45	6.57248263614e+11
46	2.90078309534e+11
47	5.87179400853e+11
48	9.20486768592e+11
49	3.2342158952e+11
50	1.99223325218e+12
51	2.8619590855e+11
52	46513739619.6
