0	4.51106638015e+11
1	69702174619.0
2	6.857517097e+11
3	1.10490320694e+11
4	5.24315882744e+11
5	2.16964472925e+11
6	1.14917661157e+11
7	1.49227075643e+11
8	1.12221583671e+11
9	1.21615175177e+12
10	3.81634676516e+11
11	3.16577231558e+11
12	87463391028.4
13	1.83890833426e+11
14	6.52530860045e+11
15	7.62584594459e+11
16	1.97305423642e+11
17	52752357983.2
18	1.78203112052e+11
19	6.9627691028e+11
20	16299571892.1
21	2.03111112233e+11
22	5.15894419525e+11
23	7.0928179951e+11
24	1.41421029616e+11
25	1.42061032975e+11
26	1.46019072362e+11
27	3.48304050966e+11
28	1.65511785676e+12
29	1.19942135385e+11
30	89178740708.1
31	75511577366.2
32	2.28702449167e+11
33	9.75207116454e+11
34	2.9520802549e+11
35	5.45781860802e+11
36	89124538249.8
37	1.05545288436e+11
38	91745714759.8
39	3.12101246594e+11
40	4.09005430173e+11
41	24361478333.0
42	7.51060763077e+11
43	31107626746.5
44	2.06567249512e+11
45	4.0485261109e+11
46	70394371563.3
47	1.77246661367e+11
48	33733668286.2
49	2.46078900327e+11
