0	3.8046826117e+11
1	6.79307886814e+11
2	1.40652086301e+12
3	3.0573166369e+12
4	4.96316310936e+12
5	3.05420603078e+11
6	1.41340225518e+12
7	1.07555060387e+12
8	1.57911362017e+12
9	4.5240597046e+12
10	3.83085593335e+11
11	1.12054140551e+12
12	7.72601438932e+11
13	1.3652261524e+11
14	1.64476311865e+12
15	1.60013338205e+12
16	1.26713065914e+12
17	4.78070476744e+11
18	1.54392570699e+12
19	3.58766122363e+11
20	7.05627796058e+12
21	5.44908034513e+11
22	4.64288497604e+11
23	7.53521132096e+11
24	4.80569431588e+11
25	2.74549955411e+12
26	7.0252806795e+12
27	4.0264342883e+12
28	8.13335066367e+11
29	6.14978417165e+12
30	1.65715091008e+12
31	1.13857293255e+12
32	4.23605661938e+12
33	4.44284012656e+11
34	5.45693443984e+12
35	4.03397249114e+12
36	3.97675244686e+12
37	3.50871342878e+11
38	5.53003750622e+11
39	1.02640440631e+12
40	9.6352583558e+11
41	4.9739428862e+11
42	2.2118002865e+12
