0	1.25289016466e+12
1	1.72755623347e+12
2	97206492035.1
3	2.07824626697e+12
4	4.68453872255e+11
5	2.94742276244e+12
6	5.26898225279e+11
7	6.02854994883e+11
8	2.08838967709e+11
9	55452602244.7
10	4.32211904073e+11
11	2.37820975606e+12
12	1.04046072107e+12
13	85345488804.3
14	7.0997518634e+11
15	4.63368618811e+11
16	7.20264749902e+11
17	1.12853285083e+12
18	3.93735864513e+11
19	81427388200.3
20	1.0662089944e+12
21	2.05473930844e+12
22	2.11660722855e+11
23	3.12399401375e+11
24	4.57013577113e+11
25	6.64276879446e+11
26	9.67551541725e+11
27	2.97972506121e+11
28	5.3199887379e+11
29	2.52814052803e+11
30	3.27547724178e+11
31	5.48394040568e+11
32	2.3843426916e+11
33	6.51171834367e+11
34	1.13706694402e+11
35	1.31974241779e+12
36	6.27388013388e+11
37	3.18968960667e+11
38	1.14141516077e+11
39	9.33677695826e+11
