0	3.75954253937e+11
1	2.75634680377e+12
2	1.63639867613e+11
3	33863710613.8
4	1.73418736983e+12
5	2.73169909028e+11
6	4.8245432e+11
7	1.15006313232e+12
8	3.69673293604e+12
9	2.07246800175e+12
10	9.22252749025e+11
11	1.31650770944e+12
12	1.05381752858e+11
13	2.25297132967e+11
14	6.63215083191e+11
15	2.87458372384e+11
16	1.90715917781e+12
17	6.46597677823e+11
18	5.79359878525e+11
19	3.46488585375e+11
20	1.25207571657e+11
21	3.0910130108e+11
22	77274615374.9
23	2.2293226221e+11
24	1.54016133126e+11
25	2.73478599335e+11
26	3.0606741372e+11
27	7.22289098931e+11
28	1.68450018407e+12
29	2.52158165931e+11
30	3.44482884466e+11
31	83710091941.0
32	2.06042429258e+11
33	5.00930087702e+11
34	2.04418287105e+12
35	1.03935865378e+12
36	4.5692396166e+11
37	4.04139340335e+11
