0	2127.17703751
1	1229.12505546
2	164.338622192
3	5988.81749521
4	17285.3748998
5	1834.57845532
6	2761.09709662
7	12783.5587225
8	607.446415732
9	28526.3857631
10	1247.37325092
11	7839.28353128
12	6018.97142542
13	4563.04449037
14	219.402195071
15	77600.5104481
16	582.036013588
17	32021.1629322
18	1725.67544139
19	760.647023182
20	18449.0228329
21	11923.694268
22	1291.8180141
23	1216.02256633
24	2211.41502466
25	3483.41792287
26	10061.444831
27	7065.79696543
28	1257.68505784
29	15845.1453616
30	11125.6912069
31	9758.46061835
32	3996.6712748
33	21912.8402549
34	3472.96529723
35	47220.1942376
36	2313.08563755
37	59540.8492749
38	343.16005632
39	6055.99934679
40	923.845243589
41	16440.3874858
42	18432.3388248
43	14866.5353518
44	9044.67307215
45	61622.9209612
46	1871.79344071
47	3455.68698599
48	287.102553688
49	14177.2596242
50	5418.7710301
51	36140.8759753
52	3646.82729595
53	5791.94175021
54	3317.6993792
55	508271.615963
56	15138.5267303
57	24454.4389299
58	1109.65916283
59	3273.73848556
60	385.029242615
61	10497.6714156
62	33439.7835233
63	2608.45588218
64	1365.31730548
65	14982.6769221
66	834.720232854
67	5172.18655519
68	684.540197809
69	1399.19940785
70	29580.8191017
71	527.285918379
72	5342.60741945
73	6736.82952908
74	680.329983797
75	824.137741406
76	924.817176786
77	8707.88371072
78	3808.64447583
79	2345.4979255
80	31373.6643628
81	10008.3787271
82	2401.70548631
83	78515.804311
84	14024.2396923
85	19005.5152584
86	29227.5227684
87	341.717994595
88	5793.33267639
89	1726.00593828
