0	2.54608573773e+11
1	3.44142951306e+11
2	4.96192529658e+11
3	5.66312546856e+11
4	2.39950516279e+11
5	3.41396247665e+11
6	1.26675432255e+11
7	1.24881522087e+12
8	4.62345360137e+11
9	1.75946354471e+11
10	2.75729178061e+11
11	8.03340973871e+11
12	5.94106435482e+11
13	1.35768538604e+12
14	1.56676654918e+12
15	3.52812005827e+11
16	6.53989279882e+11
17	1.06778494372e+11
18	3.80495923981e+11
19	5.10789646653e+11
20	6.94095077513e+11
21	6.0223637e+11
22	1.96226698467e+11
23	3.29302009038e+11
24	1.77258654762e+12
25	2.18163471634e+11
26	6.16509646264e+11
27	4.59786176103e+11
28	7.89250766071e+11
29	66529657461.0
30	5.34326542337e+11
31	1.46605685129e+12
32	4.39185280492e+11
33	1.56272681592e+12
34	4.24054154958e+11
35	6.46046117999e+11
36	2.78836175554e+11
37	2.44311022952e+11
38	1.79717940916e+11
39	7.8124564391e+11
40	1.32691671335e+11
41	1.05962881214e+11
42	1.94485968404e+11
43	1.90527032629e+11
44	1.19944491656e+11
45	3.16927931068e+11
46	1.49111189912e+11
47	4.41769142414e+11
48	1.7182968077e+11
49	9.39358843808e+11
50	3.55268641047e+11
51	6.36574924379e+11
52	4.10434616223e+11
53	1.7927891523e+12
54	2.2945571869e+12
55	7.06045697556e+11
56	5.30060807304e+11
57	4.93356537235e+11
