0	5.51408302921e+11
1	4.56919680083e+12
2	1.96650475206e+12
3	7.01311878e+11
4	1.25479304625e+12
5	1.7755288045e+12
6	1.46913413132e+12
7	5.39223050904e+12
8	6.96476595962e+11
9	2.69331865806e+12
10	1.19620465323e+12
11	2.26583725197e+12
12	2.34721825917e+12
13	8.48849598426e+11
14	2.79910975678e+11
15	2.02324868224e+11
16	6.04690555258e+12
17	4.99136354449e+11
18	2.25153370049e+11
19	4.16271268792e+12
20	1.67429606788e+12
21	1.80784022067e+12
22	8.16509669803e+11
23	5.84381609732e+11
24	2.87231637709e+12
25	3.40052503529e+11
26	4.35890482305e+11
27	1.2182291082e+12
28	3.10150482457e+11
29	1.06171699887e+11
30	6.3197154705e+11
31	1.92137417307e+12
32	3.97515648114e+12
33	1.61140767164e+12
34	4.23523684474e+11
35	7.93688839125e+11
36	1.008015592e+13
