0	1.4851371967e+11
1	2.00035160376e+11
2	1.59045068868e+12
3	2.68229387018e+12
4	3.04738659321e+11
5	1.71595624785e+12
6	1.23424213464e+12
7	4.3750786674e+11
8	2.41127727092e+12
9	7.16644487617e+11
10	2.7749072668e+11
11	5.43283622599e+11
12	1.78314623728e+11
13	3.63628174553e+11
14	1.09163607126e+11
15	1.23562369826e+12
16	3.27036847668e+11
17	1.07767285227e+12
18	7.11181258813e+11
19	2.10390638646e+12
20	3.51042176175e+11
21	4.98918410653e+11
22	2.99863135871e+12
23	2.56308673181e+11
24	1.88544611359e+11
25	9.25095083389e+11
