0	5.09483746777e+11
1	2.62535069968e+11
2	1.16062562512e+11
3	1.91303554128e+11
4	1.42068123359e+11
5	2.61446636723e+11
6	2.04108917616e+11
7	1.62347321147e+11
8	1.34096797996e+11
9	74856114767.0
10	9.74227509246e+11
11	3.52247794872e+12
12	1.2032804907e+11
13	1.99961367951e+12
14	1.01112445065e+12
15	1.08902209789e+11
16	5.81778592971e+11
17	3.98996612452e+11
18	4.1649341827e+11
19	1.29539460534e+12
20	1.2292161731e+11
21	1.55765063422e+12
22	9.98922382437e+11
23	1.18534665917e+11
24	1.45015305597e+12
25	1.82036446284e+12
26	99394042100.3
27	1.89627205653e+11
