0	19477.6505792
1	6880.9403183
2	1604.36274266
3	3599.01600126
4	2241.7659028
5	1778.0887908
6	2857.7791524
7	5395.68553994
8	1679.75246705
9	1605.80461814
10	3990.40106077
11	9768.85456261
12	4296.7416232
13	1417.6033204
14	981.779709807
15	3753.52806769
16	11531.2814355
17	1755.42775117
18	5205.59662353
19	1741.9762685
20	1033.77879663
21	5514.63416831
22	8474.4278622
23	9510.2148667
24	7054.62901024
25	1589.02942029
26	4841.54196768
27	4435.76808982
28	2139.30286523
29	902.645491613
30	2612.88605021
31	3525.60185792
32	6951.86551864
33	2737.30791901
34	8961.78851308
35	7032.38432182
36	872.828271164
37	13294.8721551
38	10305.752703
39	4665.87578189
40	5547.18044444
41	2478.9694325
42	2879.97389324
43	1015.58228114
44	4613.31225205
45	5597.24132612
46	7357.76769835
47	10983.6562892
48	2923.25491473
49	2562.14410079
50	5287.24478737
51	10260.0132545
52	4261.04900825
53	1309.22720218
54	4061.29719674
55	1599.13714164
56	5378.00992337
57	6572.57509026
58	371.040247217
59	3343.68186995
60	2576.47029239
61	5377.48943543
62	1252.58513696
63	633.767072922
64	2043.83575435
65	1345.5048751
