0	1.31166575348e+11
1	3.59269018469e+11
2	8.37267367707e+11
3	89842833517.7
4	2.68753024945e+11
5	1.57197476084e+11
6	1.30310095573e+11
7	6.81256761531e+11
8	1.48529833826e+11
9	8.47663280011e+11
10	4.50984407278e+12
11	1.88511738132e+11
12	3.30751948987e+11
13	1.00896181973e+12
14	1.14276857167e+12
15	3.03022859882e+11
16	5.12572289427e+11
17	5.21332799549e+11
18	1.18253858623e+11
19	2.50889384461e+11
20	4.36955358779e+11
21	2.15950981887e+11
22	6.77805391904e+11
23	3.13736513752e+11
24	5.02930303617e+11
25	1.4455389882e+11
26	1.09539470124e+11
27	97299966808.4
28	8.27571275986e+11
29	9.79465620761e+11
30	3.8597544534e+11
31	1.22374332249e+11
32	3.09652676443e+11
33	6.38376115851e+11
34	2.79684895201e+11
35	1.70430101867e+11
36	1.98524435366e+11
37	41390161000.6
38	1.61700967155e+11
39	4.2926090417e+11
40	8.0795769228e+11
41	4.30931481097e+11
42	3.22410100181e+11
43	5.6718874428e+11
44	98027742544.6
45	2.33224259083e+11
46	1.90004922226e+11
47	1.65652416036e+11
48	3.44663284652e+11
49	5.59327296843e+11
50	5.11440113545e+11
51	2.38084692092e+11
52	2.08219970014e+11
