0	4.40666337632e+12
1	8.00492543607e+11
2	4.48129459242e+11
3	3.48408556995e+11
4	1.25163611964e+11
5	5.10983228064e+11
6	1.41582809729e+11
7	57727876802.2
8	2.96674911806e+12
9	3.77883921971e+11
10	91828340158.8
11	3.65760092778e+11
12	96902122590.7
13	43891534535.6
14	2.71060753027e+11
15	3.18817523688e+11
16	1.43640059321e+11
17	7.63560283792e+11
18	80062320153.1
19	3.9666931095e+11
20	9.49839892425e+11
21	6.01732804857e+11
22	2.80198595613e+11
23	5.94693003922e+11
24	5.52916016347e+11
25	7.85756144477e+11
26	1.74488603321e+11
