0	45972858200.8
1	20112295056.2
2	2.04295970107e+11
3	3.77578293894e+11
4	1.71354767201e+11
5	2.64930478801e+11
6	1.28747414239e+11
7	35681450269.2
8	1.93036409437e+11
9	5.0701938796e+11
10	1.1409709404e+11
11	2.40306178507e+11
12	36383212745.5
13	1.11183815297e+11
14	1.94862732481e+11
15	6.04380472939e+11
16	1.2738060188e+11
17	3.3651171453e+11
18	2.16519523e+11
19	87313435712.0
20	24728234087.1
21	1.42999109435e+11
22	1.165908872e+11
23	70803531477.9
24	2.36466602355e+11
25	61238269512.7
26	1.51737845816e+11
27	37766403587.4
28	46754879740.4
29	1.65750500811e+11
