0	8.89998311861e+12
1	4.04933256879e+13
2	1.05771498982e+13
3	1.96895124206e+12
4	3.85511389203e+13
5	1.57163136498e+13
6	2.07688279045e+12
7	1.2927684297e+13
8	8.06843248148e+12
9	5.77569194028e+12
10	1.23402471086e+13
11	3.00471874904e+12
12	7.10077724138e+12
13	4.86919067481e+12
14	9.7651208525e+12
15	2.0241428643e+12
16	3.42919002223e+13
17	6.7329442553e+12
18	1.04913723048e+13
19	8.62151114604e+12
20	1.19616557605e+13
21	6.74513513687e+12
22	9.74663147706e+13
23	1.45457272406e+13
24	6.4749418293e+12
25	8.71000398057e+12
26	5.10968156127e+12
27	7.45740347068e+12
28	1.21692899404e+13
29	3.87314706711e+12
30	2.5224641471e+12
31	1.62354043148e+13
32	7.10059406926e+12
33	4.1854583205e+12
34	4.35472284508e+12
35	3.43467783623e+12
36	2.89743409744e+13
37	9.71439193691e+12
38	7.81789362039e+11
39	6.73727371143e+13
40	3.80609802212e+12
41	1.50235110981e+13
42	8.8145962741e+12
43	2.29489902677e+12
44	2.76258643871e+12
45	2.88771304039e+12
46	1.37881708461e+13
47	1.53382037035e+12
48	3.43980973383e+13
49	3.02270408437e+13
50	6.90433161788e+13
51	4.26957950415e+13
52	2.98514500292e+13
53	2.37719414295e+13
54	4.98855082791e+12
55	1.76714980805e+13
56	2.79689165011e+13
57	1.35820983098e+13
58	5.65351642516e+12
