0	94237404181.9
1	6.0841525937e+11
2	8.56066511101e+11
3	2.9569847034e+11
4	8.95673695033e+11
5	6.01060045443e+11
6	1.20798664206e+12
7	2.39758531599e+11
8	4.73673207834e+11
9	5.3521405524e+11
10	1.140646664e+12
11	6.41815006342e+11
12	3.68328310393e+11
13	8.72924056368e+11
14	1.06676818098e+12
15	9.17012504689e+11
16	1.47598907273e+12
17	1.28881052096e+12
18	1.29345248038e+12
19	1.87186283026e+11
20	8.93113926737e+11
21	2.78251484692e+12
22	3.69254747194e+12
23	5.96114876898e+12
24	5.73212400288e+11
25	3.15525146779e+12
26	1.72571009703e+11
27	7.51335654439e+11
28	9.29225083837e+11
29	2.43550916337e+11
30	2.2829756674e+12
31	1.13670372941e+12
32	3.24823269796e+11
33	1.46373164466e+12
34	5.30547084921e+12
35	2.43611106428e+11
36	8.02359405362e+11
37	5.3877114193e+11
38	5.30121374581e+11
39	6.08048518679e+11
40	4.09885329518e+11
41	1.26276107139e+13
42	5.65502620121e+12
43	1.51770247822e+12
44	8.81037712537e+11
45	5.41335377352e+11
46	4.51840199972e+11
47	3.34234776056e+11
48	1.72787315996e+11
49	1.21440895508e+11
50	7.47706830296e+11
51	1.03261481849e+13
52	1.23803606748e+12
53	1.15330452269e+12
54	7.35125326789e+11
55	3.62854630845e+11
56	2.50900186607e+11
57	1.9221040885e+12
58	1.78470717332e+12
59	1.3794232097e+12
60	1.26222663331e+12
61	1.27147559312e+12
62	7.05569236552e+11
63	8.08080283663e+11
64	2.16236379523e+12
65	7.04771678668e+11
66	4.02150848259e+12
67	2.19958530892e+12
68	1.66385828027e+12
69	3.76948840977e+11
70	7.74340814992e+11
71	1.09563470222e+12
72	8.54698048405e+11
73	3.97835595724e+11
74	1.44731577338e+12
75	1.10901052298e+13
76	8.36093785912e+11
77	2.17639820949e+12
78	3.39960319271e+12
79	7.96569698221e+11
80	1.15662878055e+13
81	2.03511459501e+12
82	1.79395185507e+12
83	8.75028577581e+11
84	1.07685633992e+12
85	7.57421313538e+11
86	2.6456971813e+11
87	98756878135.3
88	4.81965371988e+12
89	2.04031276944e+11
90	2.79842504557e+12
91	2.50241542685e+11
92	3.68125415723e+12
93	8.04021122638e+11
94	3.98704606623e+12
95	3.49311089583e+11
96	1.04902449896e+12
97	1.38603839311e+12
98	1.1280926243e+12
99	5.29984248488e+12
100	2.93191243743e+11
101	4.68009893942e+11
102	2.36289241296e+11
103	1.39284081803e+12
104	7.65731916852e+11
105	1.99869220002e+12
106	1.93899529855e+12
107	1.57678407146e+12
108	1.90130164445e+11
109	2.14829157446e+12
110	2.29099230964e+12
111	9.16993215105e+11
112	2.30015857153e+12
113	1.05079740867e+12
114	5.15946906629e+11
115	1.82406846426e+11
116	3.31484170725e+12
117	1.12458911398e+12
118	2.97749402901e+11
119	1.2404456136e+12
120	1.56741346034e+11
121	1.47420003097e+12
122	9.62834656128e+11
123	9.73835424089e+12
124	2.83360930966e+12
125	1.74392680208e+12
126	3.00204637157e+11
127	1.68825402594e+12
128	1.90418425847e+12
129	2.8120962487e+12
130	1.78250816242e+11
131	3.0237209072e+11
132	3.08002064137e+11
133	2.64904589806e+11
134	2.93647555534e+11
135	2.94599077052e+11
136	8.40806247249e+11
137	1.42638408374e+12
138	8.75433009605e+11
139	8.6365787473e+11
140	3.85585027185e+11
141	6.23664046046e+12
142	1.60528356725e+11
143	6.92740723185e+11
144	2.25635686655e+12
145	2.73956929782e+12
146	2.33041687641e+12
147	7.72172125039e+11
148	6.02743946118e+11
149	1.09481160735e+12
150	9.33285835213e+12
151	2.75040172226e+12
152	2.37470859977e+11
153	6.91990232873e+11
154	5.64719872052e+11
155	8.82813691355e+11
156	7.18955972433e+11
157	9.25087568745e+11
158	6.88089821201e+12
159	1.99247641388e+12
160	4.13215953035e+11
161	4.62252155611e+11
162	1.35135440218e+12
163	6.51129745757e+11
164	9.42142646724e+11
165	4.75472403518e+11
166	1.3555386201e+12
167	9.0839029638e+11
168	4.78543696834e+11
169	9.52204494598e+11
