0	3.26433081881e+12
1	1.34056699731e+11
2	3.68395972578e+11
3	7.61087434981e+11
4	7.02463204779e+11
5	1.9036885113e+12
6	3.137582007e+11
7	2.22911596113e+12
8	5.85457887426e+12
9	4.24016783527e+11
10	6.11963873752e+11
11	9.35200912415e+11
12	3.41266354241e+11
13	1.67230530496e+12
14	1.64432592181e+12
15	2.17642083798e+12
16	4.20150941602e+11
17	6.22364359564e+11
18	5.99722367409e+11
19	1.07988512898e+11
20	9.34232758177e+11
21	1.12656670159e+12
22	2.79346412283e+11
23	4.69979871704e+11
24	7.50847759611e+11
25	3.83868177263e+11
26	4.31617280895e+12
27	3.03285684264e+11
28	1.56824677333e+11
29	1.38203019463e+11
30	8.25456697039e+11
31	2.62907602395e+12
32	84204503479.8
33	1.6745680845e+12
34	3.69261508012e+11
35	2.60737224052e+12
36	67577709714.5
37	1.61282089348e+12
38	3.13262179484e+11
39	3.39217759766e+11
40	1.75046877689e+11
41	4.28881874182e+11
42	1.43271387622e+12
43	68279588699.7
44	7.25456867246e+11
45	7.29395701792e+11
46	6.7284383565e+11
47	8.89924821999e+11
48	9.64277426612e+11
49	9.01960195224e+11
50	1.38749190199e+11
51	4.7406847375e+11
52	4.25665760375e+11
