0	2442.72845998
1	138.006692097
2	1957.11516046
3	422.85956037
4	1484.99112446
5	1157.37955312
6	1265.66009785
7	267.917773564
8	465.907615219
9	244.337739133
10	169.811961857
11	519.075438607
12	1932.1671824
13	8095.98960566
14	854.832410496
15	1243.462542
16	1094.11617525
17	249.506225303
18	2417.9042694
19	640.205008404
20	2163.41299706
21	451.087610793
22	356.281804487
23	34.9072858749
24	3156.11593614
25	318.089429445
26	16937.8877592
27	195.690801454
28	23.0884908698
29	9417.9573014
30	1386.04719226
31	351.151339589
32	1419.71627779
33	2087.38729965
34	3952.98035001
35	68.6835807473
36	1454.42680406
37	5860.66683228
38	49037.4591433
39	2648.75141585
40	2331.39831651
41	100.787608025
42	1626.34167746
43	3054.96223078
44	100.228177093
45	2071.04988473
46	527.786473635
47	403.758897397
48	982.316291333
49	351.734805586
50	779.100007469
51	1663.00008981
52	3152.16486183
53	4234.59517955
54	3228.40246833
55	4883.02819029
56	384.506313599
57	4541.0685886
58	14538.439182
59	2713.31366372
60	1703.27837677
61	3563.06537402
62	443.319790506
63	2577.842425
64	1108.17988767
65	4559.12235287
66	109.783493562
67	401.170060188
68	627.379628624
69	17577.0914433
70	151.306656433
71	449.187018077
72	316.352794375
73	883.039041559
74	911.383814133
75	320.067469966
76	1345.24526227
77	1599.94701861
78	87.2263077183
79	827.825557169
80	748.420268132
81	4405.70467691
82	7616.08882731
83	2206.10704789
84	544.412412671
85	429.773009976
86	685.987929823
87	674.391568428
88	198.849230544
89	326.384131624
90	717.099158168
91	414.380517033
92	3515.24474339
93	724.821108779
94	782.931554877
95	11890.0643976
96	606.888059082
97	284.175006253
98	817.992188133
99	5470.58332816
100	125.137469938
101	197.492796933
102	650.24032211
103	2027.28277089
104	2840.65903098
105	313.218658735
106	250.083023007
107	183.64113706
108	499.30531497
109	3524.1820639
110	1016.24063629
111	10092.0486644
112	446.649983799
113	423.758997521
114	1029.72079389
115	3562.22351827
116	3110.21654463
117	235.094017212
118	221.280528229
119	1592.81498382
120	312.18430581
121	3085.30947473
122	981.01902265
123	5890.73673556
124	409.769293388
125	72.2893022601
126	252.008179459
127	7821.81037325
128	3034.97074502
129	1755.72653554
130	1268.57472586
131	178.308572715
132	2540.26934708
133	4975.89364233
134	717.669585512
135	1491.03093075
136	343.774930559
137	1975.85533802
138	768.484504887
139	433.982029212
140	533.801807598
141	6079.21181696
142	42.1493259279
143	606.418099602
144	430.356762287
145	5919.90188212
146	59.8630334446
147	590.703696536
148	1772.67799697
149	155.043290853
150	4104.46889655
151	1111.51654706
152	3115.50072634
153	5957.76641267
154	3832.80565976
155	766.041592112
156	2553.46688049
157	408.212786037
158	24218.2576755
159	2016.12090513
160	736.65524157
161	615.103597501
162	8452.29160172
163	3308.64213166
164	781.044819733
165	770.282745369
166	7539.22963377
167	113.833185398
168	198.718230787
169	4582.3077096
170	123.100492165
171	413.747829512
172	83.110011855
173	6168.90250872
174	1176.94038823
175	1034.09229389
176	2275.64243192
177	254.688760817
178	27611.5165288
179	1291.40263659
180	534.038581734
181	235.604099436
182	135.724914112
183	811.224988493
184	48332.2136119
185	1118.03023907
186	1528.69110409
187	1234.28196708
188	399.513174674
189	518.033055497
190	6724.74940778
191	807.933390514
192	12471.3060143
193	1702.92878286
194	3580.31020179
195	172.481268705
196	3028.56535329
197	7141.07628015
198	1494.23504872
199	850.15637465
200	2519.97629314
201	422.780123312
202	984.23877593
203	539.030512659
204	7120.39233692
205	87.7072584842
206	2332.63622199
207	1653.68427229
208	1017.3455281
209	2261.86221161
210	8274.76153927
211	7483.27991262
212	1662.61043164
213	1997.93639621
214	1191.63066456
215	6348.66485352
216	653.429260767
217	29.3693411419
218	569.800661421
219	1953.17161274
220	2562.45455239
221	603.782983203
222	951.136974004
223	1775.13891272
224	714.441596672
225	3582.68374173
226	4999.37245942
227	1195.71751972
228	383.245035655
229	5099.0670117
230	440.288925845
231	172.651680008
232	387.543773278
233	116.431713397
234	220.875396598
235	1715.79938113
236	910.884004325
237	1891.71075466
238	1537.15856262
239	493.298224849
240	23539.6888394
241	2083.3139052
242	437.673725013
243	3377.22902464
244	1680.23941049
245	3081.26107097
246	1157.56468743
247	234.09168317
248	1279.06585618
249	184.760434024
250	104.906031147
251	1253.11339767
252	1147.79200518
253	637.971616524
254	1238.3529804
255	5564.20547058
256	3656.73182262
257	47249.4602935
258	2083.9838579
259	2743.05878446
260	2167.75809956
261	330.566524621
262	3191.35258195
263	1169.66633441
264	6596.79850042
265	252.0806414
266	7252.0015198
267	119.308874352
268	1960.78334224
269	4997.51038317
270	905.212568706
271	527.35683754
272	487.521166128
273	2929.04164721
274	136.421315527
275	357.538489405
276	1439.87262396
277	1355.64346771
278	375.036027069
279	2414.75233189
280	1809.97410937
281	2536.22236321
282	143.204381659
283	508.05894134
284	25788.5613644
285	729.055380591
286	220.355432854
287	446.908169777
288	10869.7866175
289	1678.43359209
290	2302.45946866
291	128.100914665
292	562.842313809
293	215.581840416
294	27.887424364
295	1747.57723184
296	261.716835446
297	15482.7661538
298	700.316344483
299	1170.22710092
300	788.838991958
301	944.715016815
302	2311.87169101
303	430.218391956
304	377.33359738
305	5510.68667898
306	6298.09984228
307	479.304897533
308	369.968408974
309	13134.7486224
310	352.724064804
311	11588.9461254
312	12635.0572927
313	1815.19614008
314	2645.34960854
315	1399.14930394
316	13753.3109589
317	1117.60228891
318	780.152998441
319	217.010430152
320	2604.17715064
321	780.822903464
322	800.629842431
323	109.573184023
324	2572.25340092
325	2619.5528347
326	163.65347931
327	33.5594498052
328	1348.34399106
329	602.894978474
330	657.82121402
331	3159.74619122
332	1631.05665606
333	6411.94102986
334	72.4560825715
335	3637.0396271
336	827.941138158
337	2532.76568602
338	406.720586623
339	543.243782158
340	1577.27032802
341	37489.5700307
342	6367.41813017
343	2038.5671073
344	2217.53021776
345	5761.91146823
346	607.466496817
347	1868.17601065
348	1205.32407974
349	125.281493051
350	2173.16813744
351	148.2922949
352	342.884105389
353	175.431464611
354	92.3397337505
355	3677.41264989
356	6301.73687091
357	1284.0215658
358	2469.42300744
359	2748.17752971
360	627.565785738
361	108.744039606
362	190.553533972
363	8607.34230199
364	1714.62507386
365	1088.07721539
366	726.012412107
367	9438.4226163
368	12084.1391988
369	9598.83912887
370	515.104970312
371	1691.8073417
372	1314.19572972
373	310.615485303
374	378.505610718
375	300.845928192
376	779.833692328
377	353.97053005
378	1213.66488117
379	6502.83357012
380	770.984757152
381	225.770087783
382	6796.2369593
383	2922.11534357
384	14105.3083393
385	614.318600475
386	1033.83153464
387	2841.43309087
388	15478.2155692
389	2722.73033165
390	23846.5192356
391	609.653248946
392	2312.92104469
393	5039.07311232
394	1027.18102009
395	784.015443612
396	5749.86106592
397	715.540875335
398	1433.96030698
399	8056.07134212
400	734.372819778
401	12128.7546212
402	8136.18081821
403	4003.41114995
404	2632.91061519
405	262.198813687
406	1108.55644292
407	1644.51376682
408	11571.577951
409	336.843468914
410	1229.92247066
411	10967.7156535
412	677.484244247
413	645.681173763
414	7434.76108717
415	1303.64158759
416	258.960133753
417	10943.7597009
