0	3.50953551504e+11
1	1.27236320962e+13
2	1.90486324346e+12
3	3.93480755409e+11
4	3.54279270161e+11
5	1.02699729313e+12
6	7.6374909887e+11
7	1.16461224405e+12
8	1.74687058598e+12
9	1.98402724739e+12
10	2.22995509299e+12
11	1.30952077098e+12
12	2.10003754546e+12
13	5.4627891788e+12
14	3.58889192242e+11
15	2.96999254088e+12
16	2.24443800076e+12
17	5.0978593159e+11
18	3.88092283883e+12
19	2.00145718424e+12
20	3.35099142267e+12
21	1.21166690094e+12
22	3.06998103698e+12
23	2.60208311772e+12
24	4.92001746468e+12
25	2.03568677435e+11
26	7.00256319884e+11
27	9.82079932048e+11
28	1.53077703131e+12
29	8.38727924012e+11
30	2.45292401278e+11
31	1.19026953915e+12
32	1.27297290217e+12
33	3.77766170282e+11
34	4.26320574089e+11
35	2.98478313307e+11
36	9.94505645237e+11
37	6.7118522241e+12
38	6.51506471782e+12
39	6.35078960564e+11
40	3.19602794487e+12
41	2.86221850981e+11
42	2.11183508938e+12
43	6.04132014733e+12
44	5.11565823363e+12
45	7.62325928615e+11
46	7.95350655766e+11
47	2.07346695408e+12
48	1.67076433225e+12
49	6.01205171091e+12
50	1.21924370502e+12
51	2.71609573277e+12
52	8.60547551896e+12
53	1.8398244844e+12
54	4.98557835385e+11
55	91209929349.3
56	1.87350195363e+12
57	8.50454060142e+11
58	3.81626319985e+12
59	2.11984127614e+11
60	1.48758043491e+12
61	1.66381006228e+13
62	2.91763616418e+11
63	3.77149796595e+11
64	2.05707633232e+12
65	3.31140347748e+12
66	1.21844243618e+12
67	2.80397111576e+12
68	2.99465971346e+11
69	4.88462140649e+11
70	6.93225652941e+11
71	4.2081517842e+12
72	2.59908816341e+11
73	5.54546885271e+11
74	4.5980215028e+11
75	1.19466472178e+12
76	1.65124141822e+12
77	5.21728715434e+11
78	9.52632784817e+11
79	5.81699449973e+11
80	1.46248908674e+12
81	1.01531356995e+12
82	4.30482136372e+12
83	1.08837781218e+12
84	3.72570790127e+12
85	2.07855617545e+12
86	4.86623220889e+11
87	1.80497362288e+12
88	3.77018104793e+11
89	1.00758834436e+11
90	2.78962831792e+11
91	2.85915024579e+12
92	4.32191520308e+11
93	5.37093530279e+11
94	6.20330964423e+11
95	3.16178635342e+12
96	1.6741511333e+12
97	1.81866663985e+12
98	1.44137575e+12
99	9.53737868273e+12
100	2.41282429767e+12
101	5.37077441598e+12
102	4.94559151934e+11
103	1.39007325156e+12
104	7.4037000037e+12
105	1.10798456331e+11
106	1.7357171596e+11
107	1.32169034945e+12
108	4.93938771244e+12
109	2.64428899888e+12
110	6.30300832299e+11
111	2.33539748124e+12
112	4.06942345499e+12
113	8.69659310326e+11
114	6.38447947939e+11
115	1.06678014614e+12
116	2.16409756111e+12
117	2.74576314682e+11
118	2.9322054545e+12
119	4.28757240204e+12
120	1.28762654713e+12
121	5.93954674366e+12
122	3.21460580146e+12
123	1.69802355792e+12
124	6.10912445887e+11
125	3.41664632154e+12
126	2.57707535045e+12
127	1.29978405198e+12
128	7.02233844333e+11
129	7.74301359768e+11
130	9.08523731839e+11
131	1.05221019107e+13
132	2.98253084943e+12
133	2.4500965386e+11
134	1.62398798048e+12
135	2.99283917462e+11
136	3.70710711006e+11
137	4.9479081301e+12
138	1.71186685639e+12
139	2.42487445092e+12
140	1.18904689005e+12
141	2.81098405474e+12
142	5.38543122173e+11
143	9.41802366196e+11
144	7.28126703076e+11
145	1.52093755585e+12
146	2.66550163042e+12
147	2.15625202695e+12
148	7.07061789739e+11
149	2.65081082596e+12
150	1.39849673921e+12
151	5.98613658278e+11
152	1.96567731319e+12
153	5.53761236156e+11
154	3.85920267572e+12
155	1.93236078779e+12
156	5.29623189137e+11
157	6.43217943304e+11
158	1.57856127539e+12
159	9.61139055057e+11
160	3.28495510323e+11
161	7.75902132127e+11
162	5.47747483708e+11
163	5.45974806113e+11
164	3.26734086974e+12
165	2.73733935924e+12
166	2.18548645525e+12
167	2.03974477809e+12
168	9.36241808216e+11
169	2.81711258086e+11
170	2.18955790746e+12
171	2.20370916512e+12
172	1.6120387613e+12
173	1.84448678916e+12
174	1.00168681213e+12
175	3.47313275436e+12
176	9.00283932715e+11
177	7.32224436351e+11
178	9.57122460571e+11
179	2.22008792579e+12
180	4.56978354492e+12
181	6.79725328504e+11
182	8.29164358249e+11
183	1.17933651202e+12
184	3.0027067138e+12
185	1.08364592302e+12
186	9.95693086312e+11
187	3.64372290655e+11
188	1.825227926e+12
189	1.62059803097e+12
190	2.21998842121e+11
191	5.36925345618e+11
192	3.31374025475e+11
193	4.14193913721e+12
194	8.46695301971e+11
195	2.34190317963e+12
196	4.03641078105e+12
197	8.30579724616e+11
198	4.66107466931e+11
199	1.38342826608e+12
200	1.22052366469e+12
201	1.04738162994e+12
202	1.95670532004e+11
203	4.6965685259e+12
204	2.15831862296e+12
205	6.19350623479e+12
206	1.69980078635e+12
207	7.72728522135e+11
208	1.95436763549e+11
209	1.13851153929e+12
210	7.51205505955e+11
211	6.86136562334e+11
212	1.69442098627e+12
213	2.14490707717e+12
214	3.82066011137e+12
215	1.36173655712e+12
216	1.64354032348e+12
217	4.14971392657e+11
218	2.94422592026e+12
219	6.06151320384e+12
220	2.17488870174e+11
221	4.6776157709e+11
222	4.76527179832e+11
223	1.63644547301e+12
224	7.12620325657e+12
225	1.94221310557e+12
226	1.40972392808e+12
227	3.31485354122e+12
228	1.04539783382e+12
229	3.78244830115e+12
230	1.01660027757e+12
231	4.7729214234e+12
232	3.62754669987e+11
233	2.5935603483e+12
234	9.19584894588e+11
235	1.61515819631e+11
236	1.21429818183e+12
237	1.31405592643e+12
238	6.1790212751e+11
239	9.20053521445e+11
240	1.43148898337e+12
241	6.11366639665e+12
242	7.98281884677e+12
243	4.42092153507e+11
244	9.50718966263e+11
245	1.43670753157e+12
246	2.10904373936e+12
247	4.93178237481e+12
248	3.95473867603e+11
249	3.5815053437e+11
250	3.03314895742e+11
251	1.89672042756e+12
252	3.81290104774e+11
253	1.13964800435e+12
254	1.35738117516e+12
255	6.31697308592e+11
256	1.29279917091e+12
257	2.45184936561e+12
258	7.24271707326e+11
259	3.6412701827e+12
260	4.47639345522e+12
261	9.69438818254e+11
262	2.43831613938e+11
263	9.34467491189e+11
264	2.08459827417e+13
265	6.85552499215e+12
266	3.08530601493e+12
267	1.42928289546e+12
268	6.74154877998e+11
269	8.43188565522e+11
270	1.9202588463e+11
271	1.02716072221e+13
272	1.28337094184e+11
273	1.64305539031e+12
274	4.11346380883e+12
275	9.94419965276e+12
276	5.26139065406e+11
