0	84461694767.3
1	8.11592579701e+11
2	83590032559.6
3	1.20508045509e+12
4	2.88955596609e+11
5	9.52227393956e+11
6	1.04058566486e+11
7	3.86912108353e+11
8	4.20640920741e+11
9	1.83960234259e+11
10	6.23935071176e+11
11	1.71923735576e+11
12	1.47571169532e+11
13	1.91204163155e+11
14	3.69506223674e+11
15	2.41869987934e+12
16	2.07374018719e+11
17	3.8887489778e+12
18	6.75017990206e+11
19	73623053994.4
20	5.84453636292e+11
21	50981916573.1
22	4.81904791075e+11
23	1.47797977981e+11
24	44642617881.5
25	5.54284777016e+11
26	2.97813133783e+11
27	94053656016.5
28	4.51537155328e+11
29	3.90732019855e+11
30	52386264655.7
31	1.11060201804e+12
32	39476075727.9
33	2.36644638888e+11
34	2.68905866469e+11
