0	6930.38670256
1	1339.14696742
2	31580.0522678
3	2403.64295624
4	24635.4675117
5	7599.95711174
6	423.930161209
7	2519.15465028
8	13867.083201
9	7970.00831972
10	13644.3167692
11	1579.77922592
12	1530.46431107
13	847.484637697
14	739.297855289
15	13797.0948841
16	1043.84291963
17	439.50959909
18	4863.84003325
19	6270.83551563
20	1122.1748286
21	897.58595709
22	7250.05890595
23	480.250721596
24	1660.98945002
25	2069.23944398
26	29874.7922821
27	16544.326026
28	215.868181889
29	1599.09029574
30	3997.35599222
31	758.38276189
32	50571.2985552
33	2547.12903689
34	2903.39903274
35	370.411795892
36	772.016351467
37	12396.4167576
38	1926.90669117
39	2243.30765106
40	3564.17735358
41	22721.7181509
42	1438.13888096
43	1735.91688452
44	2368.81780166
45	2356.28331863
46	771.466750136
47	877.731880627
48	8154.12495405
49	12010.3300621
