0	2.27138999617e+12
1	8.03106379658e+11
2	2.28987601144e+13
3	2.10367449733e+12
4	9.04102106458e+11
5	1.36294785244e+12
6	1.85769961682e+12
7	4.05486478114e+11
8	3.49858300873e+12
9	2.55240121129e+13
10	8.19891070974e+12
11	1.73370956839e+12
12	8.78103994339e+11
13	2.36373002474e+13
14	1.58179544474e+13
15	1.30021654199e+12
16	3.12782377231e+12
17	2.98251468738e+11
18	1.99593403282e+12
19	1.67287325097e+12
20	2.64604378569e+13
21	1.87926210282e+12
22	1.19365601817e+12
23	3.34680474273e+12
24	3.46908213577e+12
