0	1.09665268052e+12
1	2.30191609362e+11
2	2.30103391298e+11
3	1.78612264772e+11
4	3.3212856275e+11
5	1.76347647663e+11
6	42614535356.1
7	2.587183547e+11
8	4.89749805184e+11
9	1.67854993237e+12
10	2.84939122366e+11
11	1.28201128524e+11
12	26016268104.9
13	62255544378.9
14	6.86535180619e+11
15	2.1184686028e+11
16	1.24137189032e+12
17	1.78108093103e+11
18	9.5796220015e+11
19	3.96437126978e+11
20	1.7031750129e+11
21	1.57333268997e+12
22	3.41649324821e+11
23	1.47609451908e+12
24	3.50425001476e+11
25	86028302117.2
26	1.16360706008e+11
27	2.36531700817e+11
28	3.57026902858e+11
29	1.47883739783e+11
30	1.18376696957e+12
31	4.0061204219e+11
32	3.33689408072e+11
33	48801656345.7
34	4.16303651999e+11
35	1.90428172638e+11
36	9.12729546722e+11
37	1.19937519629e+12
38	1.28417111772e+11
39	1.53926697751e+11
40	6.16650062012e+11
41	1.08651517902e+12
42	2.50686922742e+11
43	5.85247178172e+11
44	1.79838696154e+11
45	8.53408703066e+11
46	3.05504727139e+11
47	1.28478543904e+11
48	2.94070390433e+12
49	1.13161816769e+12
50	2.20462143484e+11
51	65256192069.7
52	1.50505318337e+12
53	1.75836180736e+11
54	5.02541467615e+11
