0	7.96160231664e+11
1	26311154818.3
2	2.15574456085e+11
3	1.32686962189e+11
4	75831082255.9
5	1.4608809802e+11
6	4.60760332509e+11
7	2.96287567034e+11
8	4.80918453957e+11
9	5.46646787657e+11
10	1.60271859985e+12
11	3.04176327221e+12
12	1.64095719258e+12
13	9.47368484274e+11
14	6.91196697403e+11
15	4.34184031294e+11
16	57485308153.1
17	6.12063110118e+11
18	7.75249956595e+11
19	6.36111167886e+11
20	5.17480309722e+11
21	4.64724112766e+11
22	2.42502381772e+11
23	1.77478529166e+11
24	1.3426064347e+11
25	7.16558056399e+11
26	1.77216788171e+11
27	65458649377.8
28	90481069011.6
29	1.09580003907e+11
30	2.59193243242e+11
31	2.8329570386e+11
32	3.93863151427e+12
33	1.39526547269e+11
34	1.61831786091e+12
35	2.56517808116e+11
36	7.79568709688e+11
37	57124554501.3
38	89948801281.4
39	5.98678565131e+11
40	1.73427268761e+11
41	6.41182453997e+11
42	10797866493.4
43	9.866025037e+11
44	7.93304937198e+11
45	2.02054319488e+11
46	3.20362275938e+11
47	2.59764003587e+11
48	27367001753.2
49	49816097846.1
50	8.67333632982e+11
51	1.96454821687e+12
52	1.66175181468e+11
53	2.44813645654e+11
54	8.26016657796e+11
55	3.66045322281e+12
56	6.69562145928e+11
57	1.41559428416e+11
