0	1.14924147036e+11
1	5.20687820213e+11
2	1.46182535512e+11
3	3.48236987479e+11
4	94709496329.6
5	2.75141670556e+11
6	1.812598493e+11
7	1.26334881686e+11
8	3.95602686794e+11
9	3.80941796268e+11
10	39330361546.6
11	1.47690947885e+12
12	1.9729654917e+11
13	9.43972162146e+11
14	71581660945.1
15	3.95295401029e+11
16	3.91538001954e+11
17	3.33994094527e+11
18	1.90871259781e+11
19	4.46676127632e+11
20	58702826108.6
21	4.93939621376e+11
22	5.69401167648e+11
23	65076275406.4
24	3.42948032269e+11
25	1.22291617192e+11
26	82030194665.2
27	1.2691323135e+12
28	51598001806.8
29	4.22713884188e+11
30	1.25339058821e+11
31	1.86087871906e+11
32	4.17241527924e+11
33	3.13065023002e+11
34	1.29521361726e+11
35	1.35507712354e+11
36	8.79345152732e+11
37	1.25013693431e+12
38	3.3229492352e+11
39	2.280396537e+11
40	4.97372697093e+11
41	8.65177845794e+11
42	1.44750733158e+11
43	86607416167.7
44	43972912765.1
45	1.38623658787e+11
46	7.61824945399e+11
47	8.46543949268e+11
48	4.12800073414e+11
49	2.37248411741e+11
50	1.81910384099e+11
51	1.25972998345e+11
52	4.22574917888e+11
53	6.69948590804e+11
54	61345597230.0
55	5.96762509177e+11
56	1.03667742076e+11
57	91384677439.4
58	1.01720567313e+12
59	6.84683339283e+11
