0	1.27272883235e+12
1	6.10083016831e+12
2	1.02300766015e+12
3	4.32862551119e+11
4	1.08343206845e+12
5	8.68690543653e+11
6	2.80603962624e+11
7	2.37789743925e+12
8	9.83162030681e+11
9	2.8035797734e+12
10	1.54174483225e+12
11	2.05191046133e+11
12	2.42368838186e+12
13	3.15617826191e+12
14	3.84089430795e+12
15	2.1077619104e+11
16	8.72161047055e+11
17	1.44288189406e+12
18	1.12401426573e+12
19	4.26169072312e+11
20	2.58453317978e+12
21	5.69952685032e+11
22	6.06366110244e+12
23	3.6202952216e+11
24	2.58000021481e+12
25	4.45984939496e+12
26	8.23126704516e+11
27	1.26797668877e+12
28	4.31874544591e+11
29	3.21033698776e+12
30	9.11335035617e+12
31	9.32253187595e+11
32	1.41097592478e+12
33	1.00331836592e+12
34	3.84385150922e+12
35	1.08592286527e+12
36	1.03059944063e+12
37	4.94923456907e+11
38	7.42452922347e+11
39	8.97993369077e+11
40	1.76301967023e+12
41	9.31379307514e+11
42	2.79164574365e+12
43	2.04266394253e+12
44	2.19528844509e+12
45	9.43276214597e+11
46	1.58036270245e+12
47	1.29740694801e+12
48	5.03152928355e+12
49	1.76454742761e+12
50	4.87089858907e+11
51	6.11814843201e+12
52	1.39483396855e+11
53	7.42210110141e+11
54	9.79107388137e+11
55	1.49078678489e+12
56	4.15172782984e+11
57	1.40989559687e+12
58	1.05195492928e+12
59	3.03847407657e+12
60	4.61127940941e+12
61	6.19696100421e+11
62	5.74042711643e+11
63	1.8271285369e+12
64	1.28299824728e+12
65	3.55500752041e+11
66	4.63075717164e+11
67	1.09620376831e+12
68	2.02141449184e+12
69	5.41060501896e+11
70	5.98023344127e+11
71	6.22805023294e+11
72	7.55413625482e+11
73	8.45396281883e+12
74	1.69786698115e+12
75	1.72068548233e+12
76	5.93778061252e+11
77	5.00488817948e+11
78	1.0030006316e+12
79	2.27904362027e+11
80	7.23403692782e+12
81	6.81480762692e+12
82	2.20503695526e+12
83	3.02252209224e+12
84	2.91345350977e+12
85	1.89777609985e+12
86	8.49645581022e+11
87	6.81856778323e+11
88	1.21561797824e+12
89	6.00074671592e+11
90	1.09939653386e+12
91	77283124077.6
92	5.78231099882e+12
