0	1.0571696128e+12
1	1.32978166551e+12
2	1.37389885652e+13
3	1.76842253448e+12
4	1.34880000186e+12
5	2.72729736825e+12
6	3.13525499057e+12
7	1.00476336677e+12
8	1.63870193693e+12
9	4.98827033562e+12
10	6.62869256085e+11
11	1.66561856134e+12
12	1.59468233086e+12
13	6.81442244367e+11
14	6.77232645138e+11
15	1.00861412494e+12
16	1.01747042703e+12
17	1.7210780146e+12
18	1.25368025335e+12
19	3.41871102778e+11
20	67067069950.3
21	6.05877514695e+12
22	34602413281.8
23	1.38393279181e+12
24	3.03889731277e+11
25	2.48083147924e+12
26	8.21918086828e+11
27	1.88010247569e+12
28	4.20166513372e+11
29	1.07407521265e+12
30	6.48411142672e+11
31	1.14601400226e+12
32	2.91795857095e+12
33	9.44605249469e+11
34	3.25537811048e+12
35	6.50225586517e+11
36	1.3414466724e+12
37	2.36640929636e+12
38	1.37573680699e+12
39	1.23628675762e+12
40	91900505310.8
41	7.34792017531e+12
42	1.01932059881e+12
