0	1.9032594464e+12
1	2.95501512791e+12
2	2.82339737164e+12
3	1.2113124024e+12
4	6.58764316458e+12
5	4.8402821052e+12
6	4.36825146605e+12
7	3.21504467467e+13
8	1.07414713352e+12
9	3.81545029473e+12
10	4.07985167436e+12
11	1.60650492553e+12
12	3.24059347221e+12
13	1.73050059029e+12
14	1.25894635046e+12
15	1.08627637025e+12
16	6.08534790161e+11
17	2.7239720824e+12
18	2.54660097093e+12
19	5.44354080765e+11
20	1.68293418715e+12
21	9.53002995627e+12
22	4.0275898679e+12
23	5.84103260692e+12
24	6.38780825344e+12
25	1.5935726347e+12
26	9.47760103991e+12
27	1.70739863912e+12
28	7.41897261982e+11
29	1.95563149758e+12
30	7.66835927554e+11
31	1.09287227854e+12
32	2.29767059173e+12
33	3.37398881612e+12
34	4.98155391661e+12
35	2.93202717393e+12
36	5.19146608483e+12
37	6.57301645802e+12
38	3.45799287328e+12
39	4.80418874375e+12
40	1.31245225312e+12
41	4.88185086476e+12
42	3.55213131129e+12
43	1.59382437824e+12
44	5.8022579388e+12
45	3.08077921191e+12
46	8.64605454903e+11
47	5.47427551834e+12
48	4.81500132444e+13
49	1.47596590996e+12
50	7.07049164666e+11
51	2.66224513392e+12
52	1.29599176291e+12
53	6.44977057743e+11
54	8.45096629932e+12
55	2.56643890975e+12
56	3.15443226384e+12
57	2.38217914823e+12
58	1.65847896117e+12
59	8.9642029604e+12
60	2.09010873898e+12
61	6.26678827578e+12
62	4.32452296835e+12
63	4.09866076014e+12
64	2.51041374693e+12
65	3.19294157446e+12
66	4.83567465237e+12
67	5.94278023208e+12
68	5.11911039152e+12
69	1.26846193892e+12
70	6.87985653677e+11
71	1.00479412636e+12
72	4.02470425866e+12
73	1.94419316308e+13
74	2.65007069212e+12
75	1.74328450848e+12
76	3.94588202797e+12
77	1.57580996186e+13
78	1.14364333921e+13
79	2.57891307945e+12
80	6.85398498879e+12
81	1.13221142949e+13
82	1.1249195256e+12
83	5.84730070704e+12
84	1.1739237629e+12
85	1.03152432589e+13
86	1.05058794514e+12
87	6.77975417366e+11
88	1.70181363268e+11
89	1.95873409309e+13
90	2.01774584691e+12
91	6.72481202241e+12
92	6.42218507588e+12
93	1.72411026498e+12
94	1.73833032225e+12
95	3.00019360798e+12
96	3.96438811357e+12
97	1.23233922488e+13
98	3.96901861445e+12
99	1.44096937701e+13
100	2.36657298316e+11
101	1.96601521308e+12
102	2.74852829467e+12
103	9.18432202122e+11
104	3.19882291944e+11
105	8.65719144954e+11
106	5.21620711428e+11
107	1.64100559916e+12
108	3.32708099891e+12
109	3.35368849236e+12
110	4.81064118213e+12
111	1.05556301866e+12
112	6.62325589704e+12
113	9.43353650527e+11
114	2.13745678822e+12
115	3.04348780144e+12
116	4.89685465691e+12
117	3.50844187785e+11
118	1.58013833903e+12
119	5.26092840266e+12
120	2.55166371088e+12
121	1.37290323296e+12
122	2.75974878062e+12
123	1.25894628889e+12
124	3.03209870296e+12
125	4.44424829631e+12
126	4.93286523953e+12
127	2.27440472574e+12
128	8.98152499821e+12
129	3.51348548132e+12
130	1.72046795408e+12
131	5.02958583522e+12
132	2.83658414889e+13
133	2.559003785e+12
134	4.81760619045e+12
135	3.43596773394e+11
136	4.70010627214e+12
137	9.99519560722e+12
138	3.89895784631e+12
139	2.06484222013e+13
140	8.18681470668e+11
141	5.021648716e+12
142	1.10684539053e+12
143	1.02636315776e+12
144	2.61730975578e+12
145	8.28865946545e+12
146	2.68943585985e+12
147	1.0391046086e+13
148	6.78525943578e+11
149	9.46040411561e+11
150	1.49001324662e+13
151	2.54748679165e+13
152	2.16516025018e+12
153	3.35112849447e+12
154	6.77018060829e+12
155	1.62754564536e+12
156	1.85580539109e+12
157	5.02637724101e+11
158	1.27724479573e+12
159	2.93783762936e+12
160	3.49785404905e+11
161	2.97730478736e+12
162	2.40568399872e+12
163	1.40811544873e+12
164	7.03643236318e+11
165	2.12864017865e+12
166	3.15290655126e+11
167	7.42624649832e+12
168	5.32895911514e+12
169	2.51504063912e+12
170	3.67520825841e+11
171	1.19689556592e+12
172	2.08638533101e+13
173	1.76003162785e+12
174	5.65305231433e+12
175	7.94339492701e+11
176	2.06924475516e+12
177	4.25083513801e+12
178	2.27157044095e+12
179	2.74900878481e+12
180	1.8418917418e+12
181	1.87555372156e+13
182	6.22455422483e+12
183	8.14793062501e+11
184	1.18647377939e+12
185	1.16247148827e+12
186	1.36394850366e+12
187	1.10833660216e+12
188	5.39578962615e+11
189	3.63332552102e+12
190	1.90722328485e+12
