0	4.55447580404e+11
1	3.91393474318e+11
2	1.78184327093e+11
3	2.46641012761e+11
4	1.76931452072e+11
5	1.5050651509e+11
6	6.36053628487e+11
7	5.60967141672e+11
8	2.79157069063e+11
9	2.39724207912e+11
10	3.90736575447e+11
11	2.14052813948e+11
12	6.1481709774e+11
13	2.2320779836e+11
14	1.68724137128e+12
15	1.99736074472e+12
16	5.54655716815e+12
17	5.63679664763e+11
18	1.09132144356e+11
19	6.68652083584e+11
20	1.09524609354e+11
21	7.83495717696e+11
22	1.75767795564e+11
23	3.24375348532e+11
24	1.40025135675e+11
25	6.54436140896e+11
26	8.47931348524e+11
27	1.74320201044e+12
28	82409499775.3
29	2.31122847514e+12
30	2.84925067558e+11
31	2.90541574162e+11
32	5.12228534337e+11
33	1.94526091695e+11
34	7.98186618698e+11
35	1.24634392054e+12
36	7.99712732632e+11
37	1.06922395036e+12
38	6.61306572015e+11
39	1.0605617869e+12
40	3.30581156877e+12
41	1.08846418391e+12
42	4.50499454793e+11
43	8.39182586247e+11
