0	8.17530728756e+11
1	2.86116113134e+11
2	3.25709349637e+12
3	1.82917740872e+12
4	2.26000557396e+12
5	1.09091174088e+12
6	2.3927880848e+12
7	1.5921273391e+12
8	2.11678955344e+11
9	4.8548544994e+11
10	1.00684570005e+12
11	1.3004813199e+12
12	1.11394398541e+13
13	3.03702508615e+11
14	2.6634117094e+12
15	7.3281308323e+11
16	6.72915762054e+11
17	1.97548984188e+12
18	3.80516230623e+12
19	8.00013945519e+12
20	3.15260051851e+12
21	9.96545395063e+11
22	2.16168199998e+12
23	1.76761683783e+11
24	2.49580155787e+11
25	4.2238039765e+12
26	2.07879634771e+12
27	4.32381047463e+12
28	1.02476346921e+12
29	2.64322391944e+11
30	6.50261235222e+11
31	5.61576422844e+12
32	1.01153928102e+12
33	8.08874963331e+11
34	2.62964405483e+11
35	5.95010729336e+11
36	2.74022069621e+12
37	3.19204932478e+11
38	1.02165102813e+12
