0	2.67541398237e+12
1	1.15157755276e+12
2	1.06344875025e+12
3	6.60530559853e+12
4	5.70307149614e+12
5	3.21693106452e+12
6	1.42697464585e+12
7	1.40979836777e+13
8	3.49341355377e+12
9	5.94533125632e+12
10	2.92808580465e+13
11	1.46852012162e+13
12	2.12160258978e+13
13	1.24828533981e+13
14	1.87906242195e+13
15	2.16462616477e+13
16	8.19440669985e+12
17	3.05505220598e+12
18	2.72012394146e+13
19	4.69915743966e+13
20	2.45497147728e+13
21	2.03092302218e+12
22	7.65510985298e+13
23	4.52131760646e+12
24	6.37369732356e+12
25	2.77252073716e+13
26	1.0079435956e+13
27	2.45751908566e+12
28	2.78810726188e+12
29	4.02706475759e+13
30	1.35067930513e+13
31	7.34377839825e+12
32	3.62217021245e+13
33	2.38514792028e+12
34	8.876814957e+12
35	3.97017312578e+12
36	9.28213501326e+12
37	2.75322402768e+12
38	4.17032809736e+13
39	9.72551021594e+12
40	2.97470916812e+12
41	1.93151421192e+13
42	2.7490525148e+12
43	2.84225702648e+13
44	2.39106768062e+13
45	9.33738400012e+12
46	1.41974821872e+13
47	1.56488754434e+13
48	5.15302925608e+12
49	1.08240232082e+13
50	3.21941056307e+11
51	1.38815840542e+13
52	9.57559988653e+12
53	7.7155018832e+13
54	2.55220186511e+13
55	1.07863134869e+12
56	5.37939156208e+12
57	1.1434032134e+13
58	2.23061198359e+13
59	7.8632453447e+12
60	1.04839097385e+13
61	7.00621198329e+11
62	2.60853715756e+12
63	1.77724179901e+13
64	3.15907065086e+12
65	1.18309024278e+13
66	6.50210084681e+12
67	6.96829676848e+12
68	5.28966370713e+13
69	1.25735764612e+12
70	2.47019336195e+13
71	2.81407575498e+13
72	9.10026062002e+12
73	2.12976976512e+13
74	8.48433234889e+12
75	5.27231076245e+12
76	1.88111890738e+13
77	4.99886110065e+12
78	2.38133577414e+12
79	3.83038423512e+12
80	3.74027002706e+12
81	1.37144973434e+13
82	1.45110749706e+13
83	8.85770099174e+12
84	4.39654415582e+12
85	1.3724975268e+12
86	9.65120503e+12
87	6.73127434553e+12
88	1.00481069021e+13
89	1.26795138424e+13
90	5.34637163116e+12
91	8.38991464256e+12
92	7.79413025808e+12
93	8.826907312e+12
94	2.61200053004e+12
95	4.84576427158e+12
96	1.92259263199e+12
97	2.54731994687e+13
98	1.52220877872e+13
99	8.67234776975e+12
100	1.52215199034e+13
101	4.15157532218e+12
102	4.26010349989e+13
103	2.62150167112e+12
104	2.6763306598e+12
105	3.79186106086e+13
106	1.29934739123e+12
107	2.05705931216e+12
108	1.15494364805e+13
109	9.56499592527e+12
110	2.75785614973e+12
111	4.63302710362e+13
112	2.49835558403e+12
113	2.73934658143e+12
114	3.38861614964e+12
115	7.30368977821e+12
116	5.73078978985e+12
117	8.92610057026e+12
118	7.68528118125e+12
119	2.35900178957e+12
120	1.38128152247e+13
121	1.0506030582e+13
122	3.21667777325e+12
123	6.74778981976e+11
124	2.38548756231e+13
125	6.18800076822e+12
126	1.10909813951e+13
127	5.67956966142e+11
128	1.07663412918e+13
129	3.54576529482e+13
130	3.81798766769e+12
131	2.80804030645e+13
132	6.44367259134e+12
133	3.55163237275e+12
134	3.07699919901e+12
135	9.12564990318e+12
136	6.48297491965e+12
137	7.28964681659e+12
138	3.19781921088e+12
139	1.67029384833e+12
140	3.05007399634e+13
141	3.76815675864e+12
142	1.27703356e+13
143	1.09696963372e+13
144	3.95294626984e+12
145	1.0302980273e+13
146	5.94439001453e+12
147	1.2115314842e+12
148	2.92895259957e+13
149	2.96965168766e+12
150	5.85448398478e+12
151	4.67790150939e+12
152	1.92141396941e+12
153	1.10421068003e+13
154	1.16435454775e+13
155	8.55722630608e+12
156	1.62825337999e+13
157	2.00915831327e+13
158	2.15711552918e+13
159	1.45186503976e+12
160	8.11180109634e+11
161	8.19687293581e+11
162	3.004889321e+12
163	1.96170990646e+13
164	2.99853201512e+13
165	2.73646983331e+12
166	3.39508697967e+12
167	6.28229846266e+12
168	9.34463437364e+12
169	1.3211170797e+13
170	4.01722677237e+12
171	2.61417889913e+13
172	3.7697398673e+12
173	2.25835596044e+13
174	5.18806695827e+12
175	1.22611490584e+13
176	8.04077180487e+11
177	6.70714758037e+12
178	2.97551886492e+13
179	1.42373823093e+12
180	4.31047546559e+13
181	2.38893948637e+13
182	1.43697113315e+13
183	2.51726609181e+12
184	8.14978545039e+12
185	4.4641939993e+12
186	8.62353163987e+12
187	2.22826757801e+13
188	2.4415268956e+13
189	3.15109518183e+12
190	1.09118842466e+13
191	4.97142583409e+12
192	4.90066197249e+12
193	1.88343721355e+13
194	3.44832912876e+12
195	2.40885116843e+12
196	1.14481744004e+13
197	2.70162717706e+13
198	5.73582138547e+13
199	4.79307453172e+13
200	1.81907323575e+12
201	2.93289231545e+12
202	6.02078590747e+12
203	1.08099954355e+13
204	5.23438611562e+12
205	1.91320995679e+13
206	1.32993315507e+13
207	6.62534264311e+12
208	1.69791362763e+13
209	5.96179799235e+11
210	6.85457547086e+12
211	1.23745728204e+12
212	8.39098097528e+12
213	8.51683222763e+11
214	4.77402431055e+12
215	3.82809622983e+12
216	2.34482116694e+12
217	4.65054970634e+12
218	3.86919056272e+12
219	4.89945404407e+13
220	5.32750938192e+12
221	1.24701177739e+12
222	3.11959723932e+12
223	1.06381071516e+14
224	5.97590207314e+13
225	9.02015656892e+12
226	1.35368925927e+13
227	1.77555513852e+13
228	1.10113079741e+12
229	1.10553467418e+13
230	2.51213207116e+13
231	3.84105461345e+12
232	6.10817919537e+12
233	4.4896348479e+12
234	1.98628242117e+12
235	1.41364989126e+12
236	1.27014424044e+14
237	5.78091307383e+12
238	4.25176884033e+12
239	8.83506998989e+11
240	3.88897278662e+13
241	5.56750783229e+12
242	8.30281239364e+12
243	8.00729671491e+13
244	2.34584854455e+12
245	1.1276062054e+12
246	1.0223741167e+12
247	6.73081547719e+12
248	6.09091098631e+12
249	9.36148176481e+12
250	2.41975561243e+13
251	1.55758670399e+13
252	1.52921167778e+13
253	8.33370770655e+12
254	8.03347745739e+12
255	3.14964620007e+12
256	1.11421297185e+12
257	5.61464576131e+12
258	1.36793256952e+13
259	1.94162459061e+12
260	1.43244855505e+13
261	4.47231733523e+12
262	1.8144624601e+12
263	3.27785056917e+12
264	2.56900796801e+12
265	1.7826221639e+13
266	3.21283555713e+12
267	2.55008397936e+13
268	5.29862460791e+12
269	1.37664290834e+13
270	1.25217090753e+14
271	3.42048169315e+12
272	5.97529877771e+12
273	2.4445453167e+12
274	4.44959337113e+12
275	2.72081997394e+12
276	2.08888412438e+12
277	5.24698001113e+12
278	4.50527680946e+13
279	5.50982717241e+12
280	1.50572163858e+13
281	9.05573095043e+12
282	4.02060659491e+12
283	4.8234409989e+12
284	3.00703464761e+12
285	2.34440984701e+13
286	6.81117697482e+12
287	1.26800885622e+13
288	1.41469861231e+13
289	2.25670441912e+12
290	2.85317174429e+12
291	3.62182634177e+13
292	1.12959402055e+13
293	3.24718911417e+12
294	8.33411062332e+12
295	1.71472166922e+13
296	2.51424869371e+13
297	2.81826463437e+12
298	1.6718575761e+13
299	2.91036748562e+13
300	1.50753603402e+12
301	3.89158386944e+12
302	8.07690688609e+12
303	1.49831651094e+13
304	1.1847674096e+13
305	3.04520959339e+12
306	6.58513849151e+12
307	4.20745805278e+11
308	5.11388265584e+12
309	2.10248369209e+12
310	1.76203219227e+13
311	1.70944708078e+12
312	4.44734896423e+12
