0	2.34394692499e+11
1	3.88250480001e+11
2	1.70200510343e+11
3	1.53363649031e+11
4	5.92555441315e+11
5	4.04970233723e+11
6	1.33738648847e+11
7	1.14790577073e+11
8	76584297727.9
9	4.52357355906e+11
10	2.13902110255e+11
11	3.18973015005e+11
12	12631988807.3
13	2.70688400295e+11
14	62221091982.1
15	1.64372746659e+11
16	86501197722.3
17	2.62177193544e+11
18	7.93170514422e+11
19	1.17774234707e+11
20	2.44481141439e+11
21	7.48416102716e+11
22	5.2334245727e+11
23	95308522964.3
24	2.51426333417e+11
25	1.20235533154e+11
