0	4.88939319694e+11
1	2.27736014196e+12
2	53606799440.7
3	7.41167144558e+11
4	1.9729819111e+11
5	6.2959122527e+11
6	2.94324679882e+12
7	2.99912876705e+11
8	6.24381470815e+11
9	2.50705497755e+11
10	8.23557812947e+11
11	1.28788256073e+12
12	2.85175204479e+12
13	2.18983370871e+11
14	3.7239735118e+12
15	5.53527662932e+11
16	2.30808143378e+12
17	1.50586356379e+11
18	1.88759343909e+11
19	1.65082520316e+11
20	2.59124743964e+11
21	86776175119.2
22	9.82046635503e+11
23	8.6401508483e+11
24	1.95862065196e+12
25	2.26792332527e+11
26	1.32867300992e+12
27	5.02171589248e+11
28	2.32705310721e+12
29	1.02717620961e+12
30	1.62697278599e+12
31	1.42526023868e+12
32	1.16723398832e+11
33	1.82792453235e+12
34	8.37430615876e+11
35	4.51451328573e+11
36	1.3396266639e+12
37	2.20541331901e+12
38	2.23633578118e+12
39	3.74261413503e+11
40	2.83081718141e+11
41	2.70356528485e+11
42	9.60558375891e+11
43	2.2006978724e+12
44	2.12598491499e+12
45	5.09486140944e+11
46	8.74298502702e+11
47	1.24949459789e+13
48	8.49473571952e+11
49	2.59678773507e+11
50	2.22764931508e+11
51	2.67069010836e+12
52	1.9175377903e+12
53	9.15562521029e+11
54	1.29605545793e+12
55	2.223326977e+11
56	1.1305334255e+12
57	2.57998653812e+12
58	8.89657833154e+11
59	2.26007580449e+11
60	2.2474294079e+11
61	1.88335059512e+11
62	2.22789767275e+11
63	1.55705655218e+12
64	2.33838447261e+12
65	2.04142361604e+11
66	7.49486915545e+11
67	1.4292635962e+12
68	1.93299593422e+12
69	9.98367192405e+11
70	3.8533869173e+11
71	4.52264704803e+12
72	6.20724785655e+11
73	4.30518154799e+12
74	3.74255221509e+11
75	3.1884819846e+12
76	3.25712294956e+11
77	4.91543423536e+11
78	5.61844445994e+11
79	1.76583383372e+12
80	5.04367696729e+11
81	5.12834724127e+11
82	5.7403287846e+11
83	1.82200717875e+12
84	3.65146665037e+11
85	2.52932184004e+11
86	7.37912294733e+11
87	1.39655417024e+11
88	5.93549240641e+11
89	1.71928882407e+12
90	1.5581161412e+12
91	3.71827405654e+11
92	1.12079284856e+11
93	5.98019719658e+11
94	2.91952458955e+12
95	2.89083784671e+12
96	39534827248.1
97	9.57382560672e+11
98	21480843349.0
99	1.08106614468e+12
100	2.03949674934e+12
101	9.08642471566e+11
102	1.87058584368e+11
103	1.79072113546e+12
104	5.52437138672e+11
105	2.09343930903e+11
106	3.50378798411e+11
107	9.50506591181e+11
108	1.06320611915e+12
109	1.45605669555e+12
110	1.46445361934e+12
111	2.49264952048e+11
112	1.32665684641e+12
113	1.5591758764e+11
114	2.65648949971e+12
115	3.2360057699e+11
116	1.53147455233e+12
117	99513043094.2
118	6.08380930514e+11
119	2.21241669812e+11
120	3.83034073602e+11
121	2.71538452235e+12
122	1.42524316383e+11
123	8.09851208666e+11
124	8.77003344947e+11
125	67718711759.3
126	5.8258755437e+11
127	5.76635118511e+11
128	5.08175665454e+11
129	39366981786.0
130	3.48437713619e+11
131	4.99584150235e+11
132	1.92948056963e+12
133	3.45536422733e+12
134	2.14162625705e+12
135	3.46326116737e+12
136	5.55978964925e+11
137	2.25158434019e+11
138	4.71864066359e+11
139	1.88500297914e+11
140	9.11420875949e+11
141	4.38013482236e+11
142	2.1959337063e+11
143	1.49916236757e+12
144	2.3906542028e+11
145	2.11939989953e+12
146	5.02213809857e+11
147	6.473350546e+11
148	5.85490477556e+12
149	2.41183071702e+12
150	3.19113662204e+12
151	2.99267723384e+12
152	9.58792458824e+11
153	5.16720757205e+11
154	1.44263895616e+12
155	3.32826452976e+11
156	5.29863661277e+11
157	1.09419000032e+11
158	2.44362100005e+12
159	1.56272801554e+11
160	2.02677171424e+12
161	1.5570497654e+12
162	4.18509381461e+12
163	3.00261867551e+11
164	1.35708704923e+12
165	1.57320511584e+12
166	2.61822277376e+11
167	2.20318984796e+12
168	1.00107894228e+13
169	5.91259115443e+11
170	2.38829839592e+12
171	4.71043773496e+11
172	7.30510817846e+11
173	4.57306236125e+11
174	1.554738609e+12
175	4.01677295261e+11
176	5.37120514138e+11
177	6.01338132235e+11
178	1.34385489092e+12
179	9.42200358299e+11
180	5.54162493329e+12
181	4.61162895428e+12
182	6.0358364597e+11
183	5.831653434e+11
184	4.21500070953e+12
185	7.85870527749e+11
186	4.15240412588e+11
187	1.25509730321e+11
188	9.49627566765e+11
189	3.20296731523e+11
190	7.35966324454e+11
191	4.04749754502e+11
192	5.93643134637e+12
193	1.30007103062e+12
194	8.15173674696e+11
195	1.61431621033e+11
196	2.16513685695e+11
197	1.35911541555e+11
198	1.42304315951e+12
199	5.50059420112e+11
200	8.79276597028e+11
201	2.12222408691e+12
202	2.42608001155e+12
203	1.54431900264e+12
204	2.15876426067e+12
