0	1.23485988572e+12
1	6.42233401538e+11
2	5.22820089782e+12
3	2.73346499598e+12
4	1.91470337857e+11
5	9.98289048557e+11
6	5.9691523921e+11
7	4.62945615291e+12
8	3.90079165906e+12
9	6.99409785245e+11
10	2.35993145528e+11
11	7.72287205556e+11
12	1.24268056037e+12
13	8.28961069696e+11
14	4.11355287807e+11
15	3.23766891955e+11
16	3.09228521909e+12
17	6.49851620015e+11
18	8.89282781562e+11
19	1.58815590652e+12
20	4.48746496141e+12
21	9.06263662327e+12
22	3.0149210709e+12
23	5.2253911697e+12
24	5.33356901325e+11
25	1.80049062559e+11
26	1.48979303108e+11
27	8.32770583575e+11
28	2.269043391e+11
29	8.18417026216e+11
30	1.06456152176e+12
31	72397903771.4
32	1.10255907366e+12
33	4.38724909347e+11
34	4.22201512413e+12
35	9.81341858024e+11
36	1.98701060194e+12
37	7.61263358019e+11
38	5.46797492598e+11
39	6.96674483948e+11
40	6.59671821466e+11
41	6.42589788276e+11
42	6.61004913898e+11
43	7.64471993614e+11
44	9.33002250557e+11
45	3.72213809661e+11
46	3.6818334307e+12
47	1.38893687714e+11
48	9.96807965314e+11
49	2.91639178745e+11
50	8.05921210198e+11
51	1.31825091762e+11
52	50438502343.3
53	2.64246381631e+12
54	1.19681248783e+12
55	8.28650749591e+11
56	3.26825786814e+12
57	1.64428270456e+11
58	5.97641342441e+11
59	5.70771029595e+12
60	2.38711566303e+11
