0	9.35897362389e+11
1	9.71332907387e+11
2	1.07664959389e+12
3	1.25371599351e+12
4	1.26608171333e+13
5	1.42428207497e+12
6	2.06029502005e+12
7	2.30391146483e+12
8	1.52208321415e+13
9	1.28828675388e+12
10	7.06528092823e+11
11	2.01554864661e+12
12	1.6833033376e+12
13	4.96523182634e+11
14	2.80274440003e+12
15	4.9250885931e+12
16	1.76259088806e+11
17	9.65161676396e+11
18	1.06643302195e+13
19	1.96435640896e+12
20	2.18960783994e+11
21	6.46549970321e+11
22	1.45035916583e+12
23	2.12237827432e+12
24	4.39208329761e+12
25	2.61085069877e+12
26	9.40076765029e+11
27	1.80434715643e+12
28	8.53182478645e+12
29	1.65749801611e+11
30	1.56755114531e+12
31	1.31885297647e+12
32	3.27767191236e+11
33	3.51507411689e+12
34	1.12445755174e+12
35	2.97402779604e+12
36	1.1019264625e+13
37	4.16050314711e+11
38	5.23281072303e+12
39	6.19256860062e+12
40	2.3430550576e+11
41	1.35536520257e+12
42	6.69171093926e+12
43	1.04052342968e+12
