0	2.67519561413e+11
1	9.27433899608e+11
2	7.94349591547e+11
3	2.36014614296e+12
4	4.93621681253e+11
5	1.09005280041e+12
6	6.20143976444e+11
7	2.29391757966e+11
8	5.80369092362e+11
9	3.69071761916e+11
10	6.72591330786e+11
11	2.99596767567e+12
12	3.2871245492e+11
13	1.93834959087e+12
14	2.86772494518e+11
15	6.14737109609e+12
16	1.46182378298e+12
17	1.80511339355e+12
18	1.5392655562e+11
19	1.77530962418e+12
20	5.0910921044e+11
21	7.27494368928e+11
22	5.16685391381e+11
23	4.13254335999e+12
24	5.08838859273e+11
25	6.8295400288e+11
26	2.74006805812e+11
27	8.62589796072e+11
28	1.64345997277e+12
29	1.36723915328e+12
30	1.16836944295e+12
31	1.12548595791e+12
32	79790446672.3
33	2.18059027743e+11
34	1.25035634076e+12
35	3.76517932995e+11
36	1.37672525648e+11
37	1.85326055792e+11
38	1.26151032135e+11
39	7.37165758667e+11
40	2.11941417504e+12
41	1.4989276951e+12
42	4.99102444718e+12
43	3.10473021859e+11
44	1.71398019759e+12
45	1.27240748847e+12
