0	2.62182763642e+11
1	6.58154826702e+11
2	48509591964.9
3	2.12949020168e+11
4	1.70970167752e+11
5	1.0062662271e+11
6	98487886807.6
7	2.77166287043e+11
8	3.30222529642e+11
9	1.04288035506e+11
10	3.28635200779e+11
11	1.1051784975e+11
12	82680593920.1
13	2.0196407464e+11
14	70202936856.4
15	99858276806.1
16	35413703507.3
17	1.24343498865e+12
18	2.84339490982e+11
19	79915192146.2
20	3.44449389809e+11
21	1.05563035968e+11
22	65512302533.7
23	2.86921492772e+11
24	1.71532178327e+11
25	51967871423.2
26	1.88418516412e+11
27	1.25919449711e+11
28	2.22669813928e+11
29	2.28890234007e+11
30	2.52214893668e+11
31	26882353768.5
32	1.1903535812e+11
33	1.63030249641e+11
34	3.67213944089e+11
35	54729484591.3
36	94963327450.1
37	1.14330881905e+11
38	88887640303.8
39	84300248914.6
