0	4.96447274656e+11
1	4.1657897454e+11
2	1.23150794413e+11
3	2.58775929421e+11
4	6.05266356063e+11
5	7.93996952381e+11
6	4.13778532828e+11
7	5.42628677216e+11
8	4.79511515632e+11
9	2.04364512592e+11
10	1.10648588373e+12
11	1.65151072252e+11
12	3.75263760152e+12
13	7.31044256239e+11
14	63824508464.4
15	3.77922108241e+11
16	6.39603403171e+11
17	1.94373829935e+12
18	3.28385465401e+11
19	1.33174880038e+11
20	75769205030.8
21	9.1964997332e+11
22	8.74049194754e+11
23	3.8295624122e+11
24	2.35533315731e+12
25	1.58890546664e+12
26	3.02227192414e+11
27	96212033758.3
28	9.88007848576e+11
29	1.69049609785e+11
30	2.18003212364e+11
31	3.85028552535e+11
32	74373480248.9
33	3.69186274938e+12
34	1.2676543049e+12
35	56657460669.5
36	1.3739822389e+11
37	68353709655.5
38	6.0725864274e+11
39	4.99469099975e+11
40	2.82134680721e+11
41	6.03275690617e+12
42	5.82039941336e+11
43	2.63683566542e+11
44	39801744771.7
45	4.93855437547e+11
46	1.17681752842e+11
47	1.20860423437e+12
48	5.98529568957e+11
49	1.89211209933e+12
50	62057365718.7
51	5.69161259781e+11
52	7.01804230016e+11
53	2.94168953393e+11
54	5.453372996e+11
55	2.30028582583e+11
56	54875086626.3
57	6.45744570412e+11
58	1.15894342816e+11
59	5.15948614358e+12
60	1.26067300194e+12
61	2.30541762699e+12
62	3.92505549909e+11
63	3.39413277497e+11
64	2.43117317788e+12
65	2.51055387413e+11
66	3.70371243058e+11
67	2.60665810258e+12
68	2.81396459687e+11
