0	9.05267740825e+11
1	3.83914796258e+11
2	1.06833137247e+12
3	6.51951396208e+11
4	3.21562629355e+11
5	2.6459499549e+11
6	7.2754433409e+11
7	1.97400591407e+11
8	1.70247306061e+12
9	1.22868432716e+12
10	2.70515426489e+11
11	1.81321763711e+12
12	3.36587296343e+11
13	1.14420286217e+12
14	1.16444035047e+12
15	7.85524609323e+11
16	1.50702635395e+12
17	5.60843977548e+12
18	2.12887265983e+11
19	2.60602288793e+11
20	2.56783197953e+11
21	1.97474080468e+12
22	3.13719396765e+11
23	5.04615507673e+11
24	8.93742549353e+11
