0	2.79969061797e+11
1	5.878094991e+11
2	1.96090318349e+11
3	2.67398246319e+11
4	4.77265440138e+11
5	2.47132358514e+12
6	8.89114303817e+11
7	1.22430047587e+12
8	8.19971966108e+11
9	6.34193686588e+11
10	1.81176501345e+11
11	2.74500508075e+11
12	3.52544840401e+11
13	1.03204754634e+12
14	1.33641990158e+12
15	1.06893075551e+12
16	1.77059116721e+12
17	1.11475801595e+12
18	3.56942705194e+11
19	4.30943964725e+11
20	1.44975000438e+11
21	70971608798.9
22	1.34109724196e+12
23	1.51930715504e+12
24	3.74897310973e+11
25	5.34402308073e+11
26	1.35769038354e+12
27	3.95448358166e+11
