0	1.2349745922e+12
1	3.64195004818e+12
2	9.56944789177e+11
3	8.59214378663e+11
4	2.78790763522e+11
5	3.80637598418e+12
6	1.80990040448e+13
7	5.25755669705e+12
8	8.8674104777e+11
9	1.050487534e+12
10	2.35301186757e+12
11	1.6273770458e+12
12	4.71655589716e+12
13	2.52093835697e+11
14	1.79474466985e+13
15	4.58954905986e+12
16	2.68807499738e+12
17	5.49636319001e+12
18	8.20845609074e+11
19	1.90893510931e+12
20	1.42892132238e+13
21	1.18892542335e+13
22	2.51214244586e+12
23	1.42583514513e+13
24	1.67191415411e+12
25	1.32068148643e+12
26	3.30693135706e+12
27	2.82277982056e+12
28	2.06470657278e+12
29	1.4296687599e+12
30	7.34081081349e+12
