0	5.29319343563e+11
1	6.34008971545e+11
2	1.48011008495e+11
3	1.22827268107e+11
4	1.99299701515e+11
5	2.94636792425e+11
6	21623638890.1
7	1.22646721374e+11
8	1.23046080633e+12
9	1.21488341885e+12
10	2.25935664949e+11
11	74918217419.0
12	7.60312922148e+11
13	2.93283829055e+11
14	1.59477969123e+11
15	5.03092962466e+12
16	67351173050.2
17	2.49927236801e+11
18	5.09382529416e+11
19	1.87982248126e+11
20	32802907807.3
21	1.47211823972e+11
22	3.0952614322e+11
23	7.4042498578e+11
24	83903480837.4
25	52403083268.0
26	3.90875594987e+11
27	4.93513495297e+11
28	1.02306066583e+11
29	9.60606530887e+11
30	2.49364121702e+11
31	6.54642069294e+11
32	2.18156199494e+11
33	51388764661.3
34	1.95970161432e+11
35	6.13568147685e+11
36	3.61021108566e+11
37	3.46181334262e+11
38	77720306631.6
39	3.08925410721e+11
40	2.20004749632e+11
41	2.28338274328e+11
42	2.28651769435e+11
43	2.06043880026e+11
44	6.03214011628e+11
45	3.05686120017e+11
46	2.6050332446e+11
47	1.89961491897e+11
48	7.26381429301e+11
49	2.95501678176e+11
50	1.02944495912e+11
51	1.36157063607e+11
52	1.83187888021e+11
