0	4.03336936426e+11
1	9.47116344286e+11
2	1.06766290956e+12
3	1.78642120313e+11
4	3.10652244921e+12
5	8.32561680867e+11
6	9.13903251663e+11
7	1.89233231731e+12
8	7.46780003441e+11
9	3.72893090357e+11
10	1.90031872334e+12
11	3.6530233155e+12
12	4.56565874913e+11
13	3.28350920813e+11
14	5.66474477473e+11
15	4.9464369662e+12
16	1.29535869203e+12
17	1.23065895604e+12
18	7.28466119889e+11
19	7.18816029154e+11
20	1.77198034728e+12
21	4.32213931066e+12
22	2.68652893579e+12
23	1.31358372895e+12
24	5.5533378522e+11
25	5.99455252009e+12
26	93544039684.6
27	2.09075672891e+12
28	6.56819228159e+11
29	7.52389061464e+11
30	1.24671958435e+12
31	1.01660852535e+12
32	2.33875182983e+11
33	3.49649105458e+12
34	1.15285204992e+12
35	6.12176477757e+11
36	1.74518872834e+11
37	2.69094806365e+12
38	1.76748247435e+11
39	5.12326159333e+11
40	3.26398284318e+12
41	1.70525361305e+12
42	2.6122652169e+11
43	4.2702458354e+11
44	4.21272704822e+12
45	3.57634063425e+11
46	1.38576861047e+12
47	1.91222712298e+12
48	51372610790.1
49	1.68659556836e+12
50	1.07917777058e+12
51	1.67500919577e+11
52	5.48056351583e+12
53	1.44350617258e+12
54	1.20902726557e+12
55	1.00345469236e+11
56	2.97487740031e+11
57	2.15578358033e+12
58	5.01499708754e+11
59	3.97426864579e+12
60	1.44450846401e+11
61	3.36084951793e+11
62	7.72364565756e+11
63	1.0879983347e+12
64	1.03641733878e+12
65	1.30034149771e+12
66	2.24912813229e+12
67	1.38416135711e+12
68	6.41553932679e+11
69	1.33900279803e+12
70	2.05873798939e+11
71	6.08193354606e+12
72	2.29126107047e+12
73	4.06692962377e+11
74	2.86178102897e+12
75	2.86954865815e+11
76	2.82044514374e+12
77	2.83497137004e+12
78	1.47924811907e+12
79	8.37399588407e+11
80	5.97173170488e+12
81	1.33022561048e+12
