0	1.65474430064e+12
1	1.3394174354e+12
2	1.01009634573e+12
3	1.51945786936e+11
4	1.37308347421e+11
5	1.61186396233e+11
6	4.38361203539e+11
7	1.71502714126e+12
8	8.62135611026e+11
9	2.44730800581e+11
10	2.22572291631e+11
11	1.012365736e+11
12	1.97737720398e+12
13	2.94121925841e+11
14	2.05167349001e+11
15	1.67929566753e+12
16	1.48763560688e+11
17	1.77756829935e+11
18	2.0724127358e+11
19	1.42710300687e+11
20	1.04972844966e+12
21	6.33293560513e+11
22	1.37472019868e+12
23	3.76205404922e+11
24	1.42756413936e+11
25	6.88456631786e+11
26	6.9624139516e+11
