0	6.62189176178e+12
1	5.90943773206e+11
2	1.05676454007e+12
3	6.34112567691e+11
4	3.04137493781e+11
5	5.26169669891e+11
6	1.55781483198e+12
7	1.25669416907e+12
8	1.1541812404e+12
9	1.63151351948e+12
10	2.67692999855e+12
11	4.85421256504e+11
12	1.65599554873e+12
13	1.30325393159e+11
14	6.67081464735e+11
15	1.64421156519e+11
16	1.05624124686e+12
17	1.09486734325e+12
18	7.40646287398e+11
19	8.33330840173e+11
20	1.32028921577e+12
21	2.55630452057e+12
22	2.17585764052e+11
23	1.36557170768e+12
24	4.84304222452e+11
25	9.20714694035e+11
26	1.19596269782e+12
27	2.29481169742e+11
28	1.42047546959e+12
29	1.08237905836e+12
30	4.43078028901e+11
31	6.66514571631e+11
32	4.4590255322e+12
33	1.19377295965e+12
34	3.37025072837e+11
35	1.82357500433e+12
36	1.87946892819e+11
37	4.19262229036e+11
38	2.17373443254e+12
39	8.75771060718e+11
