0	9.47599659812e+11
1	19135489053.3
2	1.42172708429e+12
3	1.15948431914e+12
4	2.50372143488e+11
5	2.29976610664e+11
6	2.13225750075e+11
7	72939247031.0
8	1.48026424721e+11
9	72695911752.5
10	3.02432609677e+11
11	5.73445688792e+11
12	1.16493238141e+12
13	1.36713388083e+12
14	2.20159946113e+11
15	6.54493124369e+11
16	2.37381821537e+11
17	1.50788727421e+11
18	2.15237894493e+11
19	2.52149846709e+11
20	1.2556372044e+11
21	1.67378151288e+12
22	53860639887.0
23	2.21440052876e+11
24	2.2416378856e+11
25	7.59872964169e+11
26	5.77462105077e+11
27	5.83045110122e+11
28	8.83728663625e+11
29	4.19341178986e+11
30	2.52648245141e+12
31	3.29937284629e+11
