0	3.66211508717e+11
1	2.28528791631e+11
2	1.56430108194e+11
3	1.02122439238e+11
4	1.10893799285e+12
5	2.33318435245e+11
6	2.32948176355e+11
7	3.20264620894e+11
8	2.0002880771e+11
9	1.52884272136e+11
10	4.49009621888e+11
11	1.53661663582e+11
12	4.94084034221e+11
13	5.08775034668e+11
14	4.66356420126e+11
15	3.42691732916e+11
16	2.67305096757e+12
17	5.09901169191e+11
18	1.88724991835e+11
19	3.15896002625e+11
20	56611635435.2
21	6.44540711716e+11
22	5.26689304156e+11
23	2.37493161013e+11
24	2.75289376639e+11
25	1.13050083788e+12
26	9.89892155614e+11
27	4.50721592757e+11
28	2.93585403988e+11
29	8.22853696127e+11
30	1.49054609472e+12
31	1.43669100841e+11
32	3.41984153326e+11
33	1.57603813879e+12
