0	4.74534066921e+11
1	3.33256147921e+11
2	2.82531415437e+11
3	5.98314898291e+11
4	4.47863183862e+11
5	1.91587632558e+11
6	1.04247384037e+12
7	1.86533285078e+12
8	5.26599086836e+11
9	2.04204773618e+11
10	6.27662681227e+11
11	98630658388.2
12	1.82366201881e+11
13	1.41531368746e+12
14	2.19395451797e+11
15	1.86835481379e+11
16	6.01415489629e+11
17	5.0782193132e+11
18	1.87271827888e+12
19	1.69150717796e+12
20	9.7721608156e+11
21	1.30919540602e+11
22	5.3291091869e+11
23	2.82172729665e+11
24	1.3607628742e+12
25	5.10662621566e+11
26	4.42437041767e+11
27	2.7338897734e+11
28	1.26326930591e+11
29	3.27917798206e+11
30	2.9873909888e+11
31	78656940831.9
32	2.94706137863e+11
33	2.28024535289e+11
34	1.74319582624e+12
35	2.55023724222e+11
36	2.21233602458e+11
37	1.07092929996e+11
38	8.35401414208e+11
39	1.00312134105e+12
40	1.69854364467e+11
41	2.1902491985e+11
42	3.38285636207e+12
43	4.35943101658e+11
44	6.61466527496e+11
45	93709732302.2
46	3.74809926767e+11
47	1.0196159137e+12
48	35635200344.7
49	1.57532099985e+12
50	1.73086419891e+12
51	3.32831781506e+11
52	1.11033476503e+12
53	7.61429079593e+11
