0	5.305080087e+11
1	1.19656613724e+12
2	8.64025504248e+11
3	2.42488609313e+11
4	2.37324958404e+11
5	7.14381759213e+11
6	3.13692118223e+11
7	4.38268797982e+11
8	3.03649933175e+11
9	94924368810.7
10	5.27859536708e+11
11	1.18522090132e+12
12	1.47507972266e+12
13	2.95455937364e+11
14	8.89614618339e+11
15	5.18829108649e+11
16	6.14066064148e+11
17	7.88903374934e+11
18	1.20326647219e+12
19	6.4874082247e+11
20	1.5084305407e+11
21	3.6704240025e+11
22	1.92318672962e+11
23	2.10563553808e+12
24	8.72707852713e+11
