0	1.53677704896e+12
1	9.92662136976e+11
2	1.23214029679e+12
3	1.43684482315e+11
4	5.24518418504e+11
5	52394874758.4
6	6.04134022505e+11
7	1.6023635469e+11
8	1.41718866854e+11
9	3.26867418067e+11
10	2.18309802862e+11
11	3.96079369872e+11
12	3.68548144813e+11
13	1.60671475383e+11
14	1.72200609471e+12
15	7.16889861068e+11
16	63265721380.7
17	2.17049386564e+11
18	7.18555171984e+11
19	2.71251634213e+11
20	3.9962964535e+11
21	2.89842528998e+11
22	1.5765607383e+11
23	1.14799866709e+11
24	2.65472467311e+11
25	1.00258444294e+11
26	5.51605730503e+11
27	3.18337196905e+11
28	7.92128578431e+11
29	24102051743.0
30	2.24902029076e+11
31	1.16473354942e+11
32	2.30676139437e+11
33	1.37654605422e+11
34	4.98328836479e+11
35	5.21926936964e+11
36	66587688798.8
37	75004742179.9
38	3.87942100432e+11
39	2.59490613071e+11
