0	5.7269744681e+12
1	1.15691858464e+12
2	3.36123141402e+13
3	5.71154187081e+12
4	1.5719475117e+12
5	8.52608840836e+11
6	6.15090495451e+11
7	8.23346768968e+12
8	3.99012748688e+12
9	9.04395738771e+11
10	1.36444912656e+12
11	4.73984315161e+12
12	4.98948507087e+12
13	6.43688268166e+12
14	1.81765214951e+11
15	6.04133018525e+12
16	1.45869232907e+13
17	2.07444537128e+11
18	7.15470417148e+11
19	3.24724412668e+12
20	1.60733604364e+13
21	2.1273310481e+12
22	2.6530213982e+12
23	2.55543293755e+12
24	2.73528332317e+11
