0	18413402878.3
1	2.21964905286e+11
2	73909654071.4
3	62712292409.7
4	80046901497.2
5	4.03177809558e+11
6	53723746975.4
7	4.10562263561e+11
8	2.29367170871e+11
9	24117670624.6
10	39188475994.7
11	4.4998127929e+11
12	2.42115480123e+11
13	1.70283136369e+11
14	4.75683766092e+11
15	1.0778744929e+12
16	49794423045.8
17	2.04290758542e+11
18	3.64822562498e+11
19	56681633898.2
20	2.2929083049e+11
21	1.02626847209e+11
22	3.51602677456e+11
23	30588373992.5
24	43501967786.3
25	1.14588324785e+11
26	85884417243.2
27	45742861815.5
28	50634060995.0
29	1.05775133667e+11
30	18159183543.4
31	96853020046.0
32	44941348851.1
33	95572493385.9
34	1.93807114301e+11
35	1.63320468822e+11
36	1.85156060336e+11
37	4.38492314739e+11
38	1.25451161601e+11
39	1.48758991761e+12
40	1.8151581373e+11
41	1.13107065637e+11
42	1.11990561424e+11
43	1.71487761017e+11
44	5.29907325074e+11
45	26470350850.4
46	52182382845.8
47	2.66126222734e+11
