0	66942493241.8
1	1.17102393684e+12
2	1.24566257967e+11
3	6.09791451149e+11
4	1.04428046552e+11
5	2.33441024713e+11
6	86744015542.9
7	88160537556.5
8	1.02446659928e+11
9	56924763868.3
10	1.80063555424e+11
11	3.48563769853e+11
12	29584581607.4
13	3.00788115964e+11
14	1.05295512151e+11
15	2.42354557078e+12
16	2.04157329298e+12
17	52257323437.2
18	60421444117.4
19	1.10023416352e+12
20	9.89315369995e+11
21	4.11505334734e+11
22	1.16961516366e+11
23	9599464603.65
24	1.33225024935e+11
25	1.90526385726e+11
26	2.36681779256e+11
27	1.76375857091e+11
28	1.72396864895e+11
29	38619443949.6
30	2.56380630039e+11
31	4.50894829234e+11
32	2.88302707634e+11
33	3.88076305678e+11
34	3.76741825564e+11
35	1.59763019623e+11
36	2.57650990486e+11
37	4.34338280365e+11
38	3.98943642458e+11
39	2.2675048597e+11
40	50362211335.7
41	1.31777299512e+11
42	2.36040158362e+11
43	36827164472.7
44	62865797858.2
45	26910599876.2
46	1.12453543381e+11
47	7.97762466889e+11
48	3.24747381886e+11
49	3.22410895809e+11
50	6.98287784774e+11
51	1.81180050843e+11
52	5.37314736736e+11
