0	1.09948913505e+11
1	1.0569688936e+11
2	3.25524721873e+11
3	6.27210324292e+11
4	35280560656.3
5	6.51845588033e+11
6	7.5077252156e+11
7	1.18362655258e+11
8	1.85489657636e+11
9	2.82045123553e+11
10	98233326297.0
11	2.12908664795e+11
12	99623719275.6
13	3.83997927172e+11
14	6.72443419659e+11
15	1.60203524311e+12
16	4.74163537783e+11
17	4.36435447377e+11
18	2.08848631243e+12
19	3.87742327985e+11
20	6.35700949351e+11
21	83089074150.8
22	2.66151345066e+11
23	81110424157.1
24	53426569752.5
25	6.22912364176e+11
26	5.61124058958e+11
27	4.24595539342e+11
28	8.0242230649e+11
29	3.51072868059e+11
30	4.26501604622e+11
31	6.67988037006e+11
32	1.24105988799e+12
33	1.02757308817e+11
34	2.15388916566e+11
35	2.32348501164e+11
36	5.26835273554e+11
37	1.97721672637e+11
38	1.84449375531e+12
39	3.07905213674e+11
40	1.62714850189e+12
41	79135241823.3
42	99319567525.3
43	7.28044022162e+11
44	3.5830025497e+11
45	3.12157150488e+11
46	2.47691280992e+11
