0	64562901743.3
1	54122921647.4
2	4.10333090125e+11
3	3.33753895593e+11
4	28243745496.8
5	1.94330016148e+11
6	6.14916985284e+11
7	2.99353001765e+11
8	1.45782185669e+11
9	5.16502931967e+11
10	2.65742905705e+12
11	1.17421799662e+11
12	3.22383942348e+11
13	2.73814300485e+11
14	9.52322891778e+11
15	1.7810004333e+12
16	3.07502813501e+11
17	68434006806.0
18	6.45139271424e+11
19	2.87427388531e+11
20	1.53983853666e+11
21	2.5865660454e+11
22	5.50056793852e+11
23	53158561295.1
24	37339853347.5
25	1.09362856256e+11
26	3.61024592113e+11
27	1.0591550414e+11
28	6.96095935551e+11
29	2.07473934841e+11
30	1.0248596607e+11
31	2.74816583508e+11
32	7.12046316493e+11
33	72329514399.5
