0	1.19627556647e+11
1	3.85404687026e+11
2	5.1268877577e+11
3	2.69155129193e+11
4	2.51013755469e+11
5	3.63200613731e+11
6	1.41873388182e+11
7	8.69135727699e+11
8	1.89257518375e+12
9	4.08543669236e+11
10	1.12778773882e+12
11	3.11609636635e+11
12	4.35624247614e+11
13	4.31824861511e+11
14	6.58593763647e+11
15	8.66650471847e+11
16	2.50614605314e+11
17	6.05817357521e+11
18	1.66104077337e+12
19	1.83376073698e+12
20	6.77164752883e+11
21	1.46353117227e+12
22	7.8374159172e+11
23	1.51556825471e+11
24	3.16920592632e+11
25	4.65365300678e+11
26	4.0403867598e+11
27	3.90775518537e+11
28	2.59652785854e+11
29	6.13998314411e+11
30	9.33446204008e+11
31	1.63888944344e+11
32	1.20982685838e+11
33	4.58269014229e+11
34	1.18257255295e+12
35	2.56047693743e+11
36	5.57053074956e+11
37	1.06449913969e+12
38	1.99930584111e+11
39	2.22637030311e+11
40	82621074674.4
41	9.36305470786e+11
42	8.068025133e+11
43	1.26338021965e+12
44	3.10904651354e+11
45	49858658003.9
46	5.00473594867e+12
47	2.70883519511e+11
48	4.39726780604e+11
49	3.2962631514e+11
