0	1.16143845713e+11
1	3.43588449422e+12
2	4.63581753511e+11
3	2.51468788978e+12
4	6.24707110432e+12
5	8.86454132572e+11
6	7.51053926377e+12
7	1.25250783266e+12
8	2.10889462808e+12
9	6.83003050295e+11
10	5.37057154841e+11
11	2.56976432502e+12
12	2.1007087423e+12
13	2.983035299e+11
14	2.14588566495e+11
15	8.0821704735e+11
16	2.97303441396e+12
17	9.43627727473e+11
18	1.62024299588e+12
19	1.32236672981e+12
20	1.75758792041e+12
21	1.98794676769e+12
22	2.39392895891e+12
23	5.39890892724e+11
24	8.64534083958e+11
25	1.28547455202e+12
26	1.46104374088e+12
27	2.78206191608e+12
28	5.2797976012e+11
29	2.34980499844e+12
30	9.66807023482e+11
31	4.06130351821e+12
32	1.47628140905e+12
33	1.31720837575e+12
34	2.53296354947e+12
35	2.95385059243e+11
36	6.34425318667e+12
37	2.81447457183e+12
38	3.91519325753e+12
39	1.52812257359e+12
40	4.58910089372e+11
41	5.78745545867e+11
42	3.9692068761e+11
43	1.20579228348e+12
44	8.27708011342e+11
45	1.53616851762e+12
46	5.99170780278e+12
47	5.91589395744e+12
48	1.31734132955e+12
49	2.77089596472e+12
50	2.83221036289e+12
51	1.91737897077e+12
52	8.30807409668e+11
53	1.09302786835e+13
54	2.47430333281e+12
