0	2.68666930049e+11
1	3.73913518015e+11
2	1.86289783871e+12
3	1.48818941809e+11
4	6.75629228149e+11
5	1.19450000314e+12
6	3.1484290601e+11
7	4.11176381596e+11
8	1.95495916608e+11
9	6.47418867627e+12
10	1.29368956806e+12
11	8.14629881421e+11
12	1.00155902364e+12
13	2.16422906464e+12
14	1.02727389564e+12
15	1.31451227629e+12
16	1.10422484404e+11
17	8.25898184488e+11
18	5.93914857911e+11
19	5.02914893117e+11
20	7.95328363234e+11
21	2.41974485323e+11
22	9.66513378602e+11
23	1.01146679909e+12
24	1.44704416888e+12
25	2.42285126329e+12
