0	2.24880915847e+11
1	1.22749759247e+11
2	1.02552861074e+11
3	6.30838185161e+11
4	6.14926905497e+11
5	89539578712.9
6	1.27203412402e+11
7	8.88509482383e+11
8	9.2896006629e+11
9	1.55391777511e+12
10	2.3819238801e+11
11	2.07451908165e+11
12	2.61977074441e+11
13	5.57112222257e+11
14	4.46697457064e+11
15	2.17082792649e+11
16	1.73979821011e+11
17	4.07217493986e+11
18	4.11100135204e+11
19	1.69615479085e+11
20	1.83093354701e+11
21	4.52316581438e+12
22	8.32636305119e+11
23	2.55883428942e+11
24	7.4258179261e+11
25	8.37261297596e+11
26	41042182620.2
27	4.23052260731e+11
