0	6.4877727929e+11
1	6.0588276929e+11
2	2.48642205403e+11
3	1.72644998654e+12
4	3.6701993781e+11
5	6.73975199809e+11
6	1.36922358763e+12
7	5.07802752085e+11
8	4.36138378741e+11
9	24897100892.1
10	6.78637325783e+11
11	2.63823673584e+11
12	2.50078153393e+11
13	58707393154.9
14	2.55968713633e+11
15	1.18348739334e+11
16	1.22882174107e+11
17	7.65946339204e+11
18	6.36737761738e+11
19	4.52116366252e+11
20	7.98347357278e+11
21	7.41101163672e+11
22	3.45914143789e+11
23	70369041479.3
24	1.14019830314e+12
25	7.71439452069e+11
26	4.43872338907e+11
27	2.39476735192e+11
28	67046580398.1
29	2.91570681294e+11
30	3.90130714786e+11
31	4.31473672184e+11
32	3.16671018257e+11
33	1.46567650295e+11
34	3.79741940938e+11
35	6.75125746539e+11
36	1.57501166105e+11
37	6.96086114878e+11
38	4.09031673659e+11
39	8.08800315908e+11
40	1.44574421914e+11
41	2.16640089439e+11
42	1.96279473039e+11
43	66266640253.9
44	2.20707838333e+12
45	1.44707532033e+11
46	1.53984646815e+12
47	1.59753701113e+11
48	1.31224155406e+12
49	2.1585201409e+12
50	1.25156363541e+11
51	1.05695523414e+11
52	4.44861967606e+12
