0	4.69263038391e+11
1	2.59004316137e+11
2	3.6133097937e+11
3	1.23395597299e+11
4	4.19915763271e+11
5	6.73123550007e+11
6	2.78886202323e+11
7	1.19725739554e+11
8	3.75963666117e+11
9	3.27519289051e+11
10	2.47448241753e+11
11	1.46620013389e+11
12	1.50648882053e+11
13	2.46854159854e+11
14	6.03396727649e+11
15	1.0795564359e+12
16	2.88778733491e+11
17	6.37564942496e+11
18	3.68950970557e+11
19	5.07275091496e+11
20	1.96440075416e+11
21	2.44814661742e+11
22	9.68934532877e+11
23	4.0633514064e+11
24	5.5266303766e+11
25	6.45433864092e+11
26	3.69382542672e+11
27	51707669204.5
28	1.432601572e+12
29	9.86978589107e+11
30	4.23428997405e+11
31	5.57411102883e+11
32	6.8418519033e+11
33	7.64891614968e+11
34	5.23807242649e+11
35	1.4103950333e+11
36	2.91446444307e+11
37	1.25272738128e+11
38	2.27193409e+11
39	5.58739371139e+11
40	7.02427486714e+11
41	6.17671856483e+11
42	2.96904815305e+11
43	3.1004727183e+11
44	1.63853081276e+11
45	99553896225.0
46	1.17003540977e+11
47	7.7509426087e+11
48	1.71892438493e+11
49	2.97170807682e+11
50	2.30861007649e+11
51	2.97129498535e+11
52	34375063378.5
53	7.3789405605e+11
54	1.44706786442e+11
55	1.16910389578e+12
56	1.8094927383e+11
57	1.74713585405e+11
58	6.24077645925e+11
59	1.66621960584e+11
60	2.74841067763e+11
61	31181904720.1
62	1.37947580809e+12
63	7.03849150679e+11
64	3.10602776941e+11
65	3.19153076177e+11
66	5.63782151905e+11
67	1.22153931251e+11
68	2.40680529868e+11
69	2.04464415589e+11
70	6.58925072033e+11
71	84335848336.6
72	72955462520.9
73	1.30062699046e+12
74	3.36113758414e+11
75	48843798440.5
76	58658377022.7
77	2.71871927236e+11
78	3.60840988268e+11
79	1.28324940008e+12
80	3.07737596812e+11
81	2.67047508012e+11
82	5.16347606066e+11
83	4.01207685126e+11
84	1.73013248487e+12
85	2.17315341281e+11
86	1.68843669382e+11
87	5.66823479176e+11
88	1.45621170605e+12
89	5.29667043323e+11
90	4.05623789559e+11
