0	1.36884051964e+12
1	4.62962174081e+12
2	6.05786867677e+12
3	3.56759253405e+12
4	1.81761305878e+11
5	2.01339320888e+12
6	1.16731774974e+12
7	4.22406521709e+11
8	2.34759190365e+12
9	1.2158529039e+12
10	1.20566482914e+12
11	4.91644695642e+11
12	4.27336393489e+11
13	1.498894914e+12
14	7.5751213364e+11
15	1.79354904156e+12
16	3.74622962276e+11
17	83113207016.8
18	9.75664886337e+11
19	6.31475070805e+11
20	3.45594015472e+12
21	2.1514751825e+12
22	4.19831334545e+11
23	6.05176126739e+11
24	1.81407141413e+12
25	4.03381484163e+12
26	5.3267148189e+12
27	2.7870046872e+12
28	3.60965284304e+11
29	2.56996132004e+11
30	1.11091792304e+12
31	1.02950540765e+12
32	1.13669056939e+12
33	1.84520674724e+12
34	3.59346587789e+12
35	2.80525006252e+12
36	5.85955609783e+12
37	1.42691880357e+12
38	9.25517827189e+11
39	8.81572076428e+11
