0	65792905965.8
1	1.0683060102e+11
2	1.41238862172e+11
3	9.01938920453e+11
4	2.18339652664e+11
5	6.8117777763e+11
6	14711596039.4
7	44072768779.4
8	5.20221849612e+11
9	41838337516.4
10	1.40168359426e+11
11	61937185934.4
12	1.21228550638e+11
13	34509439561.0
14	1.17422733562e+11
15	77860407523.6
16	56620945396.0
17	1.87318508026e+11
18	89687974497.5
19	87218184894.1
20	1.13232025579e+11
21	1.47356421474e+11
22	60936256480.3
23	82467598870.5
24	1.01115880073e+11
25	4.04844457294e+11
26	49693383372.8
27	4.22109331212e+11
28	39098713928.4
29	1.0526912531e+11
30	1.11193787285e+11
31	68370103746.2
32	1.25024970314e+11
33	42880907461.5
34	34618606386.9
35	1.36808188668e+11
36	1.775308091e+11
37	43579933009.8
38	9.0512697937e+11
39	31121450801.2
40	24316017651.4
41	1.05933270157e+11
42	1.37228965491e+11
43	32513692094.6
44	1.13096971689e+11
45	77972119701.5
46	3.09095135416e+11
47	43253234931.9
48	6.36487529287e+11
49	83339991606.9
50	9347585150.56
51	25642289131.1
52	4.27368321842e+11
53	96978157921.9
54	2.27700594978e+11
55	2.95902659998e+11
