0	3.66125903916e+12
1	1.66463574302e+12
2	1.0484618841e+12
3	4.20400350773e+11
4	1.12619440205e+12
5	8.30128447876e+12
6	4.0722141278e+12
7	4.58355775822e+11
8	4.53669158881e+11
9	1.06709237289e+11
10	1.9810988e+11
11	3.94861246416e+11
12	1.08055364623e+12
13	6.50993085162e+11
14	3.04367921247e+11
15	7.18384117234e+11
16	1.50531474695e+12
17	9.94189718528e+11
18	4.53350975092e+11
19	7.82636961542e+11
20	1.66942754889e+12
21	1.24697431695e+12
22	3.64017129443e+11
23	4.06705437992e+11
24	1.89603450618e+12
25	2.18230225263e+12
26	7.1988244163e+11
