0	1.60809925392e+11
1	2.19300722658e+11
2	3.76600651208e+11
3	76434433827.6
4	93592227621.0
5	55481879221.9
6	1.74234551027e+11
7	3.23151236993e+11
8	27808213430.8
9	4.08223746458e+11
10	4.76976448579e+11
11	6.66785568718e+11
12	25543233569.9
13	5.6494094229e+11
14	26127807033.1
15	1.47674473467e+11
16	54645520180.0
17	1.97097111795e+11
18	1.42762455955e+11
19	2.97912759693e+11
20	84900465609.7
21	1.09808114101e+11
22	1.65341351323e+11
23	2.81353541337e+11
24	84937594059.8
25	47605745715.5
26	14974749957.1
27	78507129210.2
