0	1.96854146099e+12
1	2.44506271408e+12
2	1.47466009775e+12
3	1.4202178207e+12
4	2.43183141524e+13
5	1.19556837603e+13
6	4.49273369177e+12
7	4.18710601845e+12
8	4.38733625903e+12
9	1.66155016781e+13
10	3.2154307047e+12
11	1.85228946196e+12
12	5.4717512753e+12
13	1.93091803234e+13
14	4.46118559308e+12
15	1.19191882141e+13
16	3.54406830787e+12
17	3.3210619355e+12
18	2.29095639817e+12
19	1.01485686115e+12
20	1.95557747169e+12
21	3.30763389707e+12
22	2.79621461418e+12
23	5.40874152209e+12
24	1.77828046588e+12
25	1.75424954488e+12
26	4.53765718525e+12
27	1.12835495536e+12
28	1.76852171942e+12
29	1.91598599015e+13
30	7.15408602493e+12
31	2.08015211222e+12
32	8.30799931216e+11
33	1.10749955073e+12
34	2.67654303773e+11
35	4.08987136667e+12
36	3.2163937677e+12
37	1.70080975117e+12
38	2.64137287074e+12
39	3.29243370152e+12
40	1.10893452911e+12
41	6.59812596548e+11
42	2.46553369644e+12
43	2.28758322388e+12
44	2.36221571219e+12
45	4.01774836872e+12
46	1.69427968283e+12
47	1.58789554605e+12
48	2.31437589197e+12
49	1.69997270465e+12
50	2.59614299151e+11
51	1.3493457572e+12
52	1.01096779522e+13
53	2.389375479e+12
54	8.6993793986e+12
55	1.16940449427e+12
56	6.49280941691e+12
57	8.30618776267e+12
58	2.42436472641e+12
59	2.4661738221e+12
60	2.78121624383e+13
61	4.29948292268e+12
62	3.38294573711e+12
63	5.12962078161e+12
64	4.87530112166e+12
65	3.39287589944e+11
66	3.09423149705e+12
67	4.92704197186e+12
68	1.17104853704e+13
69	1.25040769968e+12
70	6.43757413764e+12
71	2.1542621945e+12
72	1.78383502179e+13
73	4.9881834699e+12
74	3.44975173189e+12
75	1.08712792488e+13
76	2.58103017759e+12
77	9.7081038266e+11
78	1.86228593375e+12
79	6.46117738714e+11
80	1.24343580677e+12
81	2.28967059321e+12
82	1.22360220582e+12
83	1.87014203046e+12
84	6.5699052618e+12
85	9.84416285524e+12
86	3.39250532335e+12
87	3.89736286769e+12
88	1.33728554276e+13
89	7.71151348028e+11
90	9.96602321897e+12
91	5.57594040225e+12
92	3.55866410327e+12
93	1.12245091173e+13
94	7.69247353461e+11
95	1.81347541547e+13
96	1.55041666169e+12
97	1.21762661955e+12
98	1.14440547378e+13
99	9.29154117812e+12
100	2.0507146093e+12
101	1.22025067662e+13
102	3.00166760383e+12
103	2.44321736802e+12
104	1.22185745186e+13
