0	78395144216.5
1	1.20550514538e+11
2	3.15335289703e+11
3	4.11191368625e+11
4	2.2801215436e+11
5	9.93415306241e+11
6	3.4954866052e+12
7	4.13592904528e+11
8	5.40493971488e+11
9	70090684552.0
10	3.38078086658e+11
11	3.06757218132e+11
12	1.20278273637e+11
13	1.15814112131e+11
14	4.4366968251e+11
15	1.29344067334e+12
16	3.08433615461e+11
17	53099002441.7
18	4.45540416246e+11
19	79553887227.0
20	3.6254396196e+11
21	1.28450373183e+11
22	1.64920741214e+11
23	1.75337427486e+11
24	4.01391271734e+11
25	1.30271149148e+11
26	3.64501446695e+11
27	8.20431078921e+11
28	5.77045278276e+11
29	1.91709381876e+12
30	6.5857827968e+11
31	1.61612923532e+12
32	1.01266407318e+12
33	3.51537962501e+11
34	1.86049779867e+12
35	1.20465016274e+11
36	2.0246028707e+12
37	3.13293063291e+11
38	5.68345054434e+11
39	1.00060666305e+11
40	9.21845336664e+11
41	1.68747487925e+11
42	1.09854060441e+12
43	5.79749086889e+11
44	6.41663163967e+11
45	1.76809169638e+12
46	5.29084952729e+11
47	1.99104874095e+11
48	5.14844733805e+12
49	5.36341607939e+11
50	1.4982835229e+12
51	3.88014631078e+11
52	5.55273374762e+11
53	4.23195268341e+11
54	7.78116132329e+11
