0	5.09016911418e+11
1	6.35484801497e+11
2	2.81855564292e+12
3	2.03148614289e+11
4	1.26464310357e+12
5	8.28259431954e+11
6	2.87982296923e+12
7	8.15912733497e+11
8	3.37549188622e+12
9	3.15806283824e+11
10	4.59568120745e+11
11	6.56124869423e+11
12	5.18030208608e+11
13	2.41964261921e+11
14	5.74224804897e+11
15	2.1106616297e+12
16	3.6442660232e+12
17	2.46129520552e+12
18	1.39412592211e+12
19	1.8329541921e+12
20	2.64509252699e+11
21	4.88441882544e+11
22	8.1396507879e+11
23	4.17220837722e+11
24	1.12670169567e+12
25	4.83778439572e+11
26	7.46112689117e+11
27	4.82129318897e+12
28	5.16777460966e+12
29	9.00086229133e+11
30	1.8506732474e+12
31	1.64572827682e+12
32	5.28854649596e+11
33	2.3543662851e+12
34	2.2906925753e+11
35	82984977300.6
36	73434702158.8
37	1.02026500252e+12
38	1.67705398639e+12
39	9.0974986118e+11
40	5.38989485467e+12
41	1.06608589649e+12
42	1.29656864661e+12
43	5.96931832354e+11
44	8.10240930533e+11
45	7.07359579378e+11
46	1.09621053929e+12
47	8.24418691879e+11
48	3.39810754485e+12
49	6.12080913407e+11
50	8.21846565806e+11
51	1.15797431813e+11
52	1.23913800524e+12
53	5.41291478791e+12
54	5.50331391772e+11
55	2.1445321319e+12
56	95639261394.1
