0	1.21165468759e+11
1	4.73996554564e+11
2	2.95960607918e+11
3	4.75949097407e+11
4	1.40147897031e+11
5	5.83959227182e+11
6	5.43327466038e+11
7	2.95332824975e+11
8	92907958961.1
9	93379552606.2
10	1.63847539791e+12
11	2.05291956028e+11
12	8.62099136381e+11
13	1.26210513747e+12
14	5.4591076025e+11
15	5.09994799464e+11
16	1.52788455643e+11
17	2.88159885587e+11
18	4.18547162787e+11
19	3.67555288615e+11
20	1.00560331558e+11
21	2.00160106903e+11
22	6.55836288865e+11
23	85418249497.7
24	1.11471594201e+12
25	4.54911169213e+11
26	6.84537445879e+11
27	1.18329399878e+12
28	62914380279.0
29	36430780970.2
30	3.59330812023e+11
31	7.64601703648e+11
32	36077672526.3
33	1.67071695024e+11
34	4.8512310309e+11
35	1.43947927189e+11
36	64290279438.4
37	68906700220.8
38	2.22191404467e+11
39	2.15962256307e+11
40	5.97228453619e+11
41	2.43375547486e+11
42	76562471847.6
43	2.99047518969e+11
44	26991321037.0
45	4.22742948447e+11
46	4.65183260409e+11
47	51608176113.6
48	2.20992122807e+12
49	1.23079364045e+11
50	4.5212227572e+11
51	1.44134849055e+11
52	2.29965663487e+11
53	28945789550.5
54	4.34788500984e+11
55	45695141749.0
56	3.61821667866e+11
57	88287805437.2
58	59206001654.0
59	1.87341730043e+11
60	97908432287.7
61	2.36499042832e+11
62	66790260621.1
63	89912200797.5
64	40964084438.8
65	34813057431.1
66	79795741969.8
67	3.2080191535e+11
68	2.36140896234e+12
69	1.11687255211e+11
70	1.85565251975e+11
71	8.62588315812e+11
72	52703766840.2
73	4.89466851293e+11
74	1.18898049555e+12
75	4.6576924093e+11
76	1.71718211082e+11
77	1.42826386077e+11
78	4.29634282508e+11
79	5.25330541829e+11
80	3.66534721121e+11
81	4.41952620222e+11
82	1.61581650493e+12
83	3.28644184129e+11
84	2.42487757139e+12
85	2.33810606411e+11
86	1.98068842585e+11
87	2.72957886215e+11
88	2.18828285407e+11
89	62800703024.8
90	3.72991924177e+11
91	1.58688103741e+11
92	2.12006900236e+11
93	1.95232409166e+11
94	2.98180756977e+11
95	23284374315.3
