0	1.65219864939e+12
1	8.3204720815e+11
2	1.5598342318e+12
3	9.70413451081e+11
4	8.80941338962e+11
5	1.55158804607e+11
6	2.56762299099e+11
7	8.77471685004e+11
8	2.10355487127e+12
9	9.73304737523e+11
10	7.37255312782e+11
11	2.93523566594e+11
12	6.62551406454e+12
13	5.36932513963e+12
14	3.86273322979e+12
15	2.99440971235e+12
16	7.23095859163e+11
17	2.20886703477e+12
18	6.87410915543e+11
19	2.64770191424e+11
20	1.05868805046e+12
21	3.38917584547e+11
22	2.181972684e+12
23	2.5936637658e+12
24	6.3284315105e+12
25	1.09979898168e+12
26	1.01635136855e+11
27	1.55129356427e+12
28	5.1010710401e+11
29	4.69772450515e+11
30	3.16583175249e+12
31	5.66565882532e+12
32	5.82252235609e+12
33	6.41190451426e+12
34	1.09875915024e+12
35	5.48761531599e+12
36	7.56976970761e+12
37	5.20186650205e+11
38	1.15502519303e+12
39	2.97773220049e+12
40	2.94492120794e+12
41	3.25629219946e+11
42	5.33070451323e+11
43	2.83037866456e+12
44	1.45471077671e+11
45	2.75871848467e+11
46	2.14811519493e+12
47	8.32932871666e+11
48	1.68478752865e+12
49	5.83163376198e+11
50	4.29477797549e+12
51	6.57741698701e+12
52	1.38307947528e+13
53	1.21408849521e+11
54	1.29822277516e+12
55	4.75378129888e+12
56	3.08952784543e+12
57	3.81902088465e+12
58	1.20709037556e+12
59	9.35298328176e+11
60	1.1009754701e+12
61	2.66525603457e+11
62	5.06331699888e+11
63	1.28833816145e+12
64	1.13086438836e+12
65	8.75057856828e+11
66	2.38156048603e+12
67	2.46263943684e+12
68	3.34942140858e+11
69	6.66719231688e+11
70	2.86698858286e+12
71	7.33329067714e+11
72	2.04699998744e+12
73	4.88756634259e+12
74	3.48903126549e+11
75	9.95363331338e+11
76	5.41156030132e+11
77	3.25947192968e+12
78	1.98336435418e+13
