0	4.54413979795e+12
1	9.87067245195e+11
2	1.02453925436e+12
3	9.97371210871e+11
4	3.66661498773e+12
5	2.93467486157e+11
6	1.02144511319e+12
7	2.25945446441e+12
8	2.68845961461e+12
9	1.75753113572e+12
10	6.83317367904e+11
11	2.66524119154e+11
12	5.80717544634e+12
13	1.37181734866e+12
14	1.28224759902e+12
15	1.35891197478e+12
16	4.75629425793e+11
17	6.26593307706e+11
18	9.38624990328e+11
19	7.85620479179e+11
20	1.102587218e+12
21	1.389697307e+12
22	2.13601572613e+12
23	1.67136664058e+12
24	7.19296773449e+11
25	1.49718375912e+12
26	1.09226013273e+12
27	5.77020403229e+11
28	3.66337710891e+11
29	1.46848762574e+12
30	7.67162575925e+11
31	6.33639594272e+11
32	6.42117328645e+11
33	2.07383127874e+12
34	1.93803363933e+11
35	5.31226144679e+11
36	4.89307704958e+11
37	9.53238100949e+11
38	6.92645021351e+11
39	1.14212559113e+11
40	1.65951767918e+11
41	1.88861050378e+12
42	1.23029635668e+12
43	4.91087116553e+11
44	1.69135953197e+11
45	7.38322533725e+11
46	6.88550447849e+11
47	1.25617917003e+12
48	2.24095042689e+12
49	8.91964033728e+11
50	4.72349025353e+11
51	2.36951313097e+12
52	1.22551905932e+11
53	7.67425568427e+11
54	1.29487597959e+12
55	8.04407774002e+11
56	1.11414632439e+13
57	6.19980756046e+11
58	3.32486160511e+12
59	5.5368056191e+11
60	1.45308790066e+12
61	3.95318528805e+12
62	9.2503659784e+11
63	8.71104813984e+11
64	1.08958829019e+12
65	1.87806379686e+12
66	2.17194797969e+12
67	8.44511021604e+11
68	3.96726901844e+11
69	6.97102461213e+11
70	4.64371541041e+11
71	5.31261193698e+11
72	2.49543648773e+11
73	1.03590640063e+12
74	5.86490019725e+11
75	7.39778068307e+11
76	1.6110383885e+11
77	1.56882064033e+12
78	1.50199466983e+11
79	4.41634705598e+12
80	2.49105845176e+11
81	1.20437906169e+12
82	2.02004782527e+12
83	1.24200941967e+12
84	1.43650174625e+12
85	9.50564153762e+11
86	9.62345833966e+11
87	6.89865101825e+11
88	3.35607980283e+12
89	1.30803215865e+11
