0	1.33755879232e+12
1	5.49678396076e+11
2	64830596976.7
3	7.05964329433e+11
4	2.31066627995e+11
5	87987597318.6
6	1.77213080199e+11
7	95772153388.7
8	1.32402207544e+11
9	2.97801222095e+11
10	1.85069586868e+11
11	2.53021494921e+11
12	3.59118682959e+11
13	2.66474148689e+12
14	93050926875.3
15	9.16968716183e+11
16	8.31350172513e+11
17	1.40238515745e+12
18	7.42310055638e+11
19	30670118860.3
20	8.2509738628e+11
21	5.40143766832e+11
22	2.58411725427e+11
23	79978274123.8
24	2.26548970085e+11
25	3.95151393062e+11
26	1.31073709728e+12
27	71767544326.2
28	1.8211006348e+11
29	9.55897569172e+11
30	1.07465697918e+11
31	1.29521726516e+12
32	6.44865973802e+11
33	1.39706332866e+11
34	68131255679.7
35	1.44280854941e+11
36	2.05815260799e+11
37	1.0584368181e+11
38	8.05760096014e+11
39	4.64775516854e+11
40	1.22370299224e+12
41	5.43476438724e+11
42	78106277197.0
43	1.66854620189e+11
44	2.07743615635e+12
45	2.18291619264e+11
