0	5.71838831206e+11
1	1.12397547355e+12
2	9.42111720031e+11
3	4.33845325745e+11
4	1.96924847902e+12
5	1.63125417004e+12
6	9.50417599175e+12
7	1.25161584661e+12
8	5.41023312435e+11
9	7.7866618166e+11
10	4.42529193932e+11
11	1.30513835106e+12
12	1.45090307014e+12
13	1.09601275002e+12
14	3.00356367086e+12
15	5.87515059633e+11
16	1.22584138285e+12
17	2.37467501977e+12
18	6.18884084332e+11
19	4.78540349106e+12
20	9.7974710486e+11
21	2.27212595068e+12
22	5.55089760743e+11
23	5.56929937875e+12
24	3.76346279579e+11
25	2.9710984586e+12
26	1.29961446595e+12
27	1.64886977882e+12
28	3.1429385277e+11
29	7.95341064271e+11
30	1.20750961629e+11
31	1.64440859382e+12
32	3.03554997075e+12
33	2.64113407372e+11
34	6.97030121803e+11
35	2.57601600898e+12
36	6.54374514943e+12
37	1.26796071481e+11
38	4.26921072765e+11
39	3.14458060328e+12
40	1.19038085548e+12
41	6.706967302e+11
42	3.40278793859e+11
43	4.39459133297e+12
44	1.25263227399e+12
45	9.67671208988e+11
46	6.42373240104e+11
47	1.53511875327e+12
48	1.0952772142e+12
49	1.97050010052e+11
50	2.95632417028e+12
51	3.65903359334e+12
52	2.41771586593e+12
53	96250689089.3
54	1.98252402118e+12
