0	2.0110949797e+12
1	76795136957.0
2	1.52917050274e+11
3	60913238384.2
4	60304398058.9
5	1.13443201604e+11
6	1.79117165422e+11
7	2.47750909144e+11
8	3.15998262768e+11
9	4.05446490869e+11
10	8.3222307e+11
11	2.06912185961e+11
12	66323952513.3
13	3.20613537429e+11
14	1.00760498636e+11
15	62369859273.2
16	82912941469.3
17	1.68603113519e+11
18	2.20521333216e+11
19	6.6351644399e+11
20	4.63083296055e+11
21	1.43112996133e+11
22	65497632241.2
23	1.35143239408e+11
24	6.3198101809e+11
25	7.8552339818e+11
26	1.04285145557e+11
27	1.21714834339e+11
28	1.61115414151e+11
29	5.42605686269e+11
30	3.67797704518e+11
31	2.38506497291e+11
