0	3.37325292598e+11
1	7.1190098362e+11
2	1.14353202834e+12
3	2.11777584989e+12
4	6.06732734282e+11
5	7.31236293635e+11
6	5.85105127708e+11
7	1.11792776233e+11
8	1.0762547958e+12
9	2.90780899981e+11
10	5.8665470764e+11
11	2.74254091256e+11
12	4.69836405865e+12
13	3.76835641405e+11
14	3.34428829552e+12
15	1.46400577323e+11
16	5.39277473478e+11
17	6.35539614259e+11
18	3.8362114001e+12
19	1.18534800641e+11
20	8.93258695045e+11
21	3.95887295073e+12
22	8.66666098168e+11
23	8.65116043367e+11
24	4.18291952797e+11
25	6.16904193601e+11
26	8.50952340323e+11
27	4.42601296676e+11
28	2.36252222649e+12
29	6.86229009641e+12
30	1.97693391707e+12
31	7.33483988129e+11
32	3.17259943733e+11
33	1.55277536647e+12
34	1.46963404142e+12
35	5.79465154371e+11
36	1.64402445944e+12
37	1.22472507374e+12
38	6.72844500136e+11
39	2.67053841455e+11
40	6.1038939621e+11
41	2.17046841858e+11
