0	1.15670850932e+12
1	1.00841169459e+12
2	7.93415220507e+12
3	1.08928530597e+13
4	5.94965371013e+11
5	6.32894490137e+12
6	7.87246917762e+11
7	6.94139855538e+11
8	1.53442761364e+12
9	4.18497472946e+12
10	2.40826340048e+12
11	4.88049536838e+12
12	1.55671409865e+12
13	6.65970409022e+11
14	6.24293231565e+11
15	4.08551005199e+12
16	2.27958315571e+12
17	1.57734037379e+12
18	1.02148172785e+12
19	1.39013534518e+12
20	4.10464326168e+12
21	8.28623953106e+11
22	5.91465248781e+11
23	8.96408456856e+12
24	2.21772899804e+12
25	1.85401209617e+12
26	8.75807830418e+11
27	1.58050027777e+12
28	1.72460496384e+12
29	2.65820943041e+12
30	1.38933547843e+12
31	5.59860144663e+12
32	2.09380728151e+12
33	2.92438325286e+13
34	2.91214055233e+12
35	9.34517653934e+11
36	3.56386270096e+12
37	4.30357166207e+11
38	1.61200039982e+13
39	1.17979014454e+12
40	1.85439358486e+12
41	1.91709627613e+12
42	5.53999016866e+11
43	1.21042882505e+12
44	6.65298400731e+11
45	4.19093267711e+12
46	1.84231938311e+13
47	1.74081790136e+13
48	5.64668811213e+11
49	1.60436155225e+12
50	1.72691205131e+12
51	9.05854925385e+11
52	1.83251736436e+12
53	1.45125204259e+13
54	1.61354726986e+12
55	2.04807583433e+12
56	1.22466044603e+12
57	8.39285302721e+11
58	1.25078929127e+13
59	4.19053377518e+12
60	4.3408296018e+12
61	5.64794474668e+11
62	5.01778945218e+12
63	4.31472161326e+11
64	2.85207888021e+12
65	2.83174432135e+12
66	6.36512684134e+12
67	1.00220914741e+12
68	7.8011840929e+12
69	4.24576323159e+12
70	1.45899701317e+12
71	2.36998753532e+12
72	1.51576470167e+12
73	6.87080136857e+12
74	4.51910415161e+12
75	6.02807762774e+12
76	3.09420737526e+12
77	9.77992785963e+11
78	1.29146269198e+12
79	2.71161906664e+12
80	1.19878331221e+12
81	5.4115797735e+11
82	2.16273616972e+13
83	6.31547575353e+12
84	7.710411509e+11
85	2.94096767661e+12
86	4.9219054437e+12
87	1.91985669934e+12
88	1.80240147822e+12
89	9.13859308615e+11
90	4.48046321106e+12
91	6.25853314077e+11
92	4.06892799659e+12
93	4.7726604367e+12
94	4.2367594871e+11
95	2.6856424748e+11
96	1.99648994805e+12
97	1.52709200296e+12
98	5.48561934558e+12
99	5.67210741679e+12
100	1.45450448162e+12
101	1.25947789458e+12
102	1.41035789907e+12
103	9.70177447226e+11
104	1.66564805443e+12
105	4.48690224943e+12
106	1.88935271945e+11
107	2.59938771206e+12
108	3.71264103793e+12
109	5.80849068806e+12
110	7.19077540259e+11
111	6.2808713088e+11
112	5.47809579085e+12
113	4.49536543382e+12
114	2.05079396481e+12
115	1.17059742597e+12
116	6.78166186817e+12
117	5.54780678611e+12
118	4.04788003627e+12
119	1.82805320734e+12
120	1.06574129887e+12
121	4.67220237793e+12
122	1.04146204318e+12
123	1.15241727877e+12
124	1.21688891695e+12
125	3.57035395006e+12
126	3.98121262031e+12
127	4.60863833522e+12
128	4.99373881146e+11
129	5.04368234522e+11
130	8.89213286927e+11
131	1.87783603876e+12
132	4.42528428125e+11
133	8.97384780091e+11
134	2.71868196219e+12
135	6.27296519752e+12
136	2.43088643998e+12
137	3.35528727842e+12
138	6.58986005385e+12
139	5.27635604555e+12
140	1.27369555759e+12
141	3.60904381666e+12
142	1.08634584709e+13
143	7.29302369851e+12
144	2.49869799669e+11
145	3.53468986591e+11
146	3.30049688737e+12
147	2.02525778823e+12
148	3.88138470074e+12
149	7.68982321514e+11
150	1.04178245222e+12
151	1.43605671247e+12
152	1.03812704712e+12
153	1.67935864633e+12
154	3.27119223253e+12
155	1.19806936707e+12
156	1.47395980908e+12
157	7.62888951254e+12
158	8.59022946234e+11
159	1.74914450602e+12
160	5.15973767645e+12
161	9.44939586841e+11
162	1.22200664988e+12
163	1.18261024597e+13
164	1.19377306484e+13
165	2.06896729704e+13
166	7.80927156391e+11
167	5.97012024679e+12
168	1.57732660966e+12
169	2.94494137824e+12
170	3.25527796862e+11
171	9.15079687066e+11
172	3.43233717635e+12
173	7.64980246697e+11
174	3.90571196967e+12
175	2.17487645937e+12
