0	96635330122.7
1	37825832158.1
2	32639217250.6
3	1.53669147121e+11
4	1.11832237591e+11
5	83162554109.1
6	1.8489884502e+11
7	1.2171099404e+11
8	35841995464.4
9	3.45606799497e+11
10	3.21337162624e+11
11	1.06346607829e+11
12	58544228032.0
13	69065372025.9
14	38787634520.1
15	10127353081.4
16	2.2836017752e+11
17	15842250446.9
18	5.68416386535e+11
19	65877595610.9
20	31958633721.3
21	28152077903.6
22	1.20275774966e+11
23	1.65647033931e+12
24	12991160360.5
25	3.43128849075e+11
26	17188052378.9
27	1.15727106081e+11
28	2.05204401049e+11
29	28773067249.2
30	71776616633.5
31	29632494600.9
32	1.15378119313e+11
33	34801548477.9
34	1.1456641222e+11
