0	8.50824002545e+11
1	8.3131432749e+12
2	2.05783160733e+12
3	8.64650750467e+11
4	6.12830357981e+11
5	1.29798246318e+12
6	6.94680089317e+12
7	1.50418607708e+12
8	1.73025401997e+12
9	8.65774293099e+11
10	1.63201743883e+12
11	1.19521786566e+12
12	2.27980615061e+12
13	2.54446713781e+12
14	4.00865876132e+11
15	5.79758471585e+11
16	3.5904253752e+12
17	9.1887531729e+11
18	5.53033728274e+12
19	4.45718786277e+11
20	1.61906678065e+12
21	3.68417204113e+11
22	3.33967964721e+11
23	6.03479309287e+11
24	3.86997110365e+12
25	4.65006799287e+12
26	2.56066712165e+12
27	2.78822389475e+12
28	2.19510990888e+12
29	3.04857001531e+12
30	3.91970388196e+12
31	2.15440079285e+12
32	6.08797169534e+12
33	2.28330850932e+12
34	1.33858839613e+12
35	1.18580905658e+12
36	7.98064110782e+12
37	1.39689549794e+12
38	1.74264524543e+12
39	8.0936292647e+12
40	2.04558619429e+12
41	6.85150439291e+11
42	1.98294894655e+12
43	8.54326919707e+11
44	5.9465465716e+11
45	2.20025024468e+13
46	4.34446060804e+12
47	2.14596820741e+12
48	6.93371720828e+12
49	1.50187725932e+12
50	1.52005418034e+12
51	4.06169544385e+12
52	5.87855145417e+11
53	3.12963148123e+12
54	1.94376776787e+12
55	2.04423428291e+12
56	2.18378169211e+12
57	2.37724758727e+12
58	5.16725101132e+12
59	1.91235974029e+13
60	2.82980527113e+12
61	1.34401550075e+12
62	3.87564725864e+12
63	2.73612491552e+12
64	6.25658781308e+11
65	6.10813609506e+11
