0	4.43891836938e+12
1	2.72214025384e+11
2	2.27629097407e+11
3	8.92588075578e+11
4	5.14964621773e+11
5	1.05948382605e+12
6	1.40853729239e+11
7	3.92446141826e+11
8	4.24675797444e+11
9	2.86658583874e+11
10	1.02159739516e+12
11	1.31827216292e+12
12	1.24921070195e+12
13	1.76840563148e+11
14	3.6901375396e+11
15	4.63117030453e+12
16	7.31478272264e+12
17	5.97895420736e+11
18	8.13423836098e+11
19	4.15510817066e+11
20	1.07955975876e+11
21	6.9568530408e+11
22	2.19755635604e+11
23	1.03425286903e+12
24	5.48069764224e+11
25	89076190790.3
26	7.73050782765e+11
27	3.55073551289e+12
28	84404454668.0
29	6.46861336393e+12
30	1.38755336081e+12
31	39421849625.6
32	1.16492081713e+12
33	7.86578612695e+11
34	9.9365946129e+11
35	4.72697312048e+11
36	29159116034.5
37	2.53513277887e+12
38	5.07752354114e+11
39	4.02462580743e+11
40	1.20558037463e+12
41	6.05929013569e+11
42	6.08012405035e+11
43	4.50336479457e+11
44	6.31043063883e+11
45	4.51429559674e+11
46	1.10206603434e+12
47	9.72672865224e+11
48	1.27566145543e+12
49	3.99283744692e+11
50	2.01345279274e+11
51	2.71941330322e+11
52	8.44359456081e+11
53	8.7785676167e+11
54	4.09753555258e+11
55	5.61169863334e+11
56	6.33670924699e+11
57	1.23255063078e+11
58	1.62051104597e+11
59	4.76419651522e+11
60	62631967174.6
61	1.80648664158e+12
62	5.12197637151e+11
63	1.86691754542e+11
64	3.12275083691e+12
