0	1.3545496519e+12
1	1.76540291924e+11
2	4.5766380323e+11
3	5.7237177146e+11
4	5.60188985523e+11
5	5.80175425508e+11
6	23731262396.1
7	1.02671553107e+11
8	1.12356150573e+11
9	3.56883625085e+11
10	36435040099.3
11	7.08880027762e+11
12	6.20644894415e+11
13	52075629269.0
14	2.01935358056e+12
15	45642143277.1
16	4.17294770998e+11
17	1.34815494798e+11
18	2.26277101274e+11
19	95671195687.2
20	3.25855450799e+11
21	7.94601531052e+11
22	4.51900732816e+11
23	2.01536418951e+11
24	2.5606314492e+11
25	3.82630672571e+11
26	1.0619605315e+11
27	2.47278344297e+11
28	1.75656789025e+12
29	1.61758150871e+12
30	9.45354526373e+11
31	2.72553974863e+11
32	1.00874993571e+11
