0	5.83839531345e+11
1	9.91024663263e+11
2	2.89185027404e+12
3	1.91441983957e+11
4	6.48311186499e+11
5	6.75368879173e+11
6	3.24599733959e+11
7	4.24722166319e+11
8	1.02375600761e+12
9	5.81556229267e+11
10	2.28415087535e+11
11	1.63974253854e+11
12	2.25730723049e+11
13	2.01584101832e+11
14	3.63633541109e+12
15	2.01037808542e+12
16	1.60866766294e+12
17	2.38808588672e+12
18	2.53315930779e+11
19	3.08204372903e+12
20	6.85446844942e+11
21	3.92606203211e+11
22	2.6748533393e+12
23	3.4598807674e+12
24	2.02779321032e+12
25	1.09309028644e+12
26	69866659082.7
27	8.66951162088e+12
28	4.58317716076e+11
29	5.77173467036e+11
30	5.10424817973e+11
31	5.28969219965e+12
32	7.48373642624e+12
33	1.08197049797e+11
34	3.17520404469e+11
35	2.41205718591e+12
36	2.04096377943e+11
37	5.86492318098e+12
38	6.51374580018e+11
39	3.54587760167e+11
40	4.88490503964e+11
41	5.08094642764e+11
42	5.90591897703e+12
43	9.75426882125e+11
44	3.99466306111e+11
45	2.99090594542e+11
46	1.13795512861e+12
47	3.52689770866e+12
48	1.40706549905e+12
49	1.8899257852e+12
50	8.54188121657e+11
51	68695352666.6
52	5.00469768275e+11
53	5.68877596089e+11
54	1.21589111207e+12
55	6.48111689672e+11
56	5.37277034016e+11
57	1.01221596536e+12
58	6.56042622419e+11
59	6.33940828876e+11
60	4.14842840649e+11
61	3.85718524413e+11
62	9.79487184008e+11
63	8.04677609156e+11
64	1.35209552515e+12
65	9.16043693105e+11
66	2.5587696278e+11
67	1.92018601566e+12
68	1.11130988076e+11
69	3.04440227467e+12
70	4.1384628471e+11
