0	3.12804881861e+12
1	2.2343117582e+12
2	4.78391650557e+12
3	3.4928548969e+12
4	6.27438488346e+11
5	8.90522423338e+12
6	3.67733093979e+11
7	6.31304458579e+11
8	3.92235445003e+11
9	2.22114785315e+11
10	1.52191364305e+12
11	5.82106494907e+11
12	6.77394471357e+11
13	2.21374611741e+12
14	1.78622304664e+12
15	1.26967055027e+12
16	2.35802656898e+12
17	4.3663470997e+12
18	2.88162870933e+12
19	2.70856203482e+12
20	1.33385765055e+12
21	2.57830242498e+12
22	1.2424074098e+12
23	1.75529018248e+12
24	3.2444376379e+12
25	5.34048555193e+12
26	5.73121321465e+11
27	1.81464316904e+11
28	2.26200196348e+12
29	4.38524199142e+12
30	4.32561722598e+11
31	6.71280105137e+11
32	1.7471828148e+12
33	2.10301914989e+12
34	5.87263313265e+11
35	1.53472432237e+13
36	5.71392530384e+12
37	8.12524539163e+12
38	4.31005521055e+11
39	1.67918681342e+12
40	9.91904522964e+12
41	3.64821944925e+12
42	5.68300435493e+11
43	6.9087438786e+12
44	2.54529451625e+12
45	5.26359599168e+11
46	1.87760792219e+12
47	1.13917948369e+12
48	3.1680781693e+11
49	1.64034282135e+12
50	7.59819235346e+11
51	2.27732222823e+12
52	3.09577529761e+12
53	8.53553559281e+12
54	1.21399067412e+12
55	7.25597269642e+12
56	85207318433.8
57	4.88333219873e+11
58	3.12627592191e+12
59	4.47819199831e+12
60	7.15268572955e+11
61	9.4880345638e+11
62	2.93883533262e+12
63	3.41454121772e+12
64	1.36040519008e+12
65	3.61656698829e+12
66	5.48010281112e+12
67	1.04700073709e+12
68	5.61750638213e+12
69	2.20016211926e+12
70	2.01601927591e+12
71	8.50242473888e+11
72	7.73968750308e+12
73	4.20997445539e+12
74	9.31647406305e+11
75	5.36972386793e+11
76	2.41506457161e+12
77	7.71233919178e+12
78	2.79985755755e+12
79	2.35317548167e+12
80	2.65091752453e+12
81	1.92008081625e+12
82	1.20538840226e+12
83	4.32653910494e+12
84	3.94584753163e+12
85	1.53302597793e+12
86	3.475046026e+12
87	5.18448921554e+12
88	2.57718308698e+12
89	9.21564148666e+12
90	8.8856125039e+11
91	1.82582514904e+12
92	8.36740278036e+11
93	2.07376261949e+12
94	7.56829381919e+11
95	2.45084411263e+12
96	1.354875466e+12
97	5.56152340071e+12
98	1.18912663912e+13
99	8.53959132416e+11
100	1.93261040013e+12
101	2.65330730798e+12
102	1.48633284019e+12
103	4.77442142969e+12
104	1.27249483928e+12
105	1.65279897791e+12
106	2.72606195907e+12
107	9.46036038078e+11
108	1.82828820087e+13
109	5.83287836797e+11
110	2.7212718965e+11
111	1.68318626816e+12
112	5.90700590189e+12
113	2.87502671791e+12
114	1.59495211616e+12
115	8.22826290945e+11
116	6.04793109702e+11
117	1.40769735923e+12
118	8.52936812715e+11
119	2.07766736373e+12
120	9.76035056576e+12
121	2.60208167334e+11
122	2.64537820797e+12
123	4.35224992787e+11
124	1.64764546007e+13
125	2.92816218078e+12
126	2.20100506435e+12
127	5.48759020893e+12
128	1.78097638365e+13
129	8.68692773636e+11
130	1.99007938202e+12
131	1.89673024367e+12
132	7.23990192657e+11
133	8.96896943233e+11
134	1.1581504781e+12
135	1.40427535236e+12
136	5.08595651369e+12
137	8.70413649256e+11
138	2.78882839248e+12
139	3.68903217621e+12
140	4.17404330735e+12
141	1.36206525544e+12
142	3.8618501979e+12
143	1.19339936638e+13
144	5.16396205049e+11
145	6.08389446841e+11
146	3.23648362152e+12
147	4.59709331361e+11
148	1.30194406331e+12
149	3.33813493659e+11
150	8.04622611486e+11
151	1.4600249654e+12
152	2.13357491123e+12
153	1.26044099389e+13
154	1.87239466472e+12
155	4.6145794561e+12
156	9.31195434341e+11
157	2.38754823369e+12
158	8.43571410932e+11
159	4.9053759122e+11
160	2.99609631765e+12
161	1.22916486167e+13
162	1.04154365218e+12
163	6.73473182516e+12
164	1.24058953923e+13
165	1.46594123903e+13
166	3.40531469999e+12
167	3.41389245099e+11
168	4.38681579204e+12
169	6.93306137311e+11
170	3.42456299672e+12
171	2.89077033783e+13
172	1.18029182342e+12
173	5.30265939662e+12
174	2.18216136e+12
175	2.77828532484e+12
176	3.2285362768e+11
177	5.36452569821e+11
178	2.74719415697e+12
179	1.35202420418e+12
180	4.93348530717e+12
181	1.76110354945e+12
182	1.94673789386e+12
183	2.18075862955e+12
184	5.29781657337e+12
185	1.6052374469e+12
186	9.16563313966e+11
187	1.67051551019e+12
188	3.01265475573e+12
189	7.85789889997e+11
190	3.35596116352e+12
191	1.69652878238e+12
192	2.87229890521e+11
193	3.19882854492e+11
194	2.75843664113e+12
195	1.03869715272e+12
196	9.1707951924e+12
197	3.98417568626e+12
198	1.67858964555e+12
199	2.77807495213e+12
200	1.74667811001e+12
201	6.30046918633e+11
202	4.81072921105e+11
203	1.02731952556e+12
204	9.4427557796e+11
205	9.50596844119e+11
206	1.15284484089e+12
207	1.09810760479e+13
208	2.30573932142e+12
209	1.25836126253e+12
210	3.47868876082e+12
211	1.51713310239e+12
212	6.36502665208e+11
213	9.97993605467e+11
214	1.98818781059e+12
215	4.38682058111e+11
216	2.00411560318e+12
217	2.11905754787e+12
218	5.0053823852e+12
219	1.63799000487e+12
220	4.05388458449e+12
221	9.85440776254e+11
222	3.21943516116e+12
223	6.4518357432e+12
224	2.11232143781e+12
225	1.36191296397e+12
226	2.01860500704e+12
227	1.90250789896e+12
228	5.69043339051e+11
229	1.25005173452e+12
230	7.39779393412e+12
231	2.48389539172e+12
232	7.68711605593e+11
233	4.21090144231e+12
234	4.55198000921e+11
235	7.1235409598e+12
236	5.98488828027e+12
237	4.40673091434e+12
238	1.69506517962e+12
239	2.86831534403e+12
240	1.30472621992e+12
241	1.25572157559e+13
242	1.21491040547e+12
243	3.70195607699e+12
244	5.00217587047e+12
245	4.20370886821e+12
246	2.09694418126e+12
247	1.00287902809e+12
248	1.30026045353e+12
249	2.52732190644e+12
250	5.82612641866e+12
251	2.97290984345e+12
252	5.90050533137e+11
253	1.49332070223e+11
254	2.69886283887e+12
255	1.8615082709e+12
256	2.46812331362e+12
257	1.86538601544e+12
258	3.97112356136e+12
259	1.25408012069e+13
260	1.27281378863e+13
261	3.17679075816e+12
262	2.39283098569e+13
263	9.64301309786e+11
264	2.32113464966e+12
265	4.84234490988e+11
266	9.79700932477e+12
267	2.05802708794e+12
268	3.5996488429e+12
269	2.87528780763e+12
270	8.96266017765e+11
271	5.39321562803e+12
272	1.56623780468e+12
273	2.06844293728e+12
274	5.16227659334e+12
275	2.47818963545e+12
276	4.09307216613e+11
277	2.82656291905e+12
278	4.59914262765e+11
279	8.70206659891e+11
280	4.32647042838e+12
281	1.15341584952e+12
282	7.28200273231e+12
283	8.18946479851e+11
284	1.77905566112e+12
285	9.9388215456e+11
286	1.09675405254e+13
287	1.76231351251e+12
288	4.35722192821e+11
289	1.92940878658e+12
290	7.70535990027e+12
291	9.20879927942e+12
292	5.38966692052e+11
293	3.9849340055e+11
294	2.0390463985e+11
295	2.47677126092e+12
296	4.52556680499e+12
297	2.39797849264e+12
298	3.90870815515e+11
299	3.4784580648e+13
300	1.41156996718e+12
301	4.30730139512e+12
