0	6.10893153722e+11
1	1.64888339807e+11
2	1.02057810569e+11
3	8.31008430841e+11
4	1.74634807724e+11
5	4.80794985688e+11
6	3.04298742638e+12
7	5.00146584626e+11
8	3.95338891013e+11
9	1.82972237225e+11
10	1.82103725037e+12
11	9.37648940203e+11
12	5.9128232463e+11
13	1.43186383849e+11
14	2.76029300541e+11
15	8.76245112523e+11
16	3.68976443387e+11
17	4.90286003142e+11
18	6.72217175851e+11
19	2.4099270597e+11
20	3.30062899432e+11
21	91203004425.6
22	4.58661716884e+11
23	4.15757004692e+11
24	1.23135668235e+11
25	3.50033567809e+11
26	1.01040454444e+12
27	4.54600800881e+11
28	3.95984908496e+11
29	1.57045623524e+12
30	3.40794742172e+12
31	2.16126545728e+11
32	1.10895496913e+11
33	7.05583781775e+11
34	1.19461268141e+12
35	2.47160673665e+11
36	4.44989071191e+11
37	9.05749807914e+11
38	7.70669277549e+11
39	4.49677282307e+11
