0	2.20994321088e+12
1	3.08958421196e+12
2	2.74611332863e+12
3	1.67561916217e+12
4	7.18044342118e+12
5	1.15749357455e+12
6	2.83820077478e+12
7	2.39190402107e+12
8	2.34317152575e+12
9	2.22423624634e+12
10	9.61408187196e+11
11	2.41936516565e+12
12	2.05189770553e+12
13	4.53327695874e+12
14	4.67851355945e+12
15	8.94666566137e+11
16	1.37262479953e+12
17	2.58367849861e+13
18	2.91405243196e+12
19	6.99472595927e+12
20	1.00551315764e+13
21	2.09029933775e+12
22	1.22591160599e+12
23	6.55679504912e+12
24	1.64881281422e+12
25	5.05287639373e+12
26	7.93496153674e+12
27	3.24391909322e+12
28	5.34746822095e+11
29	7.8038880205e+12
30	6.24146429948e+12
31	4.28772460526e+12
32	2.83222591443e+12
33	4.21743682789e+12
34	2.32238741965e+13
35	2.25388541591e+13
36	6.99134744912e+12
37	1.22521341512e+13
38	3.6619316617e+12
39	9.17837910992e+11
40	2.40660161629e+12
41	2.37303352798e+12
42	7.17548985101e+12
43	2.12360021422e+12
44	4.18206769789e+12
45	2.05432080015e+12
46	1.20013369079e+13
47	5.08491580251e+12
48	2.34512256166e+12
49	2.26427493196e+12
50	6.8630059832e+12
51	1.50325735394e+12
52	5.88166077671e+12
53	6.47421947856e+12
54	2.69150001137e+12
55	1.5104825769e+13
56	4.30653170237e+12
57	8.69432350308e+11
58	3.65563110234e+13
59	1.14066753928e+13
60	7.38657770866e+11
61	4.3294734548e+12
62	2.25040899499e+12
63	6.73926613197e+12
64	4.19075771578e+12
65	2.72892758542e+13
66	6.20023590912e+12
67	1.26983160065e+13
68	5.15123137661e+12
69	1.52238297246e+12
70	9.86773232557e+11
71	3.924065146e+12
72	2.46594866179e+12
73	5.38980286031e+12
74	4.45206410391e+12
75	1.72006865903e+12
76	1.73517177856e+12
77	4.16173229814e+12
78	2.20388289924e+12
79	9.5019137136e+12
80	8.61814727573e+13
81	4.63613994929e+12
82	3.69725339446e+12
83	4.17742166516e+12
84	3.06798736034e+12
85	3.80853331135e+11
86	7.41248239055e+12
87	2.7912869785e+12
88	5.72034132411e+12
89	1.27958645903e+12
90	4.41274684872e+12
91	2.27518035751e+12
92	7.87674120568e+12
93	1.10718366396e+12
94	6.68219643187e+12
95	8.01665008995e+11
96	1.22122817353e+12
97	1.5603585275e+12
98	1.6111494015e+12
99	4.23780527814e+12
100	5.58150528973e+12
101	1.76470069408e+12
102	3.19453900311e+13
103	3.76454497352e+12
104	3.85402458032e+12
105	1.03988373473e+14
106	2.33033694639e+12
107	3.15902274264e+13
108	1.72201563047e+12
109	8.61769078838e+11
110	3.32067948418e+12
111	2.28418581622e+12
112	4.24132613646e+12
113	4.06512265618e+12
114	1.43277827565e+13
115	1.03824596864e+13
116	4.61489522321e+12
117	2.5873119949e+12
118	7.51790013685e+11
119	2.5831516599e+12
120	5.80696469848e+12
121	6.60124415186e+12
122	3.75131260367e+11
123	3.07553928238e+12
124	3.70010057116e+12
125	1.26492645403e+12
126	1.57919117665e+12
127	1.53813986373e+13
128	8.05979709804e+11
129	6.99193169489e+12
130	3.59756276812e+12
131	3.90085486756e+12
132	3.09833650624e+12
133	1.27267054408e+12
134	6.04872696048e+12
135	1.12727719572e+12
136	2.14913088064e+12
137	7.52168894045e+12
138	4.77416275708e+11
139	8.29985692033e+11
140	7.71094458452e+12
141	2.85918776775e+12
142	5.93770581855e+12
143	6.44705621152e+11
144	1.03003743591e+12
145	8.59738709759e+12
146	9.21202096774e+11
147	1.5949991688e+12
148	5.14681826331e+12
149	2.78868369135e+12
150	1.8346530183e+12
151	1.03979990744e+13
152	2.94679979944e+12
153	2.95531079113e+12
154	4.42582043301e+11
155	6.11066271944e+12
156	2.08894315827e+12
157	1.98501595866e+12
158	5.17777961083e+12
159	1.58435164115e+12
160	2.36210137988e+12
161	4.10788419013e+12
162	4.14378048444e+12
163	2.77984222352e+11
164	1.05861860413e+13
165	2.34972252268e+12
166	4.24568989105e+12
167	5.29819790761e+11
168	1.88277130281e+12
169	4.07577607634e+12
170	8.84339799413e+11
171	1.86661033751e+12
172	8.62959048013e+12
173	2.9016897828e+12
174	6.67594865412e+12
175	2.16369032036e+12
176	3.2233808393e+12
177	6.04898251813e+12
178	9.99245907873e+12
179	3.62978626187e+12
180	1.39496577583e+13
181	1.26986228253e+12
182	5.22174219559e+12
183	6.22848510836e+12
184	3.91117387459e+12
185	2.33907700542e+12
186	1.78086751777e+12
187	3.91738565924e+12
188	5.96842884399e+12
189	7.91130889813e+12
190	1.5418095303e+12
191	7.07645835317e+12
192	3.4326134194e+12
193	7.93958129158e+11
194	1.80320726705e+12
195	1.0250331512e+12
196	3.44605852731e+12
197	3.17718087395e+12
198	5.94722293259e+12
199	1.78240207273e+13
200	1.66419454107e+13
201	5.93285069507e+12
202	1.59838812831e+13
203	1.4722133548e+12
204	1.88242770124e+13
205	4.40011107221e+12
206	1.48023493745e+13
207	3.2417337112e+12
208	1.93089963167e+12
209	2.21077128292e+12
210	1.72796206425e+12
211	2.41474458053e+12
212	2.47235629341e+13
213	2.35571347068e+12
214	3.71566924403e+12
215	6.13851020502e+12
216	3.98146556102e+12
217	6.92994996262e+12
218	9.63698432684e+12
219	2.7151282523e+12
220	3.71513847623e+12
221	4.5420382764e+12
222	4.52405306666e+12
223	1.11337506464e+13
224	6.08022457135e+12
225	8.27161645789e+12
226	3.2761355542e+12
227	2.77289873761e+12
228	6.55325652608e+12
229	8.18199045724e+11
230	9.48548126753e+12
231	1.30415011144e+12
232	8.83898433352e+11
233	4.83223224756e+12
234	3.18222403772e+12
235	4.34200626062e+12
236	8.04012700417e+12
237	1.02013240047e+13
238	3.70900586686e+12
239	3.49058312076e+12
240	7.9275731009e+11
241	6.51736589356e+12
242	2.82281347197e+12
243	1.81237938529e+12
244	1.39703837123e+12
245	9.08880722392e+12
246	7.66195254172e+11
247	5.50994617391e+12
248	7.7042707569e+12
249	3.66014366869e+11
250	4.36878458185e+12
251	2.51849736384e+12
252	4.73446437055e+12
253	1.95914834783e+12
254	1.81883374847e+12
255	7.59875830517e+12
256	3.03593123902e+12
257	5.5447131781e+12
258	1.97466959208e+12
259	7.21046111902e+12
260	4.21021819545e+12
261	8.97218059788e+12
262	4.87062630586e+12
263	1.40933247778e+12
264	3.91124740496e+12
265	1.9227703769e+12
266	3.11426414143e+12
267	2.0290947944e+12
268	1.28019978977e+12
269	9.97173898989e+12
270	2.38960931862e+12
271	9.5030441441e+12
272	5.16434626479e+12
273	2.211096761e+12
274	1.30246777875e+13
275	3.32235920082e+12
276	1.9071971708e+12
