0	97103211275.0
1	2.98550467789e+11
2	2.19905408616e+11
3	22924988236.7
4	3.91548760198e+11
5	2.35579330546e+11
6	3.56857387004e+11
7	3.31660355308e+11
8	5.96511508648e+11
9	2.19761683337e+12
10	5.66289244261e+11
11	94260548438.8
12	1.91847670998e+11
13	3.2908928593e+11
14	3.09574397185e+11
15	1.83129594027e+11
16	5.9924538634e+11
17	6.97767739489e+11
18	1.47302842519e+11
19	47054927702.1
20	2.25322812683e+11
21	1.14417318755e+11
22	99408576828.2
23	3.6123992836e+11
24	5.2131044583e+11
25	3.68922489834e+11
26	6.88119032413e+11
27	8.45669714184e+11
28	1.12691001039e+11
29	4.38058221243e+11
30	1.48912637979e+12
31	1.34785370903e+11
32	1.6234766251e+11
33	8.00029582969e+11
34	5.01183637261e+11
35	1.99053191173e+11
36	3.43454641907e+11
37	2.87144238035e+11
38	3.7878898407e+11
39	45500145663.7
40	3.78157995704e+11
41	2.82469302397e+11
42	1.29673118531e+12
43	2.83649712003e+11
44	92120285937.1
45	2.54094083945e+11
46	3.09388306118e+11
