0	1.98424394484e+12
1	1.4630583851e+12
2	1.38222478764e+12
3	3.95469881365e+11
4	7.60047405687e+11
5	5.28910490215e+11
6	7.41941176917e+11
7	1.11308920635e+11
8	5.09323862247e+11
9	4.35428275731e+12
10	2.94379389043e+12
11	9.12626484687e+11
12	7.82621516212e+11
13	7.05912591827e+11
14	1.96201635118e+11
15	6.59967453426e+11
16	5.07673373532e+11
17	1.15982659584e+11
18	3.05491852914e+11
19	1.60934035068e+12
20	1.66009420457e+12
21	2.71763865418e+11
22	1.22965254655e+11
23	4.52337377781e+11
24	4.40599921158e+11
25	2.80051406194e+12
26	8.88585179258e+11
27	5.54689199935e+11
28	3.12839317336e+11
29	1.97588075731e+11
30	1.07026919586e+12
31	7.27458182369e+11
32	1.11895331673e+11
33	2.14433751225e+12
34	2.98483596115e+12
