0	1.47439246629e+12
1	1.38730799846e+12
2	1.84042978913e+12
3	3.10469641873e+11
4	8.62082946912e+11
5	1.99177931696e+12
6	6.76660607301e+11
7	2.07553706486e+12
8	1.9084023515e+12
9	7.88727662239e+11
10	4.06083973998e+11
11	6.89690959963e+11
12	1.5483397826e+11
13	1.44863389062e+12
14	7.7546504153e+11
15	8.24372363051e+11
16	1.86369853592e+12
17	2.16073985921e+12
18	2.11876499469e+11
19	1.45466987391e+12
20	1.45840267944e+12
21	1.83770429787e+11
22	9.32667405009e+11
23	1.28271339045e+12
24	1.64280552748e+12
25	2.81418779551e+11
26	4.33480651458e+11
27	3.67165312186e+11
28	3.01296212582e+12
