0	5.1618526359e+12
1	3.89708180179e+12
2	9.44270170008e+11
3	8.46196444497e+11
4	4.2942794221e+11
5	2.59068652753e+12
6	7.23147991846e+11
7	6.2313848464e+11
8	7.68252111132e+11
9	1.94007220641e+12
10	8.35654307775e+12
11	4.75735839548e+11
12	4.05309190421e+12
13	2.24184533704e+12
14	1.01247064313e+13
15	2.78818380993e+11
16	5.92776862604e+12
17	3.71932466882e+12
18	2.59868936322e+12
19	5.23966255219e+12
20	1.77600663054e+12
21	1.2650031837e+12
22	1.1741406697e+12
23	1.15372392066e+12
24	6.01057268441e+11
25	2.29009900481e+12
26	3.77198583902e+12
27	1.99708009536e+12
28	1.17001712953e+12
29	4.22724150198e+12
30	2.11345077303e+12
31	4.6286780708e+11
32	9.15297852713e+11
