0	1.57303648065e+11
1	4.93274621437e+11
2	1.30230704756e+11
3	2.66110097883e+11
4	9.01973381136e+11
5	2.27130680246e+11
6	9.30256064495e+11
7	1.90580539417e+11
8	3.23391588358e+11
9	5.78692367014e+11
10	8.2269325852e+11
11	2.29362511942e+11
12	1.4406428631e+12
13	53828483637.2
14	1.23744152997e+11
15	3.04343226781e+11
16	7.41924384998e+11
17	1.22665047679e+11
18	1.38973710096e+11
19	53847831540.6
20	6.10932246798e+11
21	1.23269870257e+11
22	99841321290.2
23	1.42139232268e+11
24	1.64698775568e+12
25	1.1610125589e+11
26	2.21147786334e+11
27	2.94012295274e+11
