0	7.46993659837e+11
1	2.38568499602e+12
2	3.32768566389e+11
3	8.10928831789e+11
4	6.55396099662e+11
5	3.35973897479e+11
6	2.28485230038e+12
7	8.33470875178e+11
8	6.66117359829e+11
9	5.07935341433e+12
10	2.89981315621e+12
11	1.90219184424e+12
12	2.18851691145e+12
13	3.42661607979e+11
14	7.15511578785e+11
15	5.28813182045e+12
16	5.33098226195e+11
17	6.09827982117e+12
18	8.00141041884e+11
19	2.06025527067e+12
20	2.12022247247e+11
21	52616629938.2
22	4.82144569731e+11
23	1.52748266964e+12
24	8.67994020359e+12
25	1.49057417312e+11
26	2.08382081879e+12
27	1.97143894727e+12
28	4.24254765943e+11
29	7.81502551202e+11
30	5.67670605288e+11
31	9.95206322747e+11
32	1.04582439106e+12
33	9.4435685412e+11
34	6.6053842689e+11
35	2.49793554838e+11
36	9.242158295e+11
37	2.19780866554e+11
38	1.08024217374e+12
39	5.6614474125e+12
40	2.10494785494e+12
41	1.16226532357e+12
42	1.34458985581e+12
43	8.65911751485e+11
44	2.06880889931e+11
45	1.67954509115e+12
46	1.47261075442e+12
47	7.47629631617e+11
48	7.62562994391e+11
49	5.29072601453e+11
50	1.0185807397e+12
51	1.44504453916e+12
52	5.7978213553e+12
53	1.44187569678e+12
54	1.85089119479e+11
55	1.14666242836e+12
56	1.90340870852e+12
57	3.03493546096e+11
58	2.12915241963e+11
59	2.34040011883e+12
60	3.4558614135e+11
61	7.05384155482e+11
62	2.65259081639e+11
63	6.56218082345e+11
64	2.99438087397e+12
65	7.29781212597e+11
