0	4.81046868628e+12
1	2.4926602817e+11
2	4.12656045386e+11
3	3.93203526909e+11
4	1.35352842037e+12
5	5.84616724883e+11
6	1.61223052446e+12
7	2.07438280833e+11
8	8.45526508097e+11
9	91791579544.9
10	2.87661437666e+12
11	2.45320647516e+11
12	4.6815298697e+11
13	4.55339182736e+11
14	1.50442046206e+12
15	3.43783850785e+11
16	1.67204449109e+12
17	69755181926.6
18	1.06879511508e+12
19	1.09677988209e+12
20	2.93950884912e+11
21	4.57555922185e+11
22	3.14892863876e+11
23	1.17641347522e+12
24	1.61807039732e+12
25	1.65515906577e+12
26	6.98820196227e+11
27	3.49155023935e+11
28	1.37354015214e+12
29	91421057042.9
30	3.7847716686e+11
31	1.49420280408e+11
32	74620857861.9
33	6.47481713953e+11
34	3.97288869193e+12
35	5.94030843185e+11
36	1.87547517326e+11
37	3.05654513148e+11
38	3.02390982869e+11
39	1.98323168944e+12
40	1.90760552777e+11
41	6.70411011422e+11
42	7.10093812373e+11
43	3.35098296744e+11
44	1.27261091912e+11
45	8.4508345838e+11
46	7.58859469857e+11
47	1.39438853109e+12
48	1.20101683112e+11
49	1.50114157085e+11
50	1.92809147693e+11
51	1.47075453683e+11
52	4.35868290291e+11
53	3.67009869294e+11
54	1.03141034678e+12
55	4.12244218618e+11
56	19158505701.9
57	43073723444.6
58	1.3747169658e+11
59	1.51664150052e+11
60	4.59095219978e+11
61	1.51829436805e+11
62	7.40814354295e+11
63	6.16356649737e+11
64	9.57581674475e+11
65	1.51614432703e+11
66	53505381350.0
67	1.27070325175e+12
68	2.69626661949e+11
69	1.22297639747e+12
70	2.62543999067e+11
71	2.62290509721e+12
72	6.76003872174e+11
73	1.09627303378e+12
74	8.77187743675e+11
75	9.66729006873e+11
76	6.19579815176e+11
77	9.62461589583e+11
78	4.06902774554e+11
79	5.87951049465e+11
80	3.78030915459e+11
81	3.82876390152e+11
82	6.27195325625e+11
83	8.13166312348e+11
84	82787809846.7
85	9.96267289301e+11
86	2.32366943708e+12
87	1.09067107419e+12
88	2.26797325046e+11
89	63384384175.3
90	8.40734099542e+11
91	2.7798596825e+11
92	9.6362387362e+11
93	1.08196412725e+11
94	3.55675512591e+11
95	1.58564575204e+11
