0	1.39314808638e+12
1	8.44669499523e+11
2	7.07160026427e+11
3	6.53959932879e+11
4	2.87766058319e+11
5	1.07542099926e+12
6	7.96995823312e+11
7	2.36356823306e+12
8	1.66428159681e+12
9	1.67245300911e+12
10	4.45422956468e+11
11	2.80504064679e+11
12	1.68201428216e+11
13	5.03198593244e+11
14	6.51313738244e+11
15	2.7613886757e+12
16	1.23545298249e+12
17	8.4885210761e+12
18	7.34440333487e+12
19	2.57503023925e+12
20	2.99597231352e+11
21	1.09664542615e+12
22	4.03651371007e+11
23	9.78261300915e+11
24	7.80657054513e+12
25	6.65077452795e+11
26	1.87206844e+12
27	5.37752515944e+11
28	1.80506972409e+12
29	3.60610212974e+12
30	5.6790407564e+11
31	6.40871687378e+12
32	9.04102133219e+11
33	1.04389958789e+13
34	1.43007616722e+12
35	3.16810273119e+12
36	1.14092671201e+11
37	1.99476935086e+11
38	4.95596507528e+12
39	1.50313245959e+12
40	2.33659091288e+12
41	3.21145795885e+11
42	7.41291260333e+11
43	8.99188922974e+11
44	3.13973743251e+12
45	4.50629862699e+11
46	74267003018.5
47	8.74010147789e+11
48	2.78755141404e+12
49	5.37163431195e+11
50	3.57043207307e+11
51	1.54876321135e+11
52	2.3110884319e+12
53	2.30635492778e+12
54	2.15185945764e+12
55	4.87779980182e+11
56	7.22442777524e+11
57	5.54704456186e+12
58	3.37060508874e+12
59	1.89083680393e+12
60	4.05315664359e+11
61	1.02993029679e+12
62	1.52571000659e+12
63	1.04740590804e+12
64	8.23647152814e+11
65	1.67649415305e+11
66	2.69689976096e+11
67	2.77926196426e+12
68	1.38437859336e+12
69	3.39351868922e+12
70	1.89340648652e+11
71	1.21823381818e+12
72	3.19286082057e+12
73	2.34462667022e+12
74	3.39305293631e+11
75	4.93957925702e+11
76	1.30139635992e+11
77	8.08861817869e+11
78	8.77773420815e+11
79	2.72649995904e+13
80	2.91092650126e+11
81	1.37502031558e+12
82	2.67293130282e+12
83	95926348770.7
84	6.18518674328e+12
85	7.76177685751e+11
86	4.55320307517e+12
87	1.10745559869e+13
88	5.87850242755e+11
89	1.69285420341e+12
90	3.15327384066e+11
91	5.70335754243e+11
92	3.45324481409e+11
93	1.19405468951e+12
94	1.59443456798e+11
95	1.06437466442e+13
96	3.8843705084e+12
97	5.02610208866e+12
98	4.30048059141e+12
99	6.00106417029e+11
100	2.36109540661e+12
101	7.738763866e+11
102	5.41873850309e+12
103	3.42410698038e+11
104	1.86598861261e+12
105	1.00320191861e+12
106	1.33753863007e+12
107	4.85222106153e+12
108	8.79327424548e+11
109	5.39016602684e+12
110	3.91801151912e+12
111	2.4098160271e+12
112	6.74203703211e+11
113	1.2589185891e+12
114	9.47884943722e+11
115	1.0417222962e+12
116	89461516368.0
117	1.81422728141e+12
118	3.00991579553e+11
119	1.74445637181e+11
120	8.30728260132e+11
121	6.14151992634e+12
122	5.75880049769e+11
123	1.1252299524e+12
124	1.60335426553e+11
125	1.10025856202e+12
126	5.32685240892e+11
127	1.91681900408e+12
128	1.22853007419e+12
129	2.37109028774e+12
130	1.01411421329e+12
131	1.46442031216e+12
132	5.32721587068e+12
133	7.77305114372e+12
134	1.22398347138e+12
135	1.50602475133e+11
136	1.03797615967e+12
137	8.74450941651e+11
138	5.27372654718e+11
139	2.27721882592e+12
140	3.99973844307e+12
141	8.53593084372e+11
142	9.51428560939e+11
143	7.40727908022e+11
144	4.85230316087e+12
145	1.47889169354e+12
146	3.53588926942e+11
147	1.54251222745e+12
