0	4.26609480327e+11
1	1.65262223812e+12
2	4.33172818215e+11
3	1.99521841745e+12
4	1.60368302076e+12
5	2.77380951049e+11
6	3.6307948208e+11
7	4.69843082667e+12
8	3.70107747979e+11
9	7.76989463273e+11
10	6.81184187345e+11
11	4.54388476568e+12
12	1.57846861058e+11
13	7.0703903599e+11
14	9.7796757949e+11
15	5.26218888338e+11
16	1.59084042191e+11
17	1.39705445892e+11
18	1.57807772335e+12
19	9.18185883068e+11
20	2.6147808432e+11
21	6.92737417991e+11
22	4.64441221287e+11
23	61129673120.6
24	1.41924657828e+12
25	4.60805822321e+11
26	1.88190883245e+12
27	1.81992043895e+12
28	8.69400587406e+11
29	3.60602551936e+11
