0	4.85475601134e+11
1	9.25922927927e+12
2	4.99556627807e+12
3	1.1527860427e+12
4	4.05463688856e+12
5	3.90663385094e+11
6	2.64443143373e+12
7	8.46799124636e+11
8	2.15092582145e+11
9	3.15328645495e+12
10	2.72320966476e+11
11	4.27859219993e+11
12	3.318142984e+11
13	2.557783235e+11
14	2.69617359153e+12
15	1.02173254961e+12
16	4.88595149595e+11
17	7.75596978449e+11
18	3.09082489964e+11
19	1.04816086604e+12
20	4.82408878845e+12
21	1.38083097118e+12
22	73977399071.3
23	1.768086854e+12
24	1.11168995784e+11
25	8.54072638107e+11
26	4.59624485555e+12
27	8.08842554649e+11
28	9.13132651203e+11
29	4.3018617969e+11
30	2.51224691412e+12
31	1.50517490201e+12
32	4.35545439475e+12
33	3.75099026222e+11
34	1.15121835794e+12
35	3.84156986243e+11
36	1.10466898721e+12
37	7.41119209266e+11
38	1.94020302292e+12
39	4.38624206924e+11
40	4.60145638731e+11
41	2.07349679891e+11
42	6.85484013729e+12
