0	2.48706917422e+11
1	80868935618.3
2	3.41517531263e+11
3	6.40098025011e+11
4	2.74364150398e+12
5	3.53696923369e+11
6	1.97057459963e+12
7	8.76308725346e+11
8	2.86280860046e+12
9	1.91699374658e+12
10	8.29350652138e+12
11	4.44845644591e+11
12	1.82114445287e+12
13	6.06569263415e+11
14	1.0808324299e+12
15	6.91299471052e+11
16	5.39589004084e+11
17	5.51920454992e+12
18	1.53445618814e+12
19	2.01593804662e+12
20	1.23896432839e+12
21	2.14946560393e+12
22	9.60471318137e+11
23	1.62476464239e+12
24	8.59943349957e+11
25	1.72168395458e+12
26	5.376765865e+12
27	4.46728308407e+11
28	7.65089858484e+12
29	6.56339308437e+12
