0	6.51079464406e+11
1	1.86606004029e+12
2	5.13462328339e+11
3	4.93334787863e+11
4	3.70714614764e+12
5	2.14444389289e+12
6	6.61938345987e+11
7	1.53447388813e+12
8	1.3376060397e+12
9	5.08584505471e+11
10	3.14818753253e+11
11	1.54304918476e+11
12	9.62495714049e+11
13	26466936081.2
14	8.71361237497e+11
15	9.95846494465e+11
16	9.91634488585e+11
17	1.40864091808e+11
18	2.69922247041e+11
19	2.27068372625e+11
20	6.47932225273e+11
21	5.85231515849e+11
22	1.16609852829e+12
23	3.61090446868e+11
24	4.36878491718e+11
25	4.9005889072e+11
26	2.58853094176e+11
27	1.79207528838e+11
28	5.44283912131e+12
29	3.2575822416e+12
30	1.50590626962e+12
31	5.19832046035e+11
32	6.97132623438e+11
33	2.98707866469e+11
