0	1.70513756166e+11
1	34719505220.4
2	3.50723545596e+11
3	2.4103385013e+11
4	2.22562755813e+11
5	5.9092803808e+11
6	5.91576214019e+11
7	3.88904325843e+11
8	3.47127874343e+11
9	97848372288.0
10	18934003032.1
11	3.23084262003e+11
12	95449611371.8
13	2.27367563612e+11
14	2.15224129306e+11
15	1.0679518071e+12
16	37312040421.4
17	1.66852686322e+11
18	2.10602263132e+11
19	2.37246586065e+11
20	5.28563922315e+11
21	5.43075961025e+11
22	5.63269469109e+11
23	45361897719.0
24	2.82168433465e+11
25	59141800298.5
26	2.08061794365e+11
27	59698706427.4
28	1.91879432875e+11
29	2.53486298462e+11
30	2.28482710651e+11
31	8.23771256832e+11
32	72434554530.8
33	1.94729857588e+11
34	39524998147.8
35	1.0285707945e+11
36	1.0725721474e+11
37	30962032652.0
38	1.13708728562e+11
