0	2.66106251291e+11
1	29619153234.2
2	64511721740.7
3	1.2037087207e+11
4	4.83717904362e+11
5	2.47076441719e+11
6	3.81106763884e+11
7	1.1227743682e+11
8	1.40854576897e+12
9	2.3286518136e+11
10	7.18242673891e+11
11	1.23022118765e+11
12	2.84634467937e+11
13	4.7724626531e+11
14	7.54248291735e+11
15	95581040010.3
16	1.13833948882e+11
17	86296942897.3
18	2.54980236267e+11
19	1.16820750454e+12
20	1.29791486946e+12
21	2.9701725517e+11
22	4.16024821296e+11
23	1.44858705412e+12
24	3.64955569779e+11
25	90539128089.5
26	8.40140252275e+11
27	1.79042578949e+11
28	4.3209647017e+11
29	6.72889995829e+11
30	1.82499297012e+11
31	44816781229.1
32	1.04566229743e+11
33	4.55442285175e+11
34	1.55800631602e+11
35	93573737977.3
36	2.04676114334e+11
37	1.83265247749e+11
38	1.2268448549e+11
39	1.39959427326e+11
40	3.25162193404e+11
41	4.210613848e+11
42	5.64927191308e+11
43	1.79882165171e+11
44	95947564322.5
45	1.24261401604e+12
46	3.47401340525e+11
47	1.20735661713e+11
48	1.9444498827e+12
49	2.73633539721e+11
50	2.76420952713e+11
51	9.59975322727e+11
52	2.25025139741e+11
53	4.22876215968e+11
54	1.99531800557e+11
55	1.06587580884e+11
56	4.45840423549e+11
57	4.30052890572e+11
58	3.82315511662e+11
59	3.49519487516e+11
60	2.03581011381e+11
61	3.96024764781e+11
62	87945006739.9
63	8.8865422791e+11
64	2.88252567684e+12
65	3.10933975134e+11
66	2.07301904779e+11
67	6.06735955519e+11
68	74048538718.5
69	2.73503609588e+11
70	6.59840829587e+11
71	9.1805177896e+11
72	1.91549132157e+12
73	2.50108389392e+11
74	1.44939406253e+12
75	4.3825852093e+11
76	5.53266012685e+11
77	3.67962860099e+11
78	1.28254058253e+11
79	6.96227757363e+11
80	2.44232613517e+11
81	1.85797013928e+12
82	53252636203.8
83	8.40312038536e+11
84	1.34778682686e+11
85	1.37456219827e+11
86	7.62971629315e+11
87	3.24376206482e+11
88	6.52774482921e+11
89	49082109245.4
90	1.88305143405e+11
91	4.4912055248e+11
92	70455307991.0
93	17263440236.6
94	1.60141732532e+11
95	2.82251982018e+11
96	1.82539081694e+11
97	3.02190683509e+11
98	3.72296827019e+11
99	2.17388354332e+11
100	2.74801043369e+12
101	1.96783750675e+11
102	1.14243668266e+12
103	30749676488.9
104	8.73053094667e+11
105	5.79457712281e+11
106	1.02156843674e+11
107	6.34299887967e+11
108	3.15206934188e+11
109	7.33588403289e+11
110	1.92679405616e+11
111	61205654487.3
112	1.39848654367e+12
113	2.07889460477e+11
114	5.09289948531e+11
115	4.43770701716e+11
116	1.8541190867e+11
117	1.34042116621e+12
118	1.90385648916e+11
119	4.7546923106e+11
120	46745243229.1
121	4.87168595108e+11
122	1.43822138584e+11
123	18821534694.6
124	2.07784031821e+11
125	74974749795.4
126	2.71342910925e+11
127	34195019569.5
128	1.64305035012e+11
129	3.45576808655e+11
130	4.3549826628e+11
131	5.5407913753e+11
132	7.57487433747e+11
133	1.77848632967e+11
134	1.83195124065e+11
135	2.08458442605e+12
136	7.07058457288e+11
137	1.25204202795e+11
138	1.9385995418e+11
139	1.07512966931e+11
140	7.56497576528e+11
141	51625352196.2
142	6.81450063199e+11
143	4.48953270522e+11
144	8.3832958859e+11
145	1.98349724222e+11
146	2.23911776379e+11
147	2.20322849228e+11
148	5.44528034793e+11
149	1.11788317254e+11
150	7.54346855882e+11
151	2.05446444964e+11
152	5.11460417762e+11
153	1.94994925346e+11
154	8.64597745891e+11
155	1.12813988855e+11
156	1.51639674064e+11
157	1.54467380564e+11
158	1.91602543337e+11
159	26890495907.8
160	1.97242392147e+12
161	2.84668122788e+11
162	67201945863.6
163	6.05449478207e+11
164	1.08777493346e+11
165	1.05074307278e+11
166	3.47490467079e+11
167	2.99633261327e+11
168	2.69569561569e+11
169	1.27634775825e+11
170	2.38181443704e+11
171	7.45175451081e+11
172	2.78476785998e+11
173	82801181348.1
174	5.15306362335e+11
175	1.53750658714e+11
176	74424277478.9
177	2.59905578029e+11
178	1.55748666393e+11
179	23250700758.9
180	2.5646960746e+11
181	1.10766467148e+11
182	73781176042.0
183	84613879515.8
184	1.22034685838e+12
185	3.3340151206e+11
186	2.53183625543e+11
187	2.38213834759e+11
188	1.65362725125e+11
189	4.43417791812e+11
190	94160710882.5
191	1.15810359276e+12
192	5.45244696287e+11
193	43945250631.4
194	1.40018322701e+11
195	1.33191349902e+11
196	4.06045631124e+11
197	4.25984253655e+11
198	2.70806684925e+11
199	2.72152301671e+11
200	8.7662120302e+11
201	4.73668235257e+11
202	2.1066626364e+11
203	4.77272878888e+11
204	7.52430270382e+11
205	1.20721276875e+11
206	8.42980193971e+11
207	2.37217277702e+11
208	2.8873329673e+11
209	2.79666856665e+11
210	1.87912706037e+12
211	1.45926837287e+11
212	4.30175438951e+11
213	3.33350504139e+11
214	3.9838728773e+11
215	4.6236985833e+11
216	2.82414031512e+12
217	5.02572274448e+11
218	4.05801983416e+11
219	1.82256014312e+11
220	49981390569.2
221	2.0623941326e+11
222	4.48445299211e+11
223	5.24816171527e+11
224	1.64192980019e+11
225	54657011623.3
226	2.12220617202e+11
227	4.50609844555e+11
228	6.66734194183e+11
229	6.85092237817e+11
230	3.40108302732e+11
231	2.06558895333e+11
232	2.59032250959e+11
233	1.90342677956e+11
234	5.30743428534e+11
235	2.36616937668e+11
236	1.32211266311e+11
237	9.44722371526e+11
238	2.46481844734e+11
239	1.50968206648e+11
240	3.54152635263e+11
241	1.18365340367e+11
242	1.48015931538e+11
243	1.32210784327e+11
244	1.60890654306e+11
245	3.75076617761e+11
246	1.40955874863e+11
247	30367923433.4
248	6.33870306637e+11
249	3.3550682272e+11
250	1.45703196966e+11
251	1.67102969777e+11
252	2.26155834197e+11
253	1.06250027431e+12
254	2.60943338134e+11
255	6.46907210812e+11
256	1.88822721675e+11
257	8.13632925652e+11
258	3.83400507857e+11
259	50016773913.3
260	5.08904298664e+11
261	2.10631254782e+11
262	6.38825026699e+12
263	2.31997568473e+11
264	1.41998308948e+11
265	94001769933.3
266	1.62436050234e+12
267	3.62566924334e+11
268	2.34277873487e+11
