0	1.10361019947e+12
1	4.93611114328e+12
2	4.57076738865e+11
3	1.89176756662e+11
4	2.1229904911e+12
5	5.41167443541e+11
6	4.94082853537e+11
7	3.94209070956e+11
8	76274446957.2
9	81595377512.1
10	2.30840005756e+11
11	7.76776146417e+11
12	3.7992474309e+11
13	7.27038037971e+11
14	8.75370773971e+11
15	2.16619912041e+11
16	7.18913612961e+11
17	59637693181.2
18	6.45772162883e+11
19	1.07870231439e+12
20	6.34432885097e+11
21	7.47043236963e+11
22	7.62562353982e+11
23	1.10772825522e+12
24	2.10197005635e+11
25	1.14276249564e+12
26	5.42162249698e+11
27	5.07609946209e+11
28	3.08628566275e+11
29	2.26241265454e+11
30	1.0566674905e+12
31	97818787033.8
32	5.82878207333e+11
33	1.12138236162e+12
34	1.5513665545e+12
35	5.36257070592e+11
36	1.78483141697e+11
37	4.36570814536e+11
38	8.13888631307e+11
39	4.46945518782e+12
40	4.61741178196e+11
41	98020408537.5
42	4.64656253804e+11
43	1.62131530485e+11
44	5.74635814169e+11
45	2.6100906143e+12
46	5.92692904196e+11
47	1.30990467128e+12
48	78731667061.1
49	2.67214577567e+11
50	4.62411198147e+11
51	3.09076953051e+11
52	3.84429140672e+11
53	1.63485515631e+12
54	6.52192821861e+11
55	1.03334853047e+12
56	3.75076176193e+11
57	3.74513808142e+11
58	3.17285732889e+11
59	2.27577366419e+12
60	1.6633242715e+12
61	8.4149992995e+11
62	1.46579647433e+12
63	1.72671526716e+12
64	5.21381809698e+11
65	1.03878953745e+11
66	8.83702451507e+11
67	1.77373445836e+11
68	4.41961496041e+11
69	28710718985.2
70	1.2075043421e+12
71	3.48476716872e+11
72	1.49232366264e+12
73	1.62169531067e+11
74	7.21121321623e+11
75	2.98152864377e+12
76	2.55261207396e+11
77	3.55302346215e+11
