0	1.21281210216e+11
1	1.32662284352e+12
2	66075163434.0
3	4.07173432211e+11
4	4.31202721118e+12
5	5.9711117975e+11
6	2.03191771481e+11
7	3.22271814054e+11
8	9.55877304739e+11
9	4.07826650089e+11
10	3.66056637363e+11
11	78974619850.1
12	3.12940104914e+11
13	3.50951921672e+11
14	2.3730685577e+11
15	1.18722020578e+12
16	84989643600.4
17	3.63683969363e+11
18	48629894506.8
19	6.68963112491e+11
20	4.65363547846e+11
21	1.18291984974e+11
22	53094666465.4
23	2.31459306241e+11
24	3.16618938916e+11
25	2.23017797198e+11
26	1.51052551645e+11
27	2.38731725329e+11
28	26090829324.0
29	2.55195404396e+11
30	5.78133375186e+11
31	1.505788698e+12
32	2.36389172618e+11
33	3.45307435218e+11
34	1.21454406455e+11
35	3.13768618248e+11
36	2.33201727688e+11
37	90036760885.3
38	9.82144627025e+11
39	3.51080111109e+11
40	2.35763696617e+11
41	24671985077.1
42	69112965888.4
43	78189270320.9
44	1.33121213123e+12
45	7.3297828393e+11
46	1.84300407442e+11
47	6.8889836789e+11
48	3.33642962851e+11
49	8.61248227864e+11
50	71162859109.5
51	1.89271155398e+11
52	3.18285977103e+11
53	2.1906243691e+11
