0	58393328113.9
1	2.70023445903e+11
2	73872115564.5
3	1.2476952765e+11
4	2.44987577946e+11
5	7.0713935329e+11
6	1.85910303988e+11
7	2.98661663081e+11
8	3.53045155069e+11
9	59171291112.4
10	2.90306305135e+11
11	1.06934229385e+12
12	1.90039592004e+11
13	53267960764.9
14	1.70665369535e+11
15	53465868089.0
16	7.18470958855e+11
17	86174570605.2
18	3.89563734325e+11
19	83275896015.5
20	71858143254.1
21	38670237264.4
22	2.92171332965e+11
23	1.16701522215e+11
24	1.94916000325e+11
25	5.74140470261e+11
26	70487776047.6
27	1.39517850449e+11
28	2.4574976407e+11
29	2.98296804166e+11
30	1.45195784195e+11
31	1.01028801118e+11
32	1.30318271029e+11
33	1.17348870185e+11
