0	240474661025.60043
1	1712317883983.3083
2	3285423793.489628
3	167934343300.4213
4	134437195280.32292
5	3748874455369.6646
6	262633920749.52
7	3176074951067.512
8	49702423165.55255
9	12419660634.571157
10	3390912618254.6934
11	1398478658184.872
12	283177937480.65125
13	854555026327.9896
14	140613949632.3971
15	2604571217069.3687
16	18898415170.986107
17	75425292199.15765
18	74856039717.52379
19	61120049063.88108
20	5463816485323.468
21	244439938509.12692
22	1074334925802.5001
23	1173239384443.6619
24	48717197354.81866
25	20106432374.206238
26	25231469435.073868
27	229692336939.79602
28	24874498830.493664
29	1814623605787.6226
30	1561585841603.337
31	180580554171.3278
32	1607299266.0271587
33	417007735518.8918
34	63603991592.46261
35	490331385388.85535
36	517715625002.819
37	52220497754.16442
38	242418362388.23984
39	209040269700.1629
40	685543487552.162
41	879287421751.0447
42	130173545618.8652
43	86389972772.218
44	60199096146.95581
45	1309183756143.923
46	1609896499627.2812
47	559015898621.5542
48	98952122959.12387
49	19933642555.63457
50	154737215333.5852
51	334551841630.8694
52	44200214001.0636
53	68955270859.74538
54	210584676033.68738
55	199403830234.13022
56	567198824328.1294
57	78114960985.4585
58	29299646460.824207
59	211515584839.0558
60	114545787686.99527
61	2919619204560.4004
62	156050527441.0897
63	438237945819.8926
64	1352626585991.5664
65	127489284957.51607
66	628050084853.4852
67	758725441046.0925
68	54772218039.236916
69	233848181876.7217
70	181767818680.40408
71	95264367827.38503
72	354409531634.67737
73	61939091810.478325
74	723188099976.2488
75	132934833181.6701
76	274232416111.11417
77	40835311736.670525
78	88460001397.57852
79	120675123633.47229
80	324499475362.2929
81	12839513010.522614
82	2169632636831.1616
83	468340346096.8853
84	3438735107354.9824
85	74808197024.53354
86	116425882080.09567
87	242346681376.70856
88	136386256500.59406
89	124666076289.98788
90	298908298374.6359
91	174823176871.616
92	47163944840673.03
