0	3.42955153598e+11
1	44922377121.6
2	64799934838.3
3	70433247336.7
4	1.39805507561e+11
5	36966364497.3
6	43912429920.0
7	2.46215412163e+11
8	53058332459.1
9	1.95362801247e+11
10	1.76803372172e+11
11	18422589253.9
12	1.50198838243e+11
13	5.63279735211e+11
14	34386165175.5
15	98721993010.5
16	16491823881.8
17	1.22493655672e+11
18	26036997410.5
19	2.59699926082e+11
20	70303871001.5
21	3343655762.4
22	23614162523.4
23	58471856480.1
24	21044393089.9
25	1.38864368964e+11
26	11140428066.1
27	1.39420811722e+11
28	42102270091.9
29	22900480707.2
