0	547.940543052
1	3035.19563893
2	799.017634847
3	2880.2071384
4	2636.50924347
5	813.086780009
6	4352.49470462
7	1174.99057687
8	536.967384551
9	2542.31842227
10	136.331733029
11	2147.38107127
12	385.901483495
13	13680.7244822
14	22.5557392734
15	4734.38278994
16	249.663845231
17	733.677430993
18	979.278278654
19	895.072369287
20	1815.54396256
21	570.232759749
22	935.58832498
23	685.808613291
24	530.674279581
25	567.424991192
26	2920.08812027
27	15702.0510454
28	1663.10748504
29	685.580984186
30	2041.00488919
31	875.926022875
32	68.9996426614
33	941.368391766
34	1500.17788188
35	2194.36079296
36	1340.90118182
37	17400.1725118
38	466.658529955
39	892.772495556
40	429.77631719
41	945.388665241
42	158.497646101
43	310.976087132
44	288.850552471
45	76.8738354433
46	375.166236097
47	179.741113915
48	1192.1506792
49	557.355298197
50	274.598475635
51	1926.04281327
52	9500.29025952
53	21.8037206558
54	284.13558373
55	550.491454741
56	740.130407221
57	237.524253876
58	304.328251343
59	7400.95646311
60	1977.15002646
61	1894.03169136
62	157.9224402
63	79.7649678899
64	914.614389488
65	3643.93508758
66	104.067718641
67	1132.74908521
68	193.720565323
69	919.332953282
70	105.806839102
71	5582.44055276
72	834.996105406
73	332.477059373
74	552.145823963
75	909.539568898
76	319.447562541
77	861.850966966
78	1860.22918136
79	69.2954759308
80	216.032072416
81	296.29514685
82	6925.92714119
83	257.795595073
84	388.934792242
85	1410.51558573
86	239.429232943
87	7097.3740712
88	23795.0304542
89	387.427669627
90	976.561883283
91	7654.39084141
92	485.094945073
93	655.723874105
94	4753.24111
95	598.721832749
96	162.798192898
97	915.045833935
98	673.797924498
99	8410.87458383
100	1025.10817227
101	240.61762535
102	858.681541069
103	1009.86490267
