0	4.79182015429e+12
1	2.04866122114e+12
2	8.21282261639e+12
3	4.2617810457e+13
4	1.54115783576e+12
5	4.79302717181e+12
6	5.1337708866e+12
7	2.52671065468e+12
8	5.18320865734e+11
9	4.17977096342e+11
10	6.71765165045e+12
11	3.46594694102e+12
12	3.06219314602e+12
13	3.26692314029e+12
14	3.5902533282e+12
15	4.09827404721e+12
16	9.5683884988e+11
17	5.96453887491e+12
18	1.81854272604e+12
19	3.42598125363e+12
20	3.26883728394e+12
21	2.67575924089e+12
22	1.66496090997e+13
23	9.75191849376e+12
24	7.73294236928e+11
25	6.85271653994e+12
26	6.02351627747e+12
27	3.82203462254e+12
28	1.25765514755e+12
29	1.36660739253e+12
30	2.69772261749e+12
31	2.51000076616e+13
32	9.39282697097e+12
33	1.53561354622e+12
34	1.53831096562e+13
35	2.51743717557e+12
36	1.55843112591e+13
37	4.26736579292e+12
38	3.60502053462e+11
39	1.52516072584e+12
40	1.43268174442e+12
41	1.20332044073e+12
42	3.70270333621e+12
43	2.98058121223e+12
44	5.37210984479e+12
45	9.5233741108e+11
46	6.10250963728e+12
47	4.68760557453e+12
48	1.67167185483e+12
49	1.78614649281e+12
50	4.47387873572e+12
51	2.01646138291e+12
52	3.89890355163e+12
53	1.97938209581e+12
54	1.01438105241e+12
55	4.57187618396e+12
56	5.44635509947e+11
57	6.87676428525e+12
58	1.08967326157e+12
59	6.82013544442e+11
60	7.17869028304e+11
61	6.96060131093e+11
62	9.66042863715e+12
63	9.36134582872e+12
64	3.16293435327e+13
65	1.83554342406e+12
66	3.75942285397e+12
67	1.21024714664e+12
68	1.51312771866e+12
