0	6.48107167643e+11
1	1.33606757792e+12
2	3.85667235412e+11
3	3.07083445613e+11
4	2.5242273728e+12
5	2.69132873539e+11
6	1.5854972098e+12
7	8.99579766825e+11
8	1.82175617098e+12
9	1.23539973878e+12
10	73334286078.2
11	6.97609584434e+11
12	2.5581221366e+12
13	1.06368599521e+12
14	3.3581244836e+12
15	1.24521284408e+12
16	6.11394970914e+11
17	2.64460157579e+12
18	7.24686766549e+11
19	2.31492282732e+11
20	7.25928698921e+11
21	2.20058896587e+12
22	2.96094388446e+12
23	1.47066444392e+12
24	3.16953749953e+11
25	7.21955691227e+11
26	4.50111190523e+12
27	8.95269752141e+11
28	6.53573995166e+11
29	3.33382312502e+11
30	9.01830559425e+11
31	72821001588.6
32	6.3827620171e+11
33	5.80252042474e+11
34	3.53689991128e+11
35	3.59395885198e+11
36	5.35685577866e+11
37	3.99642884269e+11
38	6.16155293812e+11
39	2.9218542735e+11
40	1.6918741888e+12
41	2.59689571032e+11
42	8.43270009749e+11
43	1.99858340421e+11
