0	1.71217691478e+12
1	70228718670.2
2	5.28970921052e+11
3	1.54829614159e+11
4	2.69813774597e+11
5	53563339694.1
6	3.22831503066e+11
7	1.40808882972e+11
8	1.85843603429e+11
9	1.88779239269e+11
10	3.05874929878e+11
11	3.07678309466e+11
12	6.40406839074e+11
13	2.11276859844e+11
14	1.76631893822e+12
15	58847759319.8
16	80927542565.8
17	2.78238408367e+11
18	5.31303145386e+11
19	6.27875935705e+12
20	2.09297439698e+11
21	1.08069141821e+11
22	90370105607.3
23	6.95056317252e+11
24	4.19328043515e+11
25	7.74751119481e+11
26	4.14825482069e+11
27	4.88428059042e+11
28	86289035522.1
29	7.73201720647e+11
30	17909403082.8
31	4.63571924547e+11
32	6.42455285977e+11
33	1.57812865441e+11
34	2.83333476563e+11
