0	1.86173016103e+12
1	4.37577867394e+11
2	99520405900.3
3	5.34657223038e+11
4	1.07094375935e+12
5	1.29019695476e+12
6	1.24344186183e+12
7	1.94349082833e+12
8	9.11229033685e+11
9	4.42725230331e+11
10	1.752907757e+11
11	5.5959609306e+11
12	1.26040941176e+11
13	5.17176175341e+11
14	4.89209242792e+11
15	5.10399021949e+12
16	3.50908004682e+11
17	3.55708081476e+12
18	1.40692044859e+12
19	2.31594080497e+11
20	8.5870134028e+11
21	1.56310611974e+12
22	2.05670261407e+12
23	1.83691412133e+12
24	1.24250331282e+12
25	9.97100795743e+11
26	2.66973833937e+11
27	8.11388648485e+11
28	3.11729268853e+11
29	1.23087231888e+12
30	6.36261188394e+11
31	9.67047824233e+12
32	1.16463022845e+11
33	2.17950128365e+11
34	7.73467928331e+11
35	4.65267305011e+12
36	1.24417376729e+12
37	1.54102789587e+12
38	7.84895098522e+11
39	1.07733027245e+11
40	2.12347925833e+12
41	8.56055802066e+11
42	1.95881466647e+12
43	2.74526143037e+12
44	1.82759357547e+11
45	2.33247726207e+12
