0	6.6253853786e+11
1	7.81604078702e+11
2	2.26500871086e+11
3	3.77008947214e+12
4	7.8191017199e+11
5	1.60468121372e+12
6	2.39897539438e+11
7	1.65664480986e+12
8	6.69191100113e+11
9	5.46861776257e+11
10	2.76654155189e+12
11	52053717511.5
12	8.95230811299e+11
13	93421531342.4
14	7.13863284075e+12
15	4.94453522915e+11
16	2.57642755156e+11
17	2.92417173309e+12
18	6.83477350202e+11
19	1.27028428154e+12
20	1.58705061218e+12
21	3.30070484989e+11
22	1.42417268391e+12
23	6.71613388184e+11
24	1.10650369894e+12
25	1.1325747642e+12
26	2.05147021596e+11
27	3.87568752067e+11
28	1.85238929571e+12
29	4.71904412965e+12
30	3.07271167563e+11
31	1.28378844379e+11
32	5.26552285062e+11
33	1.25736959073e+12
34	2.65585438628e+11
35	8.15263363635e+11
36	2.56499313347e+11
37	3.32768232003e+11
38	2.1401210236e+12
39	8.07896210101e+11
40	5.68449518112e+11
41	6.8996542723e+11
42	1.20881358815e+12
43	8.71858051964e+11
44	4.76775829759e+11
45	1.72914977334e+12
46	4.96253965535e+11
47	6.25592758903e+11
48	84059453861.3
49	1.07503473748e+12
50	1.26401378636e+12
51	5.36428140364e+11
52	2.03233822429e+12
53	3.44925760505e+11
54	5.23311416816e+11
55	1.07113778974e+12
56	8.93228363659e+11
57	1.18949699585e+12
58	1.7398687343e+12
59	4.925143608e+11
60	9.94808358936e+11
61	45524836917.7
62	3.70660897642e+12
