0	1.30992953397e+12
1	2.01628174898e+12
2	7.76744216921e+11
3	1.09216614389e+11
4	4.80204107573e+11
5	5.19621542015e+11
6	2.68298773707e+11
7	2.30478301095e+12
8	3.83701500105e+11
9	4.68076212182e+11
10	7.38611471155e+12
11	7.07436792143e+11
12	4.14033842161e+11
13	1.63462824864e+12
14	4.75508496908e+11
15	5.79395805442e+11
16	7.74137449477e+11
17	9.55884777153e+11
18	9.71787455182e+11
19	1.03391651113e+12
20	2.57021731754e+11
21	6.50557732324e+11
22	1.18729517678e+12
23	1.15070553965e+12
24	4.36498708245e+11
25	2.2081164014e+12
26	2.73903645301e+12
