0	32673391011.4
1	45259349545.1
2	29704784552.9
3	1.97831419284e+11
4	7565565874.55
5	6190156202.25
6	31804152215.2
7	12848392801.7
8	1.65866940525e+11
9	97154613913.1
10	17955113438.0
11	1.02925702182e+11
12	1.51735874033e+12
13	52714496800.6
14	4.93971826593e+11
15	1.21657025351e+11
16	85573019577.4
17	1.99225116622e+11
18	2.72145365712e+11
19	2.30416812549e+11
20	61955858927.0
21	85603084838.3
22	2.64497809395e+11
23	87353748808.4
24	51093518724.5
25	2.96864201861e+11
26	4.10445401465e+11
27	28237582592.5
28	30020459431.6
29	2.91243777736e+11
30	49665389600.3
31	83756667555.7
32	1.03295246485e+11
33	1.37335228428e+12
34	81317687400.2
35	6.06375910387e+11
36	1.44098015075e+11
37	2.4471964512e+11
38	98348906523.8
39	2.03210814053e+11
40	1.30276813622e+11
41	1.12203546004e+11
42	1.43979983975e+11
43	86094747653.6
44	1.08104635281e+11
45	52803664194.9
46	45428264446.3
47	76834665629.9
48	89138834153.0
49	71851546318.7
50	1.86346825855e+11
51	1.95266153483e+11
52	5.68929439163e+11
53	64180284954.5
54	3.46980064345e+11
55	21776337545.8
56	3.69423612502e+11
57	2.12655689201e+11
58	31904407079.4
59	2.79157263803e+11
60	2.91615020239e+11
61	45455648922.5
62	1.49803647628e+11
63	1.71371992629e+11
64	70614469879.2
65	1.43127860595e+11
66	1.46117224787e+11
67	1.80488005767e+11
68	53644263922.9
69	1.44043422731e+11
70	32325239886.8
71	1.58012347891e+11
72	26663700914.8
73	19752921541.7
74	38997296318.6
75	39512669770.9
76	40513807318.8
77	1.76841135802e+11
78	3.40888152269e+11
79	1.0141215331e+11
80	1.28497118426e+11
81	37142981149.6
82	1.32937646945e+11
83	3.47659424163e+11
84	75426346439.4
85	34422773054.1
86	44853312418.4
87	1.3949708536e+11
88	91969400684.3
89	64854672659.4
90	90101334433.1
91	1.37428510877e+11
92	1.96384562538e+11
93	58759208421.2
94	2.7611114338e+11
95	61614058088.8
96	1.14610649857e+11
97	1.21317895772e+12
98	73897841141.7
99	2.4105372424e+11
100	25854064232.0
101	29436914903.1
102	79674726693.6
103	5.1875716243e+11
104	1.17894310882e+11
105	2.43560416688e+11
106	6.87070779962e+11
107	1.24411867907e+11
108	51788339416.7
109	71395718892.0
110	1.13707734186e+11
111	1.40872362195e+11
112	63550563451.4
113	81757390089.9
