0	1.22137730497e+12
1	1.71276093825e+11
2	4.96059333058e+11
3	2.38412986292e+11
4	1.94622108128e+11
5	3.26076111165e+11
6	74370760162.3
7	2.63024242874e+11
8	8.57605370169e+11
9	5.95819501198e+11
10	4.07568137583e+11
11	32004756525.4
12	1.03034797575e+12
13	6.37600575509e+11
14	1.21669755958e+12
15	47448551622.0
16	1.24402828797e+12
17	2.71363274022e+11
18	4.46523853417e+11
19	6.35630832443e+11
20	1.25187177801e+11
21	1.49772953349e+11
22	4.26330852598e+11
23	1.10188780294e+11
24	47391025205.5
25	2.92673489477e+11
26	4.52065373178e+11
27	3.091494233e+11
28	1.25760072807e+12
29	1.7279511727e+11
30	1.0103544131e+12
