0	2.48151457666e+12
1	1.43556895908e+12
2	4.80239319319e+12
3	3.18209273504e+12
4	2.09360127021e+12
5	7.79029187886e+12
6	1.99530514802e+12
7	1.98396253651e+11
8	2.71953067896e+12
9	6.92261026465e+12
10	2.08761634155e+12
11	3.90227212026e+11
12	7.21579523672e+11
13	2.4357914519e+12
14	7.4729654765e+12
15	7.41741918899e+12
16	8.66008462595e+12
17	1.29563057226e+12
18	5.77937232672e+12
19	6.31963659963e+12
20	2.57980281686e+11
21	4.91000185917e+12
22	1.41873404333e+12
23	1.11589355638e+12
24	3.30984880774e+12
25	1.67299694954e+12
26	2.96322037853e+12
27	7.91425058489e+11
28	6.04418377092e+12
29	4.0195709853e+12
30	2.36415004463e+12
31	2.5799533981e+12
32	3.66508452362e+12
33	5.52904145704e+11
34	8.69300515551e+12
35	7.15000222214e+11
36	4.7910042609e+12
37	2.44884742922e+12
38	4.01314686134e+12
39	3.36109642855e+12
40	1.24062399876e+12
41	1.16144929782e+12
42	9.10493038999e+11
43	5.34065069727e+12
44	1.290906084e+12
45	1.65149267106e+12
46	8.6327163996e+11
47	1.21423535013e+12
48	1.421670268e+12
49	3.72044535443e+12
50	6.2899276783e+11
51	1.46696644913e+13
52	6.6388836021e+11
53	1.01246822386e+13
54	2.56902623342e+12
55	4.93190646191e+12
56	2.49966281142e+12
57	9.26008878318e+11
58	4.90852747567e+12
59	1.06543614776e+12
60	4.60544488692e+12
61	3.78276602841e+12
62	3.85798955561e+12
63	5.65471197611e+11
64	9.23402505152e+11
65	9.21566012047e+11
66	9.96122564035e+12
67	6.40845964115e+11
68	8.4045872586e+12
69	5.12742579092e+12
70	4.63575839603e+12
71	1.35259801378e+13
72	5.70313058777e+12
73	3.89421102956e+12
74	9.53938127727e+11
