0	4.86176769792e+12
1	3.92864387987e+12
2	9.07161780472e+11
3	4.35722659171e+12
4	1.33083665837e+12
5	7.25703889414e+11
6	1.0244047931e+13
7	3.71754532841e+11
8	1.51582883927e+12
9	5.26867280306e+12
10	5.49745658714e+11
11	2.65280177514e+12
12	2.19497412082e+12
13	1.46548840605e+12
14	3.74001301811e+13
15	6.88537294337e+12
16	1.84284786924e+12
17	1.24776882887e+12
18	1.62945775227e+12
19	1.84836032261e+12
20	1.67981041181e+12
21	8.7374007562e+11
22	1.39290161641e+12
23	5.05376416493e+12
24	3.94682320862e+11
25	3.60353521594e+12
26	6.61831344257e+12
27	2.20085899726e+13
28	5.32349259945e+11
29	2.76807849746e+12
30	1.1606769631e+12
31	7.34507513031e+12
32	1.26869296546e+12
33	8.36311770782e+12
34	4.03921174213e+12
35	1.0158907065e+12
36	6.58437155955e+11
37	6.74196404607e+12
38	8.27385019055e+12
39	2.29618806178e+12
40	8.97455642945e+12
41	7.90141887881e+11
42	8.03714741372e+12
43	1.07921191751e+13
44	7.89045177371e+11
45	4.99652281546e+12
46	5.53239227647e+11
47	2.10861726694e+12
48	2.77324322835e+12
49	4.65196660978e+12
50	1.75369899525e+12
51	4.52417396768e+12
52	1.41792125686e+12
53	2.46790730114e+12
54	1.87951978593e+12
55	6.02438437133e+12
56	3.25741380079e+12
57	2.0028854249e+12
58	1.39329727941e+12
59	2.38083061153e+12
60	1.40724670666e+12
61	6.58782664006e+11
62	5.92426393301e+12
