0	2.85290450141e+11
1	2.10439133387e+12
2	1.21462054271e+12
3	9.88338947178e+11
4	1.1640619455e+12
5	4.01542335893e+11
6	7.29755079542e+11
7	8.64420101054e+11
8	1.39063346675e+12
9	3.38215815452e+11
10	1.23431776306e+12
11	1.31305519789e+12
12	2.85346155744e+12
13	3.0351202273e+11
14	4.99522226633e+11
15	2.08856479906e+12
16	1.1642593069e+12
17	2.37441808716e+12
18	1.77101548092e+12
19	3.53901918528e+11
20	5.09260179824e+11
21	2.33646750221e+11
22	4.48542673796e+11
23	4.96704441177e+11
24	1.56809368014e+12
25	1.35709557838e+12
26	4.63980247281e+11
27	2.04798551139e+11
28	7.21329042417e+11
29	6.77859328049e+11
30	2.1519758551e+11
31	2.87464532419e+12
32	4.99142030991e+11
33	1.16760841798e+12
34	3.19171783601e+12
35	1.05647797615e+12
36	1.25981581969e+12
37	1.64250481988e+12
38	3.55370802796e+11
39	1.49007018821e+12
40	9.83668160837e+11
41	5.65604245258e+11
42	1.36245892082e+12
43	1.89101579252e+13
44	2.27044012483e+12
45	2.8082270056e+12
46	1.09110241953e+12
47	2.57464512156e+11
48	1.97975625091e+12
49	2.4052066078e+12
50	1.10326529069e+13
51	6.25653840147e+11
52	1.07997153585e+12
53	1.1568017526e+12
54	1.77619803182e+12
55	1.12701619415e+12
56	3.32016711415e+12
57	1.75376012285e+12
58	5.16704724009e+11
