0	6.25927664306e+11
1	1.46886765784e+11
2	1.64044282548e+11
3	3.01513774396e+11
4	77664280115.4
5	1.69719975419e+11
6	94643433839.8
7	74505735212.9
8	92664242542.4
9	4.29858466195e+11
10	3.57008866152e+12
11	2.34378377427e+11
12	76049613057.7
13	1.969440688e+11
14	88538754666.1
15	1.89371787447e+11
16	23299603160.5
17	1.12193797944e+11
18	1.62693703684e+11
19	60042624659.4
20	1.85175358513e+11
21	1.55930893373e+11
22	1.94032502805e+11
23	28561786904.2
24	3.44353958822e+11
25	62320897069.3
26	1.78920263422e+12
27	77004447648.4
28	73347076149.2
29	4.49109269674e+11
30	2.12259965048e+11
31	60568080905.8
32	80637260882.0
33	1.64749146473e+11
34	2.68172923097e+11
35	3.07446898061e+11
36	1.44320777858e+11
37	2.60296031137e+11
38	73852304952.8
39	1.16531859066e+11
40	45109018871.4
41	2.69328965034e+11
42	78831230667.2
43	2.69058325043e+11
