0	2.31778435536e+11
1	3.31493949323e+12
2	2.4215846755e+12
3	1.90267559234e+12
4	5.37035029385e+12
5	4.76868258415e+11
6	9.15280477816e+11
7	1.38684473464e+12
8	5.8322883976e+12
9	5.56091260511e+12
10	5.40018435409e+12
11	2.19617206709e+12
12	1.00798387238e+12
13	1.08501685811e+12
14	1.13017920565e+12
15	1.13980437556e+13
16	1.87392623647e+12
17	3.09680221803e+12
18	1.84220248859e+12
19	1.01603782919e+12
20	1.16947400966e+12
21	6.04134616976e+11
22	3.13144932493e+12
23	1.28373825263e+12
24	2.5104020803e+12
25	4.31312262431e+12
26	6.03557413576e+11
27	3.0905757712e+12
28	3.84947328565e+12
29	1.16445195072e+12
30	2.50353118675e+12
31	4.11756419255e+11
32	1.51480031194e+12
33	7.36295979788e+12
34	1.78694857427e+12
35	3.75850973535e+12
36	5.74068376074e+11
37	3.67983672003e+11
38	2.5841228123e+12
39	2.1896730911e+12
40	1.09154807496e+12
41	3.61871325053e+12
42	9.9571087605e+12
43	3.20810280722e+12
44	2.88507906864e+12
45	2.43952095441e+12
46	1.2116751326e+12
47	3.36092933056e+12
48	2.04851321067e+12
49	7.54635537477e+11
50	1.63543156443e+12
51	2.18416031756e+12
52	2.51499832879e+12
53	9.66800973233e+11
54	2.75058333116e+12
55	5.31707272956e+12
56	2.0557977926e+12
57	4.40708259552e+11
58	1.20905120014e+12
59	3.00133033502e+12
60	2.1230935461e+12
61	7.0402193002e+11
62	3.71957641007e+12
63	2.11875231397e+12
64	1.07354505643e+12
65	3.00520521904e+12
66	1.13793679521e+12
67	2.46268187045e+12
68	1.57276245103e+12
69	3.15629610055e+12
70	1.70703981998e+12
71	1.01438495873e+13
72	3.5347604602e+12
73	1.02319105267e+12
74	5.56986688591e+11
75	1.42534614456e+12
76	3.66771353384e+11
77	2.44221787098e+12
78	4.45292801639e+12
79	5.4651316481e+12
80	6.53940081893e+12
81	3.66839659702e+12
82	9.33316084727e+11
83	3.16275462428e+12
84	5.48119269025e+12
85	5.24714105102e+11
86	9.63112961053e+11
87	1.51200978568e+12
88	7.89708633491e+11
89	5.18731306218e+11
90	4.00849748199e+11
91	6.20716354951e+12
92	9.36400998426e+12
93	9.35577370698e+12
94	1.15162710738e+12
95	4.84387410179e+12
96	6.19740655908e+11
97	1.59455210877e+11
98	2.08483983404e+12
99	5.83746955938e+12
100	1.95671732893e+12
101	1.45685681663e+12
102	3.80802635692e+12
103	1.72812058255e+12
104	2.54142360246e+12
105	5.6911956847e+12
106	2.92642340184e+12
107	2.00010693137e+12
108	3.02010566847e+12
109	1.20315961594e+12
110	1.01176656449e+12
111	1.23040021473e+12
112	3.36259862426e+11
113	2.88968789577e+11
114	1.99668911092e+12
115	1.56152177053e+12
116	5.95999960021e+11
117	6.71114908177e+11
118	1.03819050424e+12
119	8.0215937349e+11
120	4.90592772287e+11
121	1.01449374925e+12
122	7.46786850773e+12
123	1.54216218286e+12
124	3.28731030422e+12
125	1.41522679999e+12
126	2.58385497149e+12
127	4.67374429715e+12
128	3.48800914866e+11
129	7.67098149169e+11
130	1.0043677589e+12
131	1.93659446574e+12
