0	1.54071567636e+11
1	88136427737.8
2	2.59695395107e+11
3	1.23229557179e+11
4	1.19389297175e+11
5	75191002830.8
6	41137978843.8
7	1.85653523649e+11
8	12195187766.8
9	35133455580.3
10	98278906124.5
11	15737557612.4
12	1.79266384325e+11
13	1.35588929969e+11
14	4.28336687624e+11
15	32499578467.3
16	46971525826.6
17	29721706519.1
18	48610906406.9
19	1.17986086313e+11
20	1.03358350732e+11
21	79798693422.8
22	34507811529.9
23	2.74292860934e+11
24	34023499699.2
25	25063042961.7
26	22907111133.3
27	15387112591.1
28	36063256471.1
29	83237429592.7
30	50142543391.3
31	2.32564259704e+11
32	62256685150.7
33	27848569310.0
34	21207965061.8
35	53640885854.1
36	66915562381.6
37	96159928372.4
38	7100890717.68
39	25965625208.2
40	75767920026.6
41	2.59465696821e+11
42	1.62664019583e+11
43	2.84433890385e+11
44	15631223198.9
45	26369916723.1
46	56964894361.1
47	47566567806.8
48	33644809633.3
49	4.82874953695e+11
50	4.39910244115e+11
51	38332542579.8
