0	1.84638804935e+12
1	2.8721119127e+11
2	1.93197662752e+11
3	31186822226.9
4	1.77544393723e+11
5	2.47749127147e+11
6	1.17908588703e+11
7	51154831933.6
8	2.57870090576e+11
9	1.6037578424e+11
10	4.20304109149e+11
11	57663315897.9
12	1.02274510476e+11
13	54098702034.9
14	2.68774784926e+11
15	79281169942.8
16	15755885988.7
17	1.21000412461e+11
18	82277217276.9
19	1.57865433761e+11
20	2.66661719369e+11
21	5.88966904059e+11
22	54697896772.1
23	78204609058.3
24	3.56962357172e+11
25	31883114094.2
26	23278506685.9
27	2.00249299046e+11
28	77102586781.3
29	2.39211228585e+11
30	7.29811889151e+11
31	2.8123168704e+11
32	22807340985.2
33	1.85745923755e+11
34	1.77801379654e+11
35	41606839195.1
36	1.81460536194e+11
37	79924957607.3
38	1.67899131076e+11
39	3.51212201702e+11
40	1.23100794672e+11
41	6.53562724726e+11
42	38634225326.9
43	1.3322764504e+11
44	75147590833.0
45	22768737646.6
46	6.06385801319e+11
47	1.67718787966e+11
48	31940241485.7
49	45709160914.3
