0	1.77048668877e+12
1	3.23759339247e+11
2	8.97920760952e+11
3	2.43875250934e+12
4	1.89941017682e+11
5	2.93413394732e+11
6	2.25439662504e+12
7	1.87845753552e+11
8	3.96883926253e+11
9	1.02104973981e+11
10	7.76956047443e+12
11	1.25336468343e+12
12	3.591835031e+12
13	1.26242023579e+12
14	1.6777137056e+12
15	2.26694704029e+12
16	2.30754185484e+11
17	3.66936015267e+11
18	6.58293002149e+11
19	6.26551847592e+11
20	1.48332260325e+12
21	1.35676601709e+12
22	4.11383755345e+12
23	9.14772867633e+11
24	7.64513319043e+11
25	5.42922003637e+11
26	7.03129604548e+11
27	3.69441994622e+11
28	1.6469408301e+12
29	9.11974430076e+11
30	2.10446665048e+11
31	69619479862.9
