0	2.4397126095e+12
1	1.47478124667e+12
2	6.40566926112e+12
3	2.7340722671e+12
4	3.37535877572e+11
5	7.2345647517e+11
6	1.03278219189e+12
7	2.28772566568e+12
8	1.32252064938e+12
9	3.12302264049e+11
10	1.95823321708e+12
11	4.47526301038e+12
12	2.55665536425e+12
13	6.14503874494e+11
14	4.26319418992e+11
15	6.84838754076e+11
16	3.49027974895e+12
17	4.1293355535e+12
18	1.74056499229e+12
19	1.566600465e+12
20	1.06724634796e+12
21	2.70445709868e+12
22	5.52987836886e+11
23	9.96648691216e+12
24	3.15175604652e+11
25	1.46134016466e+12
26	8.32846514387e+11
27	7.43586653554e+11
28	6.06689625026e+11
29	4.79700613957e+12
30	7.26431786517e+11
31	9.89971849659e+11
32	1.14896289356e+12
33	3.65094744777e+12
34	3.31219955207e+12
35	2.39888047353e+12
36	6.6006032215e+12
37	1.77050708529e+12
38	8.47335199435e+11
39	6.63371046884e+12
40	5.98811658212e+12
41	5.46067658056e+11
42	1.44254595827e+12
43	1.90568412192e+12
44	4.1640514033e+11
45	6.80221903934e+11
46	2.55795752695e+12
47	6.63965101914e+11
48	1.85495501696e+12
49	8.56622252596e+11
50	1.25632383442e+12
51	8.45394976147e+11
52	1.56367253907e+12
53	1.74598021006e+12
54	1.64867401642e+12
55	7.57802458558e+12
56	7.58317458294e+11
57	1.69740566776e+12
58	8.97560155047e+11
59	5.74051115668e+11
60	9.0891417887e+12
61	1.96252921271e+12
62	5.01411515425e+11
63	2.39562466674e+12
64	2.54628211586e+12
65	1.90289197484e+12
66	1.39280877216e+12
67	1.98871031873e+12
68	1.22919799799e+12
69	4.71433320875e+12
70	1.02607959371e+13
71	1.77620207837e+11
72	5.91141307186e+12
73	1.37204809954e+12
74	1.23990719279e+12
75	2.17794284288e+12
76	3.55756059582e+12
77	9.5991027234e+12
78	6.5596020919e+12
79	1.18840901758e+12
80	5.54440873485e+11
81	3.69245402747e+11
82	8.31838087958e+11
83	1.07702570685e+12
84	1.36865439925e+12
85	1.3237211699e+12
86	9.26695371483e+12
87	1.01851447364e+13
88	6.63254012196e+11
89	5.5153208067e+11
90	2.76210806734e+11
91	3.08310762069e+11
92	1.83399683186e+12
93	1.1153847009e+12
94	1.54696910359e+12
95	2.77574719052e+13
96	5.33723005233e+11
97	9.3429931239e+11
98	4.51342422132e+11
99	4.54333882059e+11
100	4.48513122449e+11
101	8.49058201269e+11
102	4.78305427432e+11
103	5.18326457648e+11
104	2.03491401722e+12
