0	1.25632151771e+12
1	3.37448413652e+11
2	8.77921333647e+12
3	2.25221889106e+12
4	9.69421449793e+12
5	3.17133749428e+12
6	4.05932181307e+12
7	1.06976266179e+12
8	1.52654011706e+12
9	1.31282062664e+13
10	4.01268801932e+12
11	5.86033897161e+11
12	3.48777108018e+11
13	1.57963931003e+12
14	3.9176073704e+12
15	4.49017089157e+12
16	9.8316516746e+11
17	2.87716990229e+12
18	1.07574253482e+12
19	1.75656492258e+11
20	3.01584880236e+12
21	2.21146394638e+12
22	6.74001255111e+11
23	1.54491298396e+12
24	4.77292356373e+12
25	1.28299518729e+12
26	1.57169593401e+12
27	9.52427209778e+12
28	1.08052737663e+12
29	3.1555072061e+12
30	4.13799184607e+12
31	4.23851296189e+12
32	4.3251672142e+12
33	1.61032793338e+12
34	1.50174189899e+12
35	1.74273822557e+12
36	5.45240532952e+12
37	6.04777631527e+11
38	4.91056719427e+12
39	8.48057973551e+11
40	1.45156028839e+12
41	3.39890068446e+12
42	3.38011504502e+12
43	4.37292580919e+12
44	1.24407957511e+12
45	4.48843505737e+11
46	4.73870602469e+11
47	1.41938044241e+12
48	1.5196870409e+12
49	1.42999990824e+12
50	7.12104769827e+12
51	1.69778622514e+12
52	5.08098704813e+12
53	3.72670362414e+12
54	3.7848593768e+12
55	1.8129189894e+12
56	3.01199285026e+12
57	1.52660131281e+12
58	2.22807236456e+12
59	1.47561765222e+12
60	4.19574353099e+12
61	4.49130758224e+11
62	4.71137266435e+12
63	2.32091180837e+12
64	1.95687236377e+11
65	3.02693342964e+12
66	3.02218073888e+11
67	1.79711689174e+12
68	1.18078527919e+12
69	1.08730497469e+12
