0	2.56636128641e+11
1	1.13856003303e+11
2	1.62148699253e+11
3	4.5490606507e+11
4	3.73789798779e+11
5	1.25312686311e+11
6	3.41225856106e+11
7	23835659258.9
8	5.02833465371e+11
9	1.65232269786e+11
10	2.07661297648e+12
11	9.34950408639e+11
12	4.18882011298e+11
13	2.07556445454e+11
14	91798920843.6
15	1.53155216224e+11
16	1.9962842122e+12
17	3.99222932589e+11
18	1.74521700021e+11
19	2.71327131077e+11
20	1.24837849722e+11
21	1.11197548192e+11
22	1.74941664982e+12
23	3.12590402929e+11
24	1.85978499389e+11
25	2.40424028188e+11
26	1.7200767335e+12
27	1.40389774682e+11
28	1.04553943095e+12
29	1.63846466964e+11
30	37951516508.4
31	7.98607736994e+11
32	7.38164666356e+11
33	4.43074058946e+11
34	4.2754043751e+11
35	83630283637.2
36	1.0038905839e+12
37	1.16303792954e+11
38	2.73545993591e+11
39	1.60065163529e+11
40	3.71969819921e+11
41	4.28783442909e+11
