0	9.22111282456e+11
1	1.00295977026e+12
2	1.46874410661e+12
3	4.82841219123e+12
4	1.21773137169e+12
5	4.6846164717e+11
6	1.94796910022e+11
7	9.16215953876e+11
8	2.13905321287e+11
9	1.29190616809e+12
10	1.16334597118e+12
11	3.23119412984e+12
12	2.39528223002e+12
13	4.1807650563e+12
14	3.44745801044e+11
15	4.77981532754e+11
16	4.91289437752e+11
17	8.56586855345e+11
18	6.57619906641e+11
19	3.24394792564e+11
20	1.77460524179e+12
21	4.80676319881e+11
22	1.2377735747e+12
23	3.49445780216e+12
24	8.20841773186e+11
25	4.16657459528e+11
26	9.86713601846e+11
27	2.19832113193e+12
28	1.19576893068e+12
29	1.17733468259e+12
30	2.23167900417e+12
31	3.22911463918e+11
32	1.15958558286e+12
