0	1.71827945304e+12
1	6.77202043911e+11
2	3.97508312101e+11
3	1.51985952852e+11
4	3.79813818927e+11
5	4.45809714306e+11
6	2.56244839755e+11
7	5.31884502357e+12
8	3.04802946737e+12
9	8.48347208527e+11
10	4.94850546347e+12
11	4.28232422115e+12
12	1.95352868894e+12
13	2.37349263869e+12
14	1.14524169571e+12
15	6.58250845477e+11
16	1.53904310544e+12
17	1.94838561382e+12
18	9.46035695546e+12
19	2.53546141402e+12
20	2.04992526448e+12
21	2.96262446524e+11
22	5.92682729948e+11
23	2.52211730298e+11
24	2.00323728224e+12
25	1.70022581661e+12
26	2.39803256295e+12
27	9.97762449952e+11
28	2.57474915348e+12
29	5.24814692391e+12
30	1.52119467411e+12
31	1.652371604e+12
32	2.84014905368e+12
33	2.26279979557e+12
