0	1.09867786591e+12
1	1.28425312339e+12
2	3.81211578237e+12
3	1.66029731744e+12
4	5.97455164224e+12
5	4.18660920837e+12
6	4.62968316603e+12
7	4.30313137027e+11
8	4.384276084e+12
9	1.64166313675e+12
10	1.14109087441e+12
11	7.9473490211e+11
12	3.79490551433e+11
13	5.2964155028e+11
14	2.45382945189e+11
15	1.17102853297e+12
16	2.31572930397e+12
17	1.37303613585e+12
18	9.85721733458e+11
19	2.66296843918e+12
20	4.23298252365e+11
21	8.40736237343e+11
22	2.0640453459e+12
23	3.79384393018e+12
24	5.81929069693e+11
25	3.62527301086e+11
26	4.49948257306e+11
27	3.12123230831e+12
28	3.17169628478e+12
29	5.80534631574e+11
30	4.1562282526e+11
31	6.45274449703e+11
32	1.91453614808e+12
33	1.31624827117e+12
34	1.36243423518e+12
35	2.65836121744e+12
36	2.02126641547e+11
37	3.04539553522e+12
38	2.38205805415e+12
39	4.38523253462e+11
40	6.4229270034e+11
41	1.12293841501e+12
42	2.17819369951e+11
43	1.36420055988e+12
44	2.92298590781e+11
45	6.17622870402e+12
46	2.06456289373e+12
47	5.65601088432e+11
48	8.3389612282e+11
49	2.69082962848e+11
50	1.53927497235e+12
51	6.33402143145e+11
52	4.37259360264e+12
53	7.68863990076e+11
54	9.25832470414e+11
55	1.21563424576e+12
56	6.07935529062e+11
57	2.53206168554e+12
58	7.93712025377e+11
59	2.59374680709e+12
60	7.14608929197e+11
61	1.6896288296e+12
62	2.22728974485e+12
63	1.54466267096e+12
64	4.65159671308e+11
65	1.88830752446e+12
66	1.00300076609e+12
67	83447314150.7
68	1.90312895704e+12
69	7.44246041615e+12
70	1.14811925287e+12
71	3.90154403599e+11
72	8.38380059597e+11
73	4.01772613162e+12
