0	1.78462350498e+12
1	2.77496720027e+11
2	1.07540585075e+12
3	2.63662958388e+12
4	1.69597707928e+12
5	1.72852009501e+13
6	1.28954461624e+12
7	5.68042525424e+12
8	2.5516275882e+11
9	2.22999722924e+12
10	1.61463169807e+12
11	1.46012276209e+12
12	1.0631311596e+12
13	1.00630023848e+11
14	5.64992802359e+12
15	6.81671987447e+12
16	2.42846213828e+12
17	1.55401330569e+12
18	2.59464506409e+12
19	1.59837667216e+12
20	3.13621868689e+12
21	1.06831634681e+12
22	5.47700782673e+11
23	2.07328457089e+12
24	2.18540409562e+12
25	4.31775583815e+12
26	3.68053801417e+11
27	3.45468151793e+11
28	8.08624798266e+11
29	6.69702913494e+11
30	1.15263898511e+12
31	1.28188901514e+12
32	9.2744960279e+11
33	1.25428094426e+12
34	6.66979984511e+12
35	1.92988519492e+12
36	6.59492834145e+11
37	4.67162583343e+11
38	3.23848464784e+13
39	6.41667920758e+12
40	6.63792291076e+12
41	7.25551922435e+12
42	6.30215550956e+12
43	1.5253941017e+12
44	5.50772584797e+12
45	7.23155593397e+12
46	1.2935911534e+12
47	3.40861912539e+12
48	5.90050292939e+11
49	4.86469169049e+11
50	1.4660248419e+12
51	2.38125805757e+12
52	5.05881281916e+11
53	8.63917096465e+11
54	1.15111310081e+12
55	3.1085654943e+11
56	5.28706345336e+11
57	5.91525271171e+11
58	6.23780761e+12
59	1.50569892008e+12
60	1.20682987168e+12
61	1.68855895863e+12
62	1.11995682151e+13
63	1.0355325336e+12
64	2.17516966425e+12
65	1.6040023688e+12
66	7.16524988057e+11
67	2.49307754962e+12
68	6.92624002851e+11
69	4.30142219219e+12
70	1.54191623519e+13
71	2.88256559401e+12
72	5.48461530206e+12
73	1.82013192252e+12
74	2.29602541244e+12
75	3.09076939684e+12
76	7.62056486076e+12
77	1.55054527811e+12
78	8.69334294664e+11
79	8.21209692198e+12
80	5.62294116652e+11
81	1.82942190284e+12
82	1.87811716757e+12
