0	1.98785506899e+12
1	5.57886908959e+12
2	3.83711094156e+11
3	1.1405735154e+13
4	1.41838871901e+13
5	5.2622530247e+12
6	5.28483609641e+11
7	2.20595945236e+12
8	3.20708134909e+12
9	1.21176137333e+13
10	1.43048136826e+12
11	6.33867401767e+12
12	1.49262686385e+12
13	6.55030929294e+11
14	3.5766724018e+12
15	1.05804232919e+13
16	1.59242396504e+12
17	5.97781515974e+12
18	2.33230039075e+12
19	2.60884232602e+12
20	2.44423902406e+12
21	3.15234415111e+11
22	2.35499571531e+12
23	1.03304342445e+13
24	2.15430110723e+12
25	7.78584729162e+12
26	3.46478928636e+12
27	3.93741364176e+11
28	1.65387913297e+12
29	2.1114520809e+12
30	5.18912792176e+12
31	1.44259670659e+12
32	1.68294898205e+12
33	4.73705357204e+12
34	3.33322723294e+12
35	3.94620443193e+12
36	9.73769803427e+11
37	3.87082954638e+12
38	3.67631846962e+11
39	2.1950988885e+12
40	3.40273091706e+12
41	2.57238777691e+12
42	1.85769555667e+12
43	2.96196101606e+12
44	1.67802945965e+12
45	2.49414334053e+12
46	3.8347860311e+12
47	1.22537005433e+12
48	6.40924999069e+12
49	5.64415955584e+12
50	6.26756303683e+12
51	7.24456892935e+12
52	1.25271919266e+12
53	8.93383261624e+11
54	8.95559082452e+12
55	3.50805941124e+11
56	6.41069628402e+12
57	6.40300028671e+12
58	6.52354814783e+12
59	6.55668504563e+11
60	2.58318410822e+12
61	8.76257957446e+11
62	1.44357478995e+12
63	4.78984253144e+12
64	7.49960815865e+12
65	6.85828121601e+12
66	2.81823218505e+11
67	8.12410795445e+11
68	8.05174544377e+12
69	4.67427287707e+12
70	6.55185638923e+12
71	3.152226662e+12
72	2.49067747147e+12
73	1.06185060818e+12
74	3.14509271587e+12
75	1.66684467499e+12
76	1.63796012715e+12
77	2.2100684138e+12
78	1.68927133289e+12
79	3.95942015261e+12
80	6.99848716655e+12
81	1.03196780098e+12
82	1.7284325947e+12
83	1.26504591451e+12
84	6.15902270116e+12
85	5.69707519138e+12
86	1.17691936956e+12
87	5.98396287836e+11
88	1.57191467331e+12
89	7.95701960097e+12
90	5.30303054843e+12
91	7.41050108349e+11
92	1.64627097254e+12
93	1.06552648924e+12
94	1.40191861869e+13
95	5.90692007202e+11
96	5.20436067006e+11
97	4.4176491408e+12
98	5.21565197687e+11
99	3.2198720469e+13
100	1.12511997931e+12
101	2.53403557677e+12
102	5.06824115238e+12
103	2.43378955146e+12
104	1.21793813229e+13
105	1.33537049582e+12
106	1.40715390584e+12
107	8.07765442001e+12
108	4.40914840944e+12
109	9.26193447287e+11
110	1.05575354463e+13
111	1.63935376137e+12
112	1.90655200131e+12
113	9.51394676493e+11
114	2.49806998397e+12
115	3.10882195219e+12
116	1.23295911012e+12
117	1.31504135857e+12
118	3.4430424272e+12
119	5.38632733141e+12
120	8.19319932922e+11
121	1.71789171566e+12
122	5.60847047606e+12
123	8.46223979189e+11
124	1.57896613267e+13
125	9.34149872205e+11
126	1.25027774787e+12
127	3.04846997838e+11
128	8.20648648204e+11
129	1.50994742695e+12
