0	1.29833104446e+11
1	1.34185679953e+11
2	2.85194507042e+11
3	7823755468.14
4	28083825094.8
5	2.4355616935e+11
6	44032826442.9
7	1.70270220142e+11
8	8.9986526338e+11
9	1.39149197651e+11
10	1.61371899792e+11
11	3.3344518643e+11
12	1.60875215063e+11
13	1.15560597466e+11
14	22181118846.5
15	2.39637018768e+11
16	2.01602253552e+11
17	2.2904522774e+11
18	1.03422225173e+11
19	5.26984309699e+11
20	53867974615.9
21	1.90387607673e+11
22	81550806545.7
23	9.36584061084e+11
24	1.35386317002e+11
25	26970409061.4
26	3.43552205411e+11
27	2.64456772449e+11
28	1.40619120085e+11
29	4.56416669685e+11
30	9.74717889161e+11
31	2.1700912741e+11
32	1.30006195385e+11
33	3.26454395158e+11
34	55095989388.3
35	1.92294225257e+11
36	2.06033745509e+11
37	3.98668550121e+11
