0	6.49873985863e+12
1	2.52701001456e+11
2	4.66703923847e+12
3	1.21837139109e+12
4	1.32886388357e+12
5	1.12031015084e+12
6	5.26791182734e+11
7	3.34955087815e+11
8	5.80772131682e+11
9	4.76457791494e+12
10	9.59874954347e+11
11	2.29102292236e+11
12	3.56339273021e+12
13	2.7191189773e+12
14	7.45338658811e+11
15	1.33757160903e+12
16	5.75798129788e+12
17	5.99893659312e+11
18	5.25698248872e+12
19	4.11207863813e+11
20	1.72611366185e+12
21	1.14076707689e+12
22	2.47925047531e+12
23	1.45767303764e+12
24	4.2841516411e+11
25	4.11554773694e+11
26	1.1348949471e+12
27	2.71946027422e+12
28	2.21112650325e+11
29	1.52060713039e+13
30	4.30184919935e+12
31	1.06689236243e+12
32	1.90678836246e+12
33	1.21702880727e+12
34	6.66708614259e+12
35	5.34394600222e+11
36	1.62130023831e+12
37	4.30115684648e+11
38	1.92352134201e+12
39	9.14364968922e+11
40	3.54782763252e+12
41	6.32528197467e+11
42	3.97268780862e+12
43	2.58045195651e+12
44	1.60333127838e+11
