0	1.0815840695e+12
1	3.85439182843e+12
2	1.69876708898e+13
3	1.06221261206e+13
4	1.38006926102e+13
5	2.85879291198e+12
6	5.47242568636e+12
7	1.41643148157e+12
8	8.12872529707e+11
9	1.21212655829e+12
10	2.9741126479e+12
11	4.58006307626e+12
12	1.90820748963e+12
13	5.96351958753e+12
14	2.41042624289e+11
15	1.6583160766e+12
16	1.71640852562e+12
17	2.40775451507e+13
18	2.49792508427e+12
19	8.89630625614e+12
20	4.93239254199e+12
21	1.21783911945e+13
22	1.93544965519e+12
23	2.26839403838e+13
24	1.91378769341e+12
25	2.47203529639e+12
26	1.77890417129e+13
27	1.68380838056e+12
28	2.24705601903e+12
29	3.54381921789e+12
30	3.36950347201e+12
31	4.06237782246e+11
32	6.62444205077e+12
33	1.4607785118e+12
34	5.63074505523e+12
35	2.02321537877e+12
36	1.08277789077e+13
37	1.16518028413e+13
38	1.01370990403e+12
39	4.7621583313e+12
40	5.55488141236e+12
41	8.35117832147e+12
42	2.94406297654e+13
43	7.58285542779e+12
44	4.13561221765e+12
45	7.22378482649e+11
46	1.94360855773e+12
47	1.60947936017e+13
48	7.38752019134e+11
49	6.41266722559e+12
50	1.35020320196e+12
51	6.43474011469e+12
52	4.00486040522e+12
53	2.7364744601e+12
54	1.6125429537e+12
55	6.1287153689e+12
56	2.04710065403e+12
57	3.51018491891e+12
58	6.47669036717e+11
59	1.40018775044e+13
60	5.48961876894e+12
61	4.9673672535e+12
62	5.11299464385e+12
63	6.54599574817e+12
64	1.15363751268e+13
65	7.29635627262e+11
66	9.84402676639e+12
67	1.79661872718e+12
68	4.11835893383e+12
69	7.92238151525e+11
70	1.16759933121e+13
71	4.5666733557e+12
72	1.53684553144e+12
73	1.02771930617e+13
74	2.90854947401e+12
75	6.59647355993e+12
76	7.77694530027e+11
77	2.8540739723e+12
78	1.97843087635e+13
79	2.64826576557e+12
80	2.69215649745e+12
81	1.72236445844e+12
