0	1.63667532703e+11
1	2.51653591161e+11
2	1.15518305339e+12
3	1.93857366473e+12
4	1.19472000977e+12
5	1.07580286144e+12
6	8.80699616576e+12
7	4.27638525925e+11
8	3.17876510678e+12
9	2.84885313989e+11
10	3.67502535789e+11
11	3.80161967222e+11
12	2.95570205648e+12
13	9.79630444001e+11
14	2.61674708446e+11
15	4.77298103284e+11
16	6.31193358299e+11
17	7.89587037741e+11
18	2.59006944523e+12
19	1.53732900266e+12
20	6.59909313826e+11
21	2.05036370507e+12
22	6.49461528661e+11
23	5.56408485438e+11
24	8.60599950775e+12
25	7.78145613694e+11
26	5.89646564242e+11
27	9.88996137974e+11
28	6.26306533003e+11
29	4.0688529163e+11
