0	2.42457277808e+12
1	2.31581958356e+12
2	1.81224568275e+12
3	2.47217102479e+12
4	1.41040797292e+12
5	1.65833679732e+12
6	2.86560680714e+12
7	7.1054515782e+12
8	2.06756989907e+12
9	1.6283525509e+11
10	1.37088696873e+12
11	6.13255339085e+11
12	5.15948033964e+11
13	4.68936249033e+11
14	1.73280350731e+12
15	1.93179392875e+12
16	6.012039732e+12
17	9.29201009921e+11
18	2.13546697111e+12
19	3.94738121441e+12
20	3.55771088982e+12
21	5.99903196562e+12
22	6.48645037044e+12
23	2.30191912672e+12
24	1.31617940577e+13
25	1.22232168814e+12
26	7.31660519041e+12
27	4.27329685893e+11
28	2.24647573093e+11
29	5.8297530808e+12
30	8.19157432074e+11
31	6.16171119565e+12
32	1.70508328636e+12
33	2.80681603826e+12
34	2.13290789778e+12
35	2.45610319473e+12
36	2.92513533873e+12
37	1.12386745093e+12
38	1.69443424791e+12
39	2.69352541052e+12
40	9.2684798937e+12
41	4.32451683888e+11
42	2.49707857234e+12
43	4.07191258418e+11
