0	4.87461812895e+11
1	1.402766182e+12
2	2.11855877886e+12
3	3.70035899112e+11
4	1.35249345045e+11
5	6.07761278719e+11
6	4.94055446357e+11
7	4.22383503353e+11
8	9.48337774043e+12
9	1.14664630492e+12
10	2.11993080147e+12
11	8.68056575833e+11
12	4.34013133737e+11
13	1.33162917685e+12
14	1.30453680634e+12
15	1.1483665242e+12
16	3.66516888745e+12
17	3.60570140662e+11
18	8.93053563429e+11
19	1.27246040994e+11
20	9.5251658953e+11
21	1.56629474788e+12
22	1.2356630837e+13
23	3.04896552917e+11
24	6.2105158504e+12
25	1.91384357074e+11
26	1.38636337542e+12
27	1.12567505832e+11
28	1.2614525736e+12
29	4.09053840974e+12
30	5.27405136709e+11
31	3.73607085597e+12
32	4.56340528778e+12
33	2.16151276038e+12
34	4.20855706579e+11
35	8.82123929918e+11
36	5.42459200946e+11
37	2.8237939304e+12
38	6.91979406543e+11
39	65143834368.6
40	4.01918419374e+11
41	7.40454327732e+11
42	1.32443212819e+12
43	3.39122273233e+11
44	6.25393444945e+11
45	2.72042565479e+11
46	4.90960927449e+11
47	1.06502745525e+12
48	4.29257927811e+11
49	2.25146535904e+12
50	8.24005784983e+11
51	3.51438324171e+11
52	5.73402990259e+11
53	8.66247765453e+11
54	1.86928289313e+12
55	1.44733599522e+12
56	9.28149601605e+11
57	4.12665927773e+11
58	2.21433864674e+11
59	3.27392455994e+12
60	2.9565345562e+11
61	3.40846514425e+11
62	5.59623981537e+12
63	1.14208653686e+12
64	3.10265357388e+11
65	1.47723614357e+12
66	3.47043089298e+12
67	3.41173145387e+11
68	57190389089.2
69	2.64950632245e+12
70	4.5507920082e+12
71	76014002509.6
72	1.63978367359e+12
73	3.97480675606e+11
74	7.96819871816e+11
75	1.86949163791e+12
76	3.36877941551e+11
77	1.06587343557e+12
78	2.79467993492e+11
79	3.06429829369e+11
80	2.31898929857e+12
81	1.63904724579e+11
82	3.59750901645e+12
83	4.06503181711e+11
84	2.83793798391e+11
85	2.28457664028e+11
86	4.46055731567e+11
87	8.07339927594e+11
88	5.05582519479e+12
89	4.54141306897e+12
90	1.71061122911e+12
91	70829513542.3
92	1.99444922468e+11
93	1.99743875439e+12
94	5.26121204565e+11
95	1.8222105821e+11
96	1.18073825197e+12
97	1.86095690152e+11
98	2.50414520273e+11
99	2.03100968314e+12
100	9.73031391336e+11
