0	1.44397633841e+11
1	3.90282810915e+11
2	1.52300180316e+11
3	1.83070535571e+11
4	1.44490965992e+11
5	33188468188.3
6	62704394040.3
7	55468317398.7
8	2.94162709554e+11
9	3.28853290305e+11
10	59996675619.3
11	53519917138.0
12	76101539759.3
13	1.06165948571e+11
14	1.23887634309e+11
15	66108595789.4
16	4.02416348005e+11
17	57259175773.4
18	59428993290.1
19	3.40791800226e+11
20	55327182704.9
21	4.07261697506e+11
22	43570601551.0
23	1.95897129045e+11
24	1.71175173522e+11
25	34480164873.7
26	1.27923750733e+11
27	47063543350.3
28	2.24860941781e+11
29	83907891517.1
30	66537242514.7
31	19741763187.9
32	1.12612966713e+11
33	33557211058.2
34	17599398429.8
35	2.35088889107e+11
36	1.09616560915e+11
37	1.41875345408e+11
38	78149148009.1
39	48000857485.1
40	2.56620917859e+11
41	61242990856.1
42	24010870434.4
43	1.68625862178e+11
44	1.35347523797e+11
45	92370436935.2
46	85127240257.0
47	10551986821.0
48	2.7756366979e+11
49	96977235082.5
50	17229493262.6
51	49079948121.3
52	1.56945666721e+11
53	1.01906569914e+11
54	6.36790345272e+11
55	37003161084.4
