0	3.36493476354e+12
1	8.13308343993e+11
2	5.95978326738e+11
3	5.34180330161e+12
4	3.61974810274e+11
5	1.8554892614e+12
6	1.51629038195e+11
7	2.28394196485e+12
8	3.23162142884e+12
9	6.58578671649e+11
10	3.61078149749e+11
11	3.44769794752e+12
12	2.08538874318e+12
13	5.95688740052e+11
14	1.84047811055e+12
15	4.52609762992e+11
16	2.75920931467e+12
17	4.53199365959e+11
18	2.5715845629e+11
19	8.8243675431e+11
20	1.68675378774e+12
21	1.7877764933e+12
22	5.69317865625e+11
23	1.42945873418e+12
24	3.15769267186e+11
25	1.24766444439e+12
26	7.68436285122e+11
27	7.40817728859e+11
28	5.58004464061e+11
29	1.5949174284e+12
30	1.88766865677e+12
31	5.58418626971e+11
32	2.42659531834e+12
