0	1.19528483299e+11
1	3.2229167819e+11
2	3.1919722358e+11
3	9.55496140104e+11
4	3.00935927432e+11
5	1.43766578099e+11
6	1.55308519493e+11
7	4.48864580913e+11
8	2.49128059858e+11
9	5.29380858424e+11
10	49262020896.3
11	2.44789835342e+11
12	3.09652266327e+11
13	4.05832643382e+11
14	2.1686489789e+11
15	4.43117099878e+11
16	2.92623815179e+11
17	2.42424948812e+11
18	8.86129392556e+11
19	4.65557059918e+11
20	1.43227389575e+11
21	3.20462535116e+11
22	8.63600934913e+11
23	4.84520343547e+11
24	1.50369912269e+11
25	3.68073898427e+11
26	1.94434054162e+11
27	3.81464821855e+11
28	7.06872093491e+11
