0	2.19579669082e+12
1	7.70374776121e+12
2	5.92469221896e+12
3	6.41677557803e+12
4	2.20789103165e+12
5	3.82626482976e+12
6	7.89061288364e+12
7	2.61120505683e+11
8	4.06868385217e+12
9	5.96923282218e+12
10	8.54682849403e+12
11	6.2238438144e+11
12	3.0983093723e+12
13	2.91451402841e+12
14	2.80455181269e+12
15	1.12183966034e+12
16	1.88183310704e+12
17	5.73840102976e+12
18	1.48624090075e+12
19	3.52087783151e+12
20	1.09872604086e+12
21	1.96362519365e+12
22	6.09978710311e+11
23	6.54643659029e+12
24	1.65110125572e+12
25	8.07403870659e+12
26	2.2356921982e+12
27	4.51391158843e+12
28	3.37369167313e+12
29	2.58661127813e+12
30	1.46127411212e+12
31	1.31113774914e+12
32	4.05503820924e+12
33	3.25070779082e+12
34	1.56261469316e+13
35	5.30494887969e+11
36	4.88533589703e+11
37	1.22842245895e+13
38	1.48412561464e+12
39	8.38487600644e+11
40	4.25637147368e+12
41	2.08633432637e+12
42	2.00952819648e+12
43	3.28615895583e+12
44	1.89975170813e+12
45	2.03913872344e+12
46	9.22727482832e+12
47	1.66682045363e+13
48	2.59243953329e+12
49	2.57546025329e+12
50	4.03124486011e+12
51	1.64157091089e+12
52	1.4979627525e+12
53	3.27657847242e+12
54	1.14182340536e+12
55	1.27400849183e+13
56	3.46891629352e+12
57	1.81585098787e+12
58	1.93338659845e+13
59	4.74748909817e+12
60	5.94334433601e+12
61	1.94695514969e+12
62	1.00208209986e+12
63	1.43176787508e+13
64	8.55833525583e+11
65	5.81330332841e+12
66	4.86253187855e+12
67	1.38057385194e+12
68	7.82233148722e+12
69	4.44159670841e+12
70	9.15228195426e+12
71	1.00469586634e+13
72	1.74087361558e+12
73	7.26044018984e+12
74	8.78174868396e+12
75	3.23185756658e+12
76	3.87997378397e+12
77	1.93427904649e+12
78	1.05265287639e+12
79	2.22200804588e+12
80	3.48572629487e+12
81	5.43931771214e+12
82	1.13065811871e+12
83	9.20243764655e+12
84	1.71528247367e+13
85	1.11289266808e+12
86	7.58956553016e+11
87	5.16423207747e+11
88	1.98800070233e+13
89	1.18263805149e+13
90	7.12507641551e+11
91	7.28569949646e+12
92	3.20215328057e+12
93	2.49365036506e+12
94	6.8945350661e+12
95	3.13600877945e+12
96	4.56500260741e+12
97	4.5320151607e+12
98	4.86139235889e+12
99	2.46465866685e+11
100	2.22983281774e+13
101	2.64630433223e+12
102	3.35225467134e+12
103	5.80595345513e+12
104	4.88612716048e+12
105	4.50979823698e+12
106	3.07297896396e+12
107	1.62882060685e+13
108	5.20743512584e+12
109	8.6646011135e+12
110	7.09723591909e+12
111	5.29618506959e+12
112	8.22188118428e+12
113	7.26658566129e+12
114	5.96918654204e+12
115	3.64290075987e+12
116	6.91865608287e+11
117	1.19512212465e+12
118	8.22085165545e+11
119	1.78841574774e+13
120	1.08778176308e+13
121	5.53521624814e+12
122	6.59647052916e+12
123	1.33116496984e+12
124	2.00314903664e+12
125	8.22716995738e+11
126	1.46760299528e+13
127	4.69973329662e+11
128	2.71094681026e+12
129	3.7945195279e+12
130	6.76516448671e+12
131	7.14747060227e+12
132	1.96901220322e+13
133	1.09497972466e+13
134	4.73862500756e+12
