0	2.90188330543e+11
1	2.91554754816e+11
2	1.16630711296e+12
3	7.84421796852e+11
4	6.17056911014e+11
5	7.71601046507e+11
6	6.85834412627e+11
7	4.90113577955e+11
8	4.99332003812e+11
9	9.81400507883e+11
10	7.62796293987e+11
11	8.74091453819e+11
12	2.797307563e+11
13	1.983665886e+12
14	2.53754017358e+12
15	4.26898445357e+11
16	1.10493218157e+12
17	4.49961092152e+11
18	2.4184348468e+12
19	2.31090856791e+11
20	9.62639437837e+11
21	3.62737963119e+11
22	89127592780.7
23	1.25589071975e+11
24	87464809906.4
25	8.11937953019e+11
26	6.19141320754e+11
27	3.50723777996e+11
