0	1.55857249024e+11
1	2.78565062819e+11
2	1.15198475248e+11
3	1.0961460707e+12
4	2.21466041147e+11
5	1.11060923272e+12
6	56164608441.3
7	1.5503505963e+11
8	1.07204754989e+12
9	7.18889285261e+11
10	2.61257994767e+11
11	9.80915402399e+11
12	1.29621699756e+11
13	1.56837558407e+11
14	1.9676897027e+11
15	6.23665336172e+11
16	4.28884029478e+11
17	3.78886904524e+11
18	2.26099270427e+11
19	1.74920442366e+11
20	2.81675296539e+11
21	1.01458365148e+12
22	2.50564464831e+11
23	1.4778906531e+12
24	6.85091043537e+11
25	1.32076272463e+11
26	4.0123248676e+11
27	3.28304526301e+11
28	1.64812335721e+11
29	92323762210.3
30	4.73140355683e+11
31	8.31649303931e+11
32	3.57409327027e+11
33	2.26041847416e+11
34	1.00457316805e+11
35	2.58743415954e+11
36	1.12319632142e+11
37	75306593817.0
38	2.78766430706e+11
39	1.07040272299e+12
40	5.18502328879e+11
41	1.79114898772e+11
42	1.10055874834e+11
43	5.1935665594e+11
44	3.06755350424e+11
45	1.25387779087e+11
46	2.11228123197e+11
47	76382706200.7
48	1.99303280792e+11
49	78096430971.0
50	1.28556039089e+12
51	4.48195040401e+11
52	3.67580507562e+11
53	3.0231176538e+11
54	5.78587719134e+12
55	1.36892257811e+11
56	1.0966608232e+11
57	39370639287.5
58	5.90018538624e+11
59	96497188616.3
60	53468887407.3
61	1.15925370953e+11
62	1.87040920677e+11
63	3.04996697808e+11
64	9.55643736015e+11
65	1.18739203397e+11
66	8.80380844756e+11
67	1.32838259132e+11
68	2.27643172621e+11
69	1.97635550898e+11
70	9.09541016453e+11
71	2.16250876346e+11
72	1.15334116985e+11
73	2.89323006293e+11
74	1.33378119125e+11
75	2.32496125634e+11
