0	2.27809647681e+11
1	1.80832695336e+12
2	1.45758874687e+11
3	2.51654995119e+11
4	3.61965664531e+11
5	2.500172216e+12
6	1.03588826012e+12
7	5.55155831962e+11
8	1.5610272888e+12
9	1.97534763746e+12
10	2.4816150444e+12
11	3.06781832752e+11
12	2.18801614301e+11
13	91656178185.1
14	6.18517552963e+11
15	1.64361222131e+12
16	5.76912818121e+11
17	1.32932399206e+11
18	3.21932859478e+11
19	1.32980649792e+12
20	1.08531850005e+12
21	6.03516889641e+11
22	1.94807819292e+11
23	3.31731831531e+11
24	1.45425985363e+12
25	4.91322576559e+11
26	1.6416310675e+11
27	1.73216993557e+11
28	3.07808976495e+11
29	2.12415518507e+12
30	4.66729848013e+12
31	2.50525188484e+11
32	4.96841320502e+12
33	3.30716623741e+11
34	1.21343991465e+12
35	2.054099877e+11
36	2.989209826e+11
37	2.500708909e+11
38	1.68894461639e+11
39	1.79056795861e+12
40	6.64608173938e+11
41	2.05881185331e+11
42	1.26967590292e+12
43	4.23716401095e+12
44	4.69044130063e+11
45	5.24548944243e+11
46	83027929630.2
47	6.00810399196e+11
48	7.55257483356e+11
49	1.28365489833e+12
50	3.20213863901e+12
51	6.91024080533e+11
52	3.6292745394e+11
53	2.07783841871e+12
54	4.17298165741e+11
55	1.53808716678e+12
56	2.00602871156e+11
57	9.84328262444e+11
58	3.26535793779e+11
59	5.68428941969e+11
60	2.40309799057e+12
61	4.25221705787e+11
62	5.90888044219e+11
63	3.35485346034e+11
64	3.58912649725e+11
65	1.20492677296e+11
66	4.50571056851e+11
67	6.4933061e+11
68	1.49264176915e+12
69	1.05966444398e+12
70	1.50465294472e+12
71	9.51911727168e+11
72	1.32495085821e+11
73	2.32870982196e+11
74	3.99926521874e+11
75	3.08966162286e+11
76	2.58178252961e+12
77	1.0824825263e+12
78	7.42037718562e+11
79	1.68263075596e+11
80	6.82908541909e+11
