0	2.00228834046e+11
1	3.7537284931e+11
2	1.63568992728e+11
3	1.50602878842e+11
4	77867495443.6
5	1.20372017136e+11
6	2.0645885962e+11
7	2.51556563754e+11
8	1.99247671069e+11
9	39750424200.8
10	1.58090406652e+11
11	1.1050103781e+11
12	2.2301809261e+11
13	60078215653.0
14	38990072887.6
15	1.60091407304e+11
16	8.57801403708e+11
17	42770818414.8
18	3.89886067719e+11
19	3.37314812895e+11
20	6.91813178415e+11
21	1.28724319905e+11
22	1.70733915176e+11
23	4.20565963226e+11
24	2.26280720454e+11
25	1.21322141348e+12
26	2.02810136352e+11
27	75786555046.2
28	1.80659393249e+11
29	65584029868.7
30	1.92413899769e+12
31	2.36843123576e+11
32	1.49692206871e+11
33	2.331328596e+11
34	1.38905142862e+11
35	1.60050830294e+12
