0	1.12457168538e+11
1	1.89003393446e+12
2	1.32930924324e+11
3	3.29864353615e+11
4	4.330829441e+11
5	5.54447468783e+11
6	1.16112958167e+12
7	1.44183492477e+12
8	7.07401038176e+11
9	1.29622717225e+12
10	4.57108715821e+11
11	1.81773006388e+12
12	1.51785636624e+12
13	3.38396535275e+11
14	1.16817195338e+11
15	2.26307520096e+12
16	4.15627766806e+11
17	4.05894989446e+11
18	1.50270329462e+12
19	1.08550569371e+11
20	9.85557080978e+11
21	8.70318974086e+11
22	9.86035472782e+11
23	2.7440154109e+11
24	1.91792696252e+12
25	3.22273015098e+12
26	3.68817818833e+11
27	7.02188829652e+11
28	1.36114276525e+12
29	3.91407892066e+12
30	7.46314906075e+11
31	3.87844493824e+12
32	3.33426057734e+11
33	1.40310681019e+12
34	2.08036174045e+11
35	4.52954076596e+11
36	3.43683772737e+11
37	4.57414027034e+11
38	3.01999529474e+11
39	1.08683158401e+12
40	1.25194378796e+12
41	4.1910381178e+11
42	7.57015951867e+11
43	1.61825365883e+12
44	5.01899583623e+11
45	89544652933.9
46	4.10903709464e+11
47	1.9375046582e+12
