0	1.81853214346e+11
1	4.37494378686e+11
2	2.698980909e+11
3	97227341199.6
4	97215584838.3
5	9.7265661914e+11
6	3.4699418088e+11
7	2.62674050182e+11
8	1.37955183627e+12
9	5.06861240108e+11
10	3.16594869306e+11
11	1.82816388326e+11
12	76322665919.7
13	1.14928623089e+11
14	1.38497877747e+11
15	1.70367580848e+12
16	9.72009087733e+11
17	2.93143440684e+12
18	4.51916016601e+11
19	1.87970249743e+12
20	3.50522735544e+11
21	5.62910895104e+11
22	1.37437904832e+11
23	2.82142698797e+11
24	4.99778124496e+11
25	4.51679594516e+11
26	99680559704.5
27	4.58577107392e+11
28	4.32898626267e+11
29	36876884375.4
30	9.09648607272e+11
31	6.10962391325e+11
32	7.64736711164e+11
33	4.87640175457e+11
34	1.27173851761e+11
35	1.14272943344e+12
36	2.41980767826e+11
37	1.17650328134e+12
38	1.12467437456e+11
39	55602697919.5
40	2.67892304104e+11
41	44007762761.4
42	1.12858745535e+11
43	3.24050338661e+11
44	1.44833371781e+11
45	1.58139929219e+11
46	2.17161484915e+11
47	5.0008674463e+11
48	8.41637446833e+12
49	81845086466.2
50	2.6045212668e+11
51	1.51107142928e+12
52	59510487611.1
53	3.59329442473e+11
54	1.94661810153e+11
55	36713739828.8
56	1.71207003985e+11
57	4.48857960348e+11
58	3.55355075294e+12
59	2.4997251965e+11
