0	2.84664989368e+11
1	6.35641764515e+11
2	7.90968050308e+11
3	2.69134076169e+11
4	4.69535468853e+11
5	7.57081671209e+11
6	8.29165912067e+11
7	5.47596647234e+11
8	1.15247389209e+12
9	2.03866386161e+11
10	3.93853896642e+11
11	9.77286763148e+11
12	3.83687805288e+11
13	7.14408065651e+11
14	2.88669109885e+11
15	4.50168277741e+11
16	1.54883566625e+11
17	2.16514058227e+11
18	2.9360506445e+11
19	8.97435441928e+11
20	1.99043243584e+11
21	3.30531067731e+11
22	2.38698418174e+11
23	9.55803992113e+11
24	4.60835887171e+11
25	2.96489728579e+11
26	1.2124204249e+12
27	8.94521521039e+11
28	3.22395961755e+11
29	1.26737716669e+12
30	1.40539094074e+12
31	1.5438158001e+12
32	8.60082118245e+11
33	3.83654099382e+11
