0	2.52896892101e+11
1	4.53542361711e+11
2	3.37920291405e+11
3	2.77066543795e+11
4	1.70636107664e+12
5	2.29178573574e+12
6	9.60884808262e+11
7	3.12121568471e+11
8	1.52100795776e+11
9	3.84493180224e+11
10	4.23246135644e+11
11	5.18654535895e+11
12	2.44160682669e+11
13	1.1456781705e+12
14	3.48113172724e+11
15	2.11756985601e+12
16	8.95930387078e+11
17	9.66905373709e+11
18	3.0523911209e+12
19	1.51517545528e+12
20	2.87873874905e+11
21	1.6019124291e+12
22	1.60403515087e+11
23	2.76526022817e+12
24	2.44470491666e+12
