0	5.0597326189e+11
1	1.01621716165e+12
2	1.28034422901e+12
3	2.04104516159e+11
4	1.42227932885e+12
5	3.63856613399e+12
6	7.36897710049e+11
7	1.81697053013e+13
8	3.84404191966e+12
9	3.64578273977e+11
10	4.29794075106e+11
11	7.84312198821e+11
12	2.72913017261e+11
13	95753279970.2
14	1.25851266665e+12
15	1.59036352802e+12
16	3.10209504597e+11
17	1.11772300492e+12
18	35051119240.6
19	2.84076563156e+12
20	2.37473027699e+12
21	1.84836729154e+11
22	1.54456701809e+11
23	2.24874155889e+11
24	2.3626855051e+11
25	5.93483799025e+11
26	1.74994276075e+12
27	7.57252699424e+11
28	6.45222978921e+11
29	3.2076000946e+12
30	1.13709346565e+12
31	1.7899008366e+11
32	2.13868556151e+11
33	5.87132709974e+11
34	2.86475428896e+12
35	3.19703470595e+12
36	7.63929465038e+11
37	1.67492279814e+12
38	2.99871765554e+11
39	7.84728120322e+11
40	7.26093193108e+11
41	68706837338.7
42	71410850109.4
43	5.97879887901e+11
44	1.87540702907e+12
45	1.75016034819e+12
46	7.21079095681e+11
47	8.41333654006e+11
48	9.67807905906e+11
49	6.88920226591e+11
50	1.30879273544e+12
51	1.29765006368e+11
52	2.63036190562e+12
53	1.72663475417e+12
54	2.77708060726e+12
55	1.61924265659e+12
56	2.29372977434e+12
57	3.8968426926e+11
58	9.24329841597e+11
59	2.62648752577e+11
60	7.2425956337e+12
61	1.96888448526e+12
62	8.81894940019e+11
63	7.48287689863e+11
64	3.43120735863e+11
65	2.62995531033e+11
66	2.59449378248e+11
67	1.43686144546e+11
68	1.24686675681e+12
69	6.62773276776e+11
70	6.59542079602e+11
71	2.28816644171e+11
72	1.79260410777e+11
73	2.54442863214e+12
74	1.39980496711e+12
75	6.69730468812e+11
