0	54360909606.1
1	28851798148.6
2	1.29809726609e+11
3	32495557631.8
4	20734170571.5
5	52612764220.1
6	3264895643.48
7	1.06964399348e+11
8	2.50940101467e+11
9	29295214176.6
10	1.13954570095e+11
11	1.98304161519e+11
12	4.04665877967e+11
13	43855336523.8
14	2.11229039063e+11
15	37690008534.2
16	82942074607.6
17	79755216561.9
18	1.48269394987e+11
19	44061531563.3
20	2.32463671224e+11
21	1.17365380988e+11
22	19979984327.8
23	33062095454.1
24	60618622491.8
25	5.37721204519e+11
26	26593087911.2
27	72148301695.6
28	81094403347.1
29	66700394635.5
30	26204581288.2
31	1.59114159906e+11
32	1.87889373744e+11
33	81158866180.5
34	3.51970478334e+11
35	1.2108052376e+11
36	1.28145972725e+11
