0	1.78907116469e+11
1	1.53521918306e+11
2	7.6814358801e+11
3	1.45279723453e+12
4	2.67508378073e+11
5	2.0747900876e+12
6	2.37911585396e+11
7	3.01939733245e+11
8	6.91764922875e+11
9	5.63256741346e+11
10	1.10252498944e+12
11	2.35338793131e+12
12	1.19756931462e+12
13	3.27725362694e+11
14	9.70265831917e+11
15	3.37090410431e+12
16	3.01520252837e+12
17	2.82574391256e+12
18	5.33935221903e+11
19	2.39209916468e+11
20	1.02752002284e+12
21	2.41600373628e+12
22	1.27873655369e+12
23	1.2481198489e+11
24	4.37724687462e+11
25	6.55903086487e+11
26	5.12065999437e+11
27	5.42541951392e+11
28	9.36700609204e+11
29	3.67563972238e+11
30	1.22571522927e+12
31	2.0971818802e+11
32	2.47698389368e+11
33	2.34543243729e+12
34	6.39563758947e+11
35	2.60937989919e+12
36	3.60296957265e+11
37	9.0846328113e+11
38	6.72716965621e+11
39	3.86781240342e+11
40	1.88594181379e+12
41	1.09356932056e+12
42	4.73897817965e+11
43	1.62382964263e+12
44	1.06931302196e+12
45	8.17509217506e+11
46	1.03375597444e+12
47	1.29050985744e+12
48	5.55967175102e+12
49	83391308206.7
50	6.04490794681e+11
51	1.73105607597e+11
52	5.56452416501e+11
53	1.03137859897e+12
54	5.409783777e+11
55	9.96340618655e+11
56	6.54614607992e+11
57	1.39369109434e+12
58	3.8795252947e+11
59	1.30920192196e+12
60	4.59408077058e+12
61	4.44700455051e+11
62	1.0046369296e+12
63	2.06758368433e+12
64	1.07848197295e+12
