0	1.73595444848e+12
1	6.04049273149e+11
2	2.02261883847e+12
3	1.62596978842e+12
4	4.5228452305e+11
5	6.10435217697e+11
6	5.85974549756e+12
7	8.89685763658e+11
8	1.7672499581e+12
9	3.23517014023e+12
10	1.57850181748e+12
11	1.10142599659e+12
12	1.55165386271e+11
13	2.02313078906e+12
14	5.18106638015e+11
15	3.98494727932e+12
16	3.0647862989e+12
17	2.63768019724e+11
18	3.57570050908e+11
19	9.93453585715e+11
20	1.70024460106e+12
21	1.37750036279e+12
22	1.01626234156e+12
23	6.29823924594e+11
24	4.2694511595e+12
25	2.96902308507e+12
26	3.09913524398e+11
27	3.38415230691e+11
28	1.94713532875e+12
29	7.90621680293e+11
30	2.48783351805e+11
31	6.85804707195e+11
32	2.03319797761e+12
33	6.56425574424e+11
34	1.00837097861e+13
35	3.38588593046e+11
36	2.01746165445e+12
37	3.32188520293e+11
38	4.08207884323e+12
39	3.23167649977e+12
40	5.02355136274e+11
41	1.01225141083e+12
42	1.06830278993e+12
43	6.25720394599e+11
44	3.93954145332e+12
45	5.52002471781e+11
46	4.03544106637e+11
47	9.2885875551e+11
48	6.19920246934e+11
49	3.73383181981e+12
50	6.56206194286e+12
51	9.47163331151e+11
52	9.34532298218e+11
53	2.98539536403e+11
54	4.81858200027e+11
55	1.43934237002e+12
56	2.69683388764e+11
57	1.59402829329e+11
58	5.44096366524e+12
