0	1.63171886679e+12
1	1.73070421148e+12
2	1.07565749495e+11
3	1.78805067172e+12
4	2.4618380425e+11
5	4.39013534226e+11
6	4.68854084246e+11
7	3.40700817027e+11
8	4.39819116966e+11
9	3.59405644209e+11
10	1.67983546906e+11
11	5.57735839569e+11
12	1.39474219509e+11
13	74175549769.4
14	8.2362149422e+11
15	1.05592259356e+11
16	5.4802945654e+11
17	9.38717066668e+11
18	3.6520922951e+11
19	1.17531926982e+11
20	2.84521623442e+11
21	8.82795192743e+11
22	1.74625620571e+11
23	2.42630860276e+11
24	8.05579159245e+11
25	1.94009831991e+11
26	66210977528.6
27	1.63871618471e+11
28	2.53000604832e+12
29	21367111682.9
30	1.26857093035e+12
31	3.90082643309e+11
32	4.2297242051e+11
33	1.77072436925e+12
34	1.92833494076e+11
35	9.0061518275e+11
36	7.26749026195e+11
37	7.52738271905e+11
