0	1.00134095204e+12
1	2.42076230783e+11
2	2.51888284537e+11
3	2.17764615396e+11
4	2.05454619772e+12
5	2.58159187352e+11
6	7.98410046496e+11
7	9.91532277955e+11
8	2.14576499e+12
9	5.75032236417e+12
10	8.7121908899e+11
11	1.79158579886e+12
12	5.43684510375e+11
13	1.14814071995e+12
14	1.26024705926e+11
15	1.02631045873e+12
16	4.54766479118e+11
17	2.56233117316e+12
18	1.13951971806e+12
19	1.61005430734e+12
20	90874900824.9
21	1.57325206297e+12
22	8.59308069579e+11
23	2.03101974013e+11
24	3.62306035716e+11
25	1.34083489983e+11
26	9.26257067948e+11
27	2.86868382954e+11
28	6.73458357234e+11
29	1.68621946031e+12
30	54549019669.2
31	3.25477462064e+12
32	2.16028020257e+11
33	1.89096702843e+12
34	1.114193608e+12
35	2.11820286197e+11
36	6.00801185285e+11
37	1.25033671441e+11
38	4.05830321586e+11
