0	2.23954062951e+11
1	3.57425829247e+11
2	3.89719595204e+12
3	1.37051389457e+12
4	1.02847470998e+12
5	1.89324718143e+12
6	1.58653726268e+12
7	6.86140520416e+12
8	4.46293676362e+12
9	7.61540665313e+11
10	3.16494690683e+11
11	1.20742305915e+11
12	2.40359216683e+11
13	4.06016660351e+12
14	7.56634935202e+11
15	1.68934035773e+12
16	1.18459773025e+12
17	1.32534117937e+12
18	1.19984137711e+12
19	8.11992493913e+11
20	1.25415131642e+12
21	6.75634055327e+11
22	1.40728207154e+12
23	1.68120062074e+11
24	9.94204254934e+11
25	1.87007567646e+12
26	2.82963226523e+11
27	1.32196459296e+12
28	9.71722107618e+11
29	5.57464217757e+11
30	2.6010912989e+12
31	5.44595247384e+11
32	2.52220196178e+12
33	2.70549926185e+12
