0	1.36157976864e+12
1	2.41552541776e+12
2	3.74112024941e+12
3	8.87516271927e+11
4	1.21474431394e+13
5	1.12790738647e+12
6	1.58072765211e+12
7	1.6256759665e+12
8	2.18848930256e+12
9	1.10265468992e+12
10	6.17164336073e+12
11	8.90539231465e+11
12	2.46372477576e+11
13	5.08398639254e+12
14	3.01624903379e+12
15	4.89048863619e+11
16	2.35270473418e+12
17	1.69893201924e+13
18	2.02051624589e+11
19	1.17751100121e+12
20	3.07536612982e+12
21	1.75825248554e+12
22	2.97653929208e+12
23	1.84101170812e+12
24	2.35773166628e+12
25	3.35222836112e+12
26	2.5617641701e+12
27	2.79891570563e+12
28	1.07490077839e+12
29	1.2652764432e+13
30	9.04030855521e+11
31	9.05419414995e+12
32	9.39664994158e+11
33	1.17456933407e+12
34	1.73389785117e+12
35	2.46404232231e+12
36	6.15590710609e+12
37	6.78294813442e+11
38	8.09938121153e+11
39	1.21285950446e+12
40	8.03216600927e+11
41	4.48655079787e+12
42	1.7145030549e+12
43	8.64235489418e+12
44	3.69304809899e+12
45	6.76535869197e+12
46	3.95776126566e+13
47	2.44217329944e+13
48	2.55915266305e+12
49	9.73101073811e+12
50	2.22194474221e+12
51	5.63290967577e+12
52	2.43759857958e+12
53	2.80118644632e+12
54	1.94147767775e+12
55	5.8538211258e+12
56	3.22004159463e+12
57	8.89215818579e+11
58	1.79161648939e+12
59	7.3415026387e+12
60	2.04853888614e+12
61	1.15517346395e+12
62	3.94986079088e+11
63	1.12601856275e+12
64	1.13929140395e+13
65	3.8817528973e+12
66	1.14334467375e+12
67	2.99417657097e+13
68	9.01866366484e+11
69	9.94058321841e+12
70	6.22340435926e+12
71	3.79162737384e+12
72	1.88434115225e+12
73	4.36203536622e+12
74	1.24853448435e+12
75	5.66916944994e+12
76	7.48378985915e+11
77	4.09046731598e+12
78	6.3567864625e+11
79	6.25434419725e+12
80	1.39885589503e+12
81	1.42523582443e+13
82	2.90229548266e+13
83	5.3620311677e+12
84	1.72375925422e+12
85	3.23110306311e+12
86	3.41075555645e+12
87	3.82880104119e+12
88	1.65216524841e+12
89	2.77759095358e+12
90	1.50026628369e+13
91	1.40347712314e+12
92	8.03328515743e+11
93	2.25509989865e+12
94	2.52840685612e+12
95	1.0799510544e+12
96	2.6824856846e+12
97	1.53549497997e+12
98	2.34909667522e+12
99	7.3108253121e+12
100	9.38166071508e+12
101	1.68470819466e+12
102	8.68929512871e+11
103	2.47759080417e+12
104	1.76173919017e+12
105	1.46624905324e+13
106	5.65384651958e+12
107	2.39417651338e+12
108	2.13598865629e+12
109	8.84382016115e+11
110	8.70136212283e+12
111	9.31861706687e+11
112	1.26197026015e+12
113	1.06509848429e+12
114	1.88231899466e+13
115	8.45837535906e+12
116	5.53879020478e+12
117	6.59525326367e+12
118	1.22764008503e+12
119	3.58850837722e+12
120	6.64689294057e+12
121	6.88930655305e+11
122	1.26806505752e+12
123	1.96642832948e+12
124	8.17238418409e+12
125	5.65787787988e+11
126	3.51842905649e+12
127	3.7213962175e+12
128	2.9434889394e+12
129	2.53576161236e+12
130	8.80618836654e+11
131	1.53777250676e+12
132	5.89831441788e+11
133	7.28832186865e+11
134	2.71756897965e+12
135	1.1417104154e+12
136	4.10885247543e+12
137	2.22401630115e+12
138	1.30495415184e+13
139	6.80772836094e+11
140	4.34742097622e+12
141	6.31024493109e+11
142	1.41814882059e+12
143	2.60452646601e+12
144	3.7108640574e+11
145	6.95120304846e+12
146	3.72435414557e+12
147	3.12390477222e+12
148	1.58780802988e+12
149	1.56130900943e+13
150	1.57422735517e+12
151	1.99668412403e+12
152	3.4162304807e+12
153	1.78981942606e+13
154	6.5594846824e+12
155	2.06132507893e+12
156	1.81204954438e+12
157	2.86900248468e+12
158	2.20608796316e+13
159	5.70357580757e+12
160	5.17439278345e+11
161	8.80893282465e+11
162	5.29840062778e+11
163	2.31723083139e+12
164	1.05799122599e+13
165	3.90263833295e+12
166	7.03348115538e+12
167	1.11864958076e+13
168	2.00178572983e+12
169	1.81720828862e+12
170	3.60626310535e+12
171	3.81892237064e+12
172	1.77261079078e+12
173	5.233553498e+12
174	3.76327104755e+11
175	2.70444022961e+12
176	1.18534977761e+13
177	2.41739348155e+13
178	2.68074865803e+13
179	5.29344635304e+12
180	7.79293053155e+12
181	2.43963283744e+12
182	1.24847155412e+12
183	1.50184999797e+13
184	2.96358582693e+12
185	2.44298210273e+12
186	2.78515486723e+12
187	6.15617214026e+12
188	1.36657647484e+12
189	5.36718667142e+12
190	3.96516926516e+12
191	1.79052418699e+12
192	9.75205241977e+11
193	5.03951541415e+12
194	2.00109960403e+12
195	4.69055864969e+12
196	4.53521224106e+12
197	4.23992741184e+11
198	1.71905745981e+13
199	4.10601991057e+12
200	8.31717908388e+12
201	2.45600615183e+12
202	1.52103632676e+12
203	2.73947911283e+12
204	4.67512054885e+12
205	1.68631720229e+12
206	2.29246256999e+12
207	7.00329369409e+12
208	5.69168686872e+11
209	2.70788868927e+13
210	2.45289748094e+12
211	3.5552462436e+12
212	2.34190209461e+12
213	2.59399796566e+12
214	8.59296377349e+11
215	1.21126400745e+12
216	4.28169883927e+11
217	1.17981430601e+12
218	1.04082065344e+13
219	1.98662602797e+13
220	1.85726035526e+12
221	1.23706698767e+12
222	5.15919431049e+13
223	6.10250558168e+12
224	2.98947201914e+12
225	1.20191872429e+12
226	3.97238594809e+12
227	7.20439139186e+12
228	6.70768110798e+11
229	2.05363278569e+11
230	2.36202539266e+13
231	1.70181773558e+12
232	5.45532333148e+12
233	7.86741490552e+11
234	2.65655713339e+13
235	2.2608278109e+12
236	1.63109066406e+12
237	2.23162297722e+13
238	3.5034494303e+11
239	4.9737574205e+12
240	3.97050372831e+12
241	1.87005057297e+12
242	7.49542390488e+12
243	1.07479105989e+12
244	4.57812185881e+11
245	1.71560060792e+12
246	2.47974395407e+12
247	1.43323133327e+12
248	2.47348947163e+12
249	4.98585467607e+12
250	4.74147644269e+12
251	2.35210726396e+12
252	9.33648002983e+12
253	1.78971963213e+12
254	1.46687107646e+12
255	2.86008372171e+13
256	1.34829265798e+12
257	4.25783029769e+12
258	7.47762892444e+11
259	4.21556450102e+12
260	7.11230508123e+12
261	9.43262210229e+11
262	8.44243167651e+12
263	4.05678340087e+12
264	4.91262538337e+12
265	1.53237355772e+12
266	6.82598812882e+12
267	2.749920708e+12
268	7.62688708565e+12
269	4.30236496098e+12
270	4.33430050003e+12
271	4.76453256731e+12
272	2.18964193882e+12
273	4.93684644705e+12
274	2.56362347967e+12
275	2.56221974144e+12
276	1.212869324e+12
277	1.16123630241e+12
278	2.33871577872e+13
279	5.79517025042e+11
280	1.57875973746e+12
281	2.42088067073e+12
282	3.8157296925e+12
283	1.09291930706e+12
284	4.13251604781e+12
285	1.35162905315e+12
286	8.70436149721e+12
287	4.63735900492e+12
288	4.98378372458e+11
289	7.16916215969e+11
290	1.50748317114e+12
291	4.71693381583e+12
292	4.55668693037e+12
293	5.4789638251e+12
294	1.11279016126e+12
295	7.72942257271e+11
296	2.00595978706e+13
297	1.94291965262e+12
298	9.65892515256e+12
299	2.5425554485e+12
300	6.06727196084e+11
301	6.35772914544e+12
302	3.17502814021e+12
303	1.94117893214e+12
304	2.02066970511e+13
305	2.15634559336e+12
306	1.91921919588e+13
307	1.65463000441e+12
308	2.28756314343e+12
309	5.43138871653e+12
310	1.34212126429e+12
311	3.59626957694e+12
312	1.59962051166e+12
313	4.24440824488e+12
314	6.74901848449e+12
315	2.54491084584e+12
316	1.7125850961e+12
317	3.78544713278e+12
318	2.23332057033e+12
319	1.30147676055e+13
320	1.40354824381e+13
321	6.70818558574e+12
322	2.9727225392e+12
323	1.44899210556e+11
324	1.17973350268e+13
325	1.52228520656e+13
326	1.55493546269e+12
327	2.48846229562e+12
328	2.47783837827e+12
329	1.40963439637e+12
330	3.02360001571e+12
331	2.57993615887e+13
332	3.18521674106e+12
333	1.34295402263e+13
334	9.45197841741e+12
335	3.96060777068e+12
336	3.83271013874e+12
337	2.77447315912e+12
338	7.57272005151e+11
339	7.69183246133e+12
340	7.28470378271e+11
341	2.42757952908e+12
342	4.03240237085e+12
343	2.37332229028e+12
344	3.99520884351e+12
345	6.33842704639e+12
346	3.41200193462e+12
347	7.85918643395e+12
348	2.60547200695e+12
349	2.7872588429e+13
350	4.39292123925e+12
351	5.6197826705e+11
352	1.19162578298e+12
353	1.52933837515e+12
354	1.51579850777e+12
355	5.49028929716e+12
356	3.77911793766e+12
357	1.24757193271e+12
358	2.1990959634e+12
359	1.05533163805e+13
360	1.1190835195e+12
361	1.90795019462e+12
