0	3.70180337374e+11
1	1.72686792361e+11
2	2.37952361437e+11
3	2.12933563934e+12
4	1.69931426123e+12
5	1.68250709052e+12
6	7.98147086207e+11
7	5.62028188464e+12
8	3.66208160131e+12
9	6.8441358408e+11
10	4.78721106596e+11
11	8.2859044115e+12
12	1.4662552831e+12
13	6.27686980148e+11
14	8.60811866838e+11
15	2.1887367552e+12
16	1.95048610986e+12
17	4.14853570695e+11
18	1.93084531061e+12
19	6.00025378653e+12
20	1.20799430289e+11
21	8.85418861936e+11
22	5.33349367731e+11
23	1.27431868033e+12
24	7.57590743651e+12
25	2.57284442083e+12
26	1.7613339586e+12
27	7.18198387922e+12
28	1.9744884931e+12
29	3.73989649596e+11
30	4.22360284172e+12
31	2.34237605622e+12
32	1.11676960498e+12
33	3.0112796315e+12
34	3.30369558316e+12
35	3.10005860011e+12
36	3.57210064334e+11
37	1.11666582245e+12
38	1.92151209325e+12
39	4.26066303551e+12
40	3.79723912249e+12
41	7.5755099512e+11
42	3.621765151e+12
43	2.80278015923e+12
44	1.34987205571e+12
45	2.13628642715e+12
