0	4.34268848369e+11
1	1.88910794944e+11
2	5.11145299385e+11
3	2.36700321373e+11
4	1.53879919628e+11
5	5.38884521962e+11
6	9.47004984805e+11
7	2.56495844429e+11
8	2.01984980486e+12
9	2.61094569248e+11
10	5.50510007852e+11
11	86563743376.3
12	2.39676430065e+12
13	4.00787912427e+11
14	1.41744826641e+12
15	3.64012489769e+11
16	1.26640153461e+12
17	3.15063433559e+11
18	3.09456986876e+11
19	1.05087256905e+11
20	8.20290976555e+11
21	2.15141726576e+12
22	2.76594141394e+11
23	1.93972888104e+12
24	2.4366174375e+12
25	1.87230506236e+11
26	1.22107089072e+12
27	1.5083882307e+12
28	2.1442020495e+11
29	9.60709101288e+11
30	2.02498332383e+12
31	4.48587918736e+11
32	6.41729865246e+11
33	2.02959153669e+12
34	2.16703017332e+12
35	4.6757396648e+11
36	1.26885925885e+11
37	42996163428.1
38	4.68486125604e+11
