0	4.23664127963e+12
1	2.51572427653e+11
2	9.3964981562e+11
3	2.55732042105e+12
4	7.88597303483e+11
5	1.28240282979e+12
6	1.04216331649e+12
7	4.55331421467e+12
8	1.43686463044e+12
9	9.06294332974e+11
10	4.41985070857e+12
11	1.39211418066e+11
12	4.39301719588e+11
13	3.56393219656e+12
14	1.03268253775e+12
15	6.42373001352e+11
16	2.00226925746e+12
17	1.2926163573e+12
18	2.57565920977e+12
19	1.19329024658e+12
20	3.37614205202e+12
21	1.86852187071e+12
22	6.62465341534e+11
23	1.07754019913e+12
24	1.52384473202e+12
25	2.8323528102e+12
26	3.08670999496e+12
27	2.78944652555e+11
28	3.07252014475e+12
29	1.93618534612e+12
30	2.10265879936e+12
31	1.5462070002e+12
32	5.38445789706e+11
33	1.84910762143e+12
34	4.96085727533e+11
35	1.72751589593e+12
36	2.33793282096e+12
37	3.4797949981e+11
38	9.93948215754e+11
39	3.56901363331e+12
40	2.64357586183e+12
41	5.4685031619e+12
42	8.68853655466e+11
43	2.62433669887e+11
44	1.34326955067e+12
45	4.67367511389e+12
46	2.15087553103e+12
47	2.08190650597e+12
48	6.15524154321e+11
49	3.74929291812e+12
50	3.57887789882e+11
51	1.45565475624e+11
52	6.86052765889e+11
53	2.93150512891e+12
54	1.10911908886e+12
55	4.62239663807e+12
56	1.11037733362e+12
57	1.447941192e+12
58	1.86775487272e+12
59	1.75286506008e+12
60	1.33679568466e+12
61	8.70614480306e+11
62	4.5934248863e+11
63	2.11502684632e+11
64	8.42734029841e+12
65	1.25123672824e+12
66	1.90194935523e+12
67	5.70999533197e+11
68	1.42969361304e+12
69	6.71190103446e+11
70	3.78117461822e+12
