0	2.73805903028e+12
1	7.82264044328e+11
2	8.50190533187e+11
3	1.09496425958e+11
4	1.03181640025e+11
5	6.24411473037e+11
6	2.56276338826e+11
7	1.44003181659e+12
8	1.29819468476e+11
9	1.97011094418e+11
10	1.178028236e+11
11	1.10149136231e+12
12	1.68810742337e+12
13	2.11318369839e+11
14	98326522040.7
15	2.60785351975e+11
16	5.54025551473e+11
17	1.6347562328e+12
18	8.20805610112e+11
19	1.19349288364e+12
20	1.05525447423e+12
21	1.09316550121e+11
22	8.76975662173e+11
23	2.13864186874e+11
24	1.00193654779e+11
25	1.51770591881e+11
26	1.44963093546e+12
27	6.8437612357e+11
28	1.49688449793e+11
29	1.71189235964e+11
30	82726913730.9
31	5.31495983085e+11
32	66113078008.6
33	1.83648997822e+11
34	1.92472713568e+11
35	1.37049177672e+11
36	4.55986996401e+11
