0	87306051441.7
1	1.51520174432e+11
2	4.07368854526e+11
3	3.66482347994e+11
4	2.3227607606e+11
5	6.08687067626e+11
6	3.05767067012e+11
7	3.42243984443e+11
8	2.01355468421e+11
9	38590321701.5
10	1.77667875759e+11
11	6.21241507186e+11
12	1.7574634308e+11
13	59449302463.7
14	1.69248176272e+11
15	3.27597833537e+11
16	1.59345077967e+12
17	1.04251940326e+11
18	3.9998835971e+11
19	6.42854070733e+11
20	1.42797597429e+11
21	2.12673249691e+11
22	1.09512284121e+11
23	55455853852.9
24	2.79424834344e+11
25	1.59302305663e+11
26	5.32069382642e+11
27	38749168110.5
28	1.52344056934e+11
29	1.1328806202e+11
30	36330488396.2
31	46012737336.8
32	1.09999421016e+11
33	1.67237443916e+11
34	9.99524850344e+11
35	99008994373.3
36	54279434817.1
37	48488356349.4
38	96755306348.0
39	97181639951.8
40	9.19531865336e+11
41	1.66662969117e+12
42	1.98217929016e+11
43	1.46130154615e+11
44	63341613090.2
45	43824039631.4
46	8.83473961424e+11
47	28054167260.7
48	84300576089.8
49	2.57823614165e+11
50	3.05300251942e+11
51	31959112624.1
52	1.67483008112e+11
53	1.03869740685e+11
54	60603438058.1
55	92067389083.0
56	49834452199.6
57	1.92163284162e+11
58	6.56280294896e+11
59	75648212547.2
60	8.30714723269e+11
61	1.38691307411e+12
62	1.37175334661e+11
63	3.41074211814e+11
64	63874611571.5
65	2.19528803637e+11
66	2.02061449105e+11
67	94574558605.7
68	3.30189847292e+11
69	2.82251059754e+11
70	1.48436782872e+11
71	1.84487958748e+12
72	66643386773.9
73	3.16483810379e+11
74	3.74236344547e+11
75	78028566976.2
76	2.88490466049e+11
77	1.9727711869e+12
78	72444744763.2
79	77183303214.8
80	85330560895.0
81	1.09122860521e+12
82	2.07537357173e+11
83	1.52674033317e+11
84	1.67236992227e+12
85	2.15754309083e+11
86	1.04347817233e+11
87	2.89598929863e+11
88	2.72806067559e+12
89	1.34252484996e+11
90	44275807810.6
91	46308803161.7
92	57732893796.6
93	3.93876637157e+11
94	3.83920886397e+11
95	1.99927727746e+11
96	52666620762.4
97	5.8771804092e+11
98	1.8938206906e+11
99	83152720897.4
100	3.57959271634e+11
101	1.92339547148e+11
102	1.83556374447e+11
103	1.29588837355e+11
104	19928730389.7
105	2.23660906332e+11
106	1.19760197378e+11
107	2.59052548009e+11
108	60792526297.8
109	91635668764.7
110	1.07686190924e+11
111	3.06487681011e+12
112	1.35949340134e+12
113	85084644468.9
114	3.73878011865e+11
115	58515272440.8
116	1.29177849877e+11
117	6.06592454821e+11
118	40856836676.3
119	2.23275653208e+11
120	2.50962466924e+11
121	1.11232177229e+11
122	85968335158.1
123	1.23878429802e+11
124	81113974925.8
125	59771040661.9
126	75327406352.2
127	10898512611.6
128	19044104804.3
129	3.29324632696e+11
130	63934400828.3
131	6.1334351991e+11
132	4.36505897e+11
133	8.98747138699e+11
134	2.9062018853e+11
135	40985742183.2
136	2.97788910081e+11
137	2.32537743149e+11
138	1.87674329505e+11
139	1.95670840525e+11
140	1.5496477383e+12
141	4.84835741694e+11
142	6.04896330609e+11
143	97167633971.3
144	1.01456116704e+12
145	8.08766658735e+11
146	1.81124467488e+11
147	1.71683193876e+11
148	2.85011340561e+11
149	92538521986.4
150	5.76753425731e+11
151	1.61530677779e+11
152	2.59910494934e+11
153	7.47163660751e+11
154	1.5221390996e+11
155	31291748342.1
156	3.12531557135e+11
157	2.14657429368e+11
158	1.45815115803e+11
159	63775444161.3
160	6.20892005707e+11
161	2.17013858261e+11
162	5.72350787167e+11
163	1.89502917832e+11
164	1.28832643299e+11
165	66093932094.6
166	4.07308431836e+11
167	78756638678.4
168	3.2801953477e+11
169	4.1913493998e+11
170	4.24574760622e+11
171	98791169825.2
172	1.38996209135e+11
173	5.18350597411e+11
174	6.40560405742e+11
175	36546149303.7
176	1.49042067428e+11
177	62091179667.2
178	1.25217475351e+11
179	3.41573035168e+11
180	2.40651559012e+11
181	1.48826778026e+11
182	2.41336218958e+11
183	1.90243114714e+11
184	1.11361810509e+11
185	2.40063981406e+11
186	1.17198543541e+11
187	1.03605931399e+11
188	56532660985.5
189	73063856795.6
190	3.13920517956e+11
191	72573627991.2
192	8.01286860919e+11
193	31959244949.3
194	3.0547809632e+11
195	5.83539665639e+11
196	3.78434432425e+11
197	88616753864.6
198	2.17261119305e+11
199	1.36281910876e+11
200	4.61757517998e+11
201	6.73697172338e+11
202	4.6688277855e+11
203	2.43177708265e+11
204	1.43013318957e+11
205	1.46962723495e+11
206	1.57024913616e+11
207	1.98232798435e+11
208	1.47177002847e+11
209	98526530959.8
210	90915704523.3
211	58598510176.7
212	31322209855.3
213	65621881526.9
214	1.30733048947e+12
215	67539639136.3
216	1.38109679517e+11
217	2.65928426572e+11
218	59337302281.8
219	71004111669.4
220	1.32645569899e+11
221	2.8828293194e+11
222	80367088434.8
223	6.11776792362e+11
224	3.1666928364e+11
225	5.50064177108e+11
226	36441481827.0
227	1.45061060192e+11
228	13836084693.7
229	2.53414451088e+11
230	78511330354.0
231	3.42415923323e+11
232	1.16854916664e+11
233	1.38509084225e+11
234	3.27232545411e+11
235	43509003135.5
236	73735554005.7
237	94382348798.5
238	72444706030.0
239	2.74936696989e+11
240	3.069416412e+11
241	3.70126613612e+11
242	1.57606390967e+11
243	4.19087458155e+11
244	3.14021541133e+11
245	1.78730035833e+11
246	5.54125779655e+11
247	2.13942727002e+12
248	63258248362.6
249	1.82042630868e+11
250	2.06343403766e+11
251	3.54570167166e+11
252	18346071691.1
253	46216863943.6
254	2.62954011802e+11
255	71330944886.5
256	2.17068078676e+11
257	92721182667.6
258	5.22243899534e+11
259	36045249081.9
260	1.04444477743e+11
261	3.70163305205e+11
262	2.30427289842e+11
263	6.57290485313e+11
264	96997779034.6
265	3.30630979826e+11
266	3.18230525964e+11
267	1.0673903457e+12
268	2.07765778199e+11
269	82744997128.4
270	1.85074300458e+11
271	5.33702088441e+11
272	76770987284.5
273	8.57027151303e+11
274	1.0536033526e+11
275	23834732532.9
276	2.01775326259e+11
277	2.83175976034e+11
278	59262474687.8
279	1.07158054425e+11
280	50075933239.1
281	1.25480524815e+11
282	1.36535013005e+11
283	1.34511474792e+11
284	1.9833295482e+11
285	2.12472697673e+11
286	3.44153205421e+11
287	46425094523.9
288	6.46293363363e+11
289	1.24463673126e+12
290	5.70392552142e+11
291	5.23878566324e+11
292	1.1488873656e+12
293	40751177160.0
294	1.04140275337e+11
295	3.63586732464e+11
296	3.59343426042e+11
297	53011515006.9
298	1.23350174018e+11
299	1.36047617945e+12
300	3.70832545536e+11
301	1.96001526903e+11
302	5.25788060688e+11
303	1.13589920169e+11
304	79562746670.7
305	1.41417536628e+11
306	5.59286578639e+11
307	87952008172.5
308	3.48926800434e+11
309	2.18568395877e+11
310	79679873957.0
311	2.53292990083e+11
312	6.1959208976e+11
313	29039244218.2
314	1.12859252091e+11
315	97167305678.2
316	6.07773186009e+11
317	5.15067456507e+11
318	3.67315793868e+11
319	2.0371575732e+11
320	1.04398727035e+11
321	2.19861375557e+11
322	1.79814356089e+12
323	44774960758.8
324	46295301089.4
325	1.65111548722e+11
326	63362397848.4
327	1.47172988549e+11
328	1.60081829208e+12
329	63548495414.0
330	81693168635.2
331	2.18660739764e+11
332	57348001956.1
333	47015460361.7
334	1.16038298008e+11
335	5.60099694329e+11
336	64220572169.4
337	4.29103946863e+11
338	6.77795369927e+11
339	1.73958555867e+11
340	5.98128778725e+11
341	2.6971507981e+11
342	1.06189238282e+11
343	1.06440799371e+12
344	7.48005573449e+11
345	26537068008.2
346	7.40667844288e+11
347	4.28910198056e+11
348	2.34134556377e+11
349	6.2930835943e+11
350	90411550435.8
351	52952601395.5
352	38176010748.8
353	46667635159.1
354	1.95136718465e+11
355	1.77986609735e+11
356	1.39516048633e+11
357	89400635695.2
358	2.1890489627e+11
359	79063274651.5
360	41433503666.6
361	94183552501.7
362	4.39173435378e+11
363	2.22809573213e+11
364	6.0885014042e+11
365	26683078287.5
366	4.06566791647e+11
367	98101366541.6
368	1.88039499324e+11
369	89429088896.9
370	1.52268877758e+12
371	1.82732229106e+11
372	1.03591246212e+11
373	1.30782396831e+11
374	1.23938179589e+11
375	1.09420669628e+11
376	4.38566982588e+11
377	1.65115747686e+11
378	1.6181269624e+11
379	7.83235427291e+11
380	1.39991918795e+11
381	75940821184.2
382	2.51801921248e+11
383	14438600421.7
384	3.11582250501e+11
385	89604078210.4
386	71542006015.3
387	92676172947.8
388	62976238686.2
389	58330179647.3
390	80378523731.3
391	1.88391685433e+11
392	3.23486075535e+11
393	3.66755261039e+11
394	1.03571024092e+11
395	1.24504670083e+11
396	3.91060425456e+11
397	71351395538.9
398	87953864283.6
399	2.8647443869e+11
400	3.03977186321e+11
401	2.59140462637e+11
402	3.35468028405e+11
403	1.70566232484e+11
404	2.21731784462e+11
405	22060376418.9
406	97258770945.8
407	1.19719822452e+11
408	1.27208413898e+11
409	2.44015158482e+11
410	2.10753318715e+11
411	4.60296730074e+11
412	1.60009656131e+12
413	1.01709882075e+11
414	9.29912138961e+11
415	5.10321416276e+11
416	46614648392.5
417	93433132310.5
418	39666116405.9
419	1.48023023784e+11
420	1.63913200575e+11
421	3.49081208846e+11
422	1.63218063854e+11
423	2.02927813502e+11
424	58764633806.5
425	59257767096.5
426	39835255728.6
427	26590092140.7
428	60069831083.2
429	9373873943.67
430	2.81381657512e+11
431	3.68630285306e+11
432	1.3092905373e+12
433	2.6581158014e+11
434	95693718889.4
