0	2428.29623048
1	5139.20570245
2	1315.96873366
3	2978.43568763
4	1229.57600122
5	1142.07770279
6	1405.67712872
7	1942.89283223
8	2866.2682595
9	10961.4852752
10	1401.65254908
11	6450.26519089
12	2900.5662994
13	21467.0887076
14	4674.93805579
15	8841.93640147
16	2150.45871391
17	2985.65091251
18	3398.80565812
19	4783.5124098
20	3525.15298711
21	4699.05343583
22	974.794172734
23	721.532442885
24	725.974580478
25	2932.37298542
26	10923.2689946
27	15896.8723602
28	2157.98136326
29	8167.6554323
30	2181.27690678
31	5017.90135727
32	1584.13348477
33	657.650051528
34	2056.66802586
35	793.025031607
36	9162.93503312
37	572.570258452
38	1589.03788425
39	5983.78098355
40	4178.38513275
41	5173.91177412
42	4349.90766128
43	11895.8659569
44	2109.57060943
45	5237.4845904
46	619.170286302
47	1719.2809738
48	5328.23093001
49	2686.97556551
50	3081.76107185
51	2591.90410424
52	723.108778637
53	2960.43374873
54	10936.5343414
55	521.774365217
56	3923.4170573
57	10571.1413968
58	3058.75223828
59	1840.86331985
60	2066.07412679
61	2474.8045134
62	2655.14111859
63	2428.45860143
64	1258.07671132
65	388.256335092
66	371.31039709
67	849.770492105
68	2167.10578502
69	1950.44828803
70	20350.0192906
71	2455.1887771
72	3234.9455212
73	2854.38896501
74	2869.79207472
75	1527.63282167
76	960.620278391
77	1422.25173358
78	1818.39433291
79	3099.24321604
80	2691.8687513
81	522.620776482
82	3268.31462985
83	465.382469208
84	2290.86726104
85	11958.2080117
86	297.661799196
87	3485.0493849
88	5057.86272773
89	2745.55730017
