0	1.21074215286e+12
1	1.33457917437e+12
2	8.77943877969e+12
3	6.58093139754e+12
4	1.75537836398e+12
5	7.87209615427e+11
6	2.2595111547e+12
7	4.60818276194e+12
8	3.24413949872e+12
9	1.48262000903e+13
10	1.07900260228e+12
11	4.56740146238e+12
12	2.9335075324e+12
13	2.45017363236e+13
14	3.39770614382e+12
15	7.98381383903e+12
16	1.57430138692e+12
17	1.32534838713e+13
18	7.65116102751e+12
19	2.27457317536e+13
20	6.25150301788e+12
21	4.39180984978e+12
22	5.48879589301e+12
23	3.42493002877e+12
24	9.25073290463e+12
25	1.72502544736e+12
26	1.05225555399e+13
27	1.77073994961e+12
28	2.55047196303e+12
29	1.21231624452e+13
30	4.92950175599e+12
31	5.86430338459e+12
32	1.13992097881e+13
33	1.40181851455e+12
34	1.52468236103e+12
35	4.12703729936e+12
36	5.05015398396e+12
37	1.47864531787e+12
38	3.09065457723e+12
39	4.56393982294e+12
40	7.82779086832e+12
41	1.83410374627e+13
42	3.39223616792e+12
43	1.02972131765e+13
44	1.74851552571e+12
45	7.79870705431e+11
46	2.08718240468e+12
47	8.70611547573e+12
48	2.68711667739e+12
49	1.37500798044e+13
50	9.51601750566e+12
51	4.26919685619e+12
52	1.70900325918e+12
53	3.40754913345e+12
54	9.98693275812e+12
55	4.10645377079e+13
56	1.79092954763e+12
57	3.62217380935e+12
58	4.61449241901e+12
59	2.99772827182e+13
60	1.46743799905e+12
61	5.26389916605e+12
62	1.2205505853e+12
63	4.30488364681e+12
64	1.79585489274e+13
65	1.5765559399e+13
66	1.00117183737e+13
67	3.60948456062e+12
68	4.59653399849e+12
69	6.5415599133e+12
70	5.53402252738e+12
71	4.18709284686e+12
72	1.26944524741e+13
73	3.18532696883e+12
74	3.0349107329e+12
75	1.96697357479e+13
76	9.72860516113e+12
77	6.33740016135e+12
78	8.94828990758e+12
79	3.26045900158e+12
80	3.76961524263e+12
81	2.01970264186e+12
82	7.52938117912e+12
83	2.41002253675e+13
84	2.47311933521e+12
85	6.15591718585e+12
86	2.53656843053e+12
87	2.70094049523e+12
88	5.65480836337e+12
89	1.33432040087e+12
90	1.90967019818e+12
91	2.2855200933e+12
92	2.02419701387e+13
93	2.02728805029e+12
94	2.11669646111e+12
95	3.50237112099e+12
96	3.38731291814e+12
97	1.41966708713e+12
98	5.19140830335e+12
99	1.28426380984e+12
100	3.21885444842e+12
101	7.16273189385e+12
102	8.50643173235e+11
103	1.81690036573e+13
104	7.43509520882e+11
105	3.20487625281e+12
106	2.36399248347e+13
107	1.59212118692e+12
108	1.74550326791e+12
109	3.9352411322e+12
110	2.06185100793e+12
111	4.10890968432e+11
112	4.45492623656e+12
113	4.60857811778e+12
114	2.14710734238e+13
115	2.15348152508e+12
116	1.81246243422e+12
117	4.96534729776e+12
118	7.78884174278e+11
119	2.43801238182e+13
120	1.8550059925e+12
121	1.00370625946e+13
122	2.60919929207e+12
123	9.17778920791e+12
124	1.00285338027e+12
125	1.51761394851e+12
126	3.01990899166e+12
127	5.73173638186e+12
128	8.37828624988e+11
129	1.93846670733e+12
130	3.63062782402e+13
131	1.52648254296e+12
