0	2.23104153508e+12
1	2.85996488918e+11
2	4.88613697493e+12
3	2.5592681035e+12
4	1.80467851818e+12
5	2.29095031223e+12
6	1.23314685227e+12
7	2.00045041196e+12
8	2.58965740857e+12
9	7.11342062021e+11
10	2.58627864123e+12
11	5.89478983205e+12
12	6.63813454487e+11
13	1.3202183885e+12
14	8.63078773415e+11
15	2.05904311841e+11
16	2.71495826306e+11
17	9.03780806546e+11
18	2.33890429522e+12
19	2.25898658395e+11
20	2.14523750272e+12
21	7.37214160615e+11
22	1.16507426305e+12
23	1.35925307138e+11
24	1.16411709644e+12
25	1.07484930469e+12
26	4.80024945292e+11
27	8.54888313757e+11
28	1.93656259733e+12
29	2.82166205971e+12
30	2.86012248761e+12
31	1.74386091567e+11
32	1.05530375527e+12
33	1.75760274185e+12
34	1.95754562786e+11
35	1.23566499439e+12
36	3.22007479064e+12
37	1.95100214695e+12
38	57111413674.9
39	5.33232268716e+11
40	5.07383044457e+11
41	1.50392986388e+12
42	2.08722569329e+12
43	1.38671318012e+12
44	1.48466928264e+11
45	9.0651807367e+12
46	3.63560950797e+12
47	6.7747711759e+11
48	9.29747138471e+11
49	5.44779415123e+12
50	2.04162057881e+12
51	5.43622093041e+12
52	1.34052321737e+12
53	1.81761236216e+12
54	8.47314190975e+11
55	2.47436153488e+12
56	2.05639772122e+12
57	4.52735136405e+12
58	3.91177279142e+11
59	1.68717900285e+12
60	2.90791048952e+12
61	2.21395392556e+12
62	6.83034031848e+11
63	9.60827132663e+11
64	5.07916389418e+12
65	7.74209700632e+12
66	1.11765708555e+13
67	2.67296347634e+12
68	5.70801963632e+11
69	6.57780235059e+12
70	2.08121698635e+12
71	2.78295722973e+11
72	8.71035618948e+11
73	1.9805242998e+11
74	2.14822670557e+13
75	6.48410107364e+11
76	1.1616595871e+12
77	95286617505.9
78	1.44161477483e+12
79	1.15292082054e+13
80	3.93074561793e+12
81	9.33290092252e+11
82	2.47492774272e+12
83	9.87755159485e+11
84	7.2003058415e+11
85	1.52401374815e+11
86	8.26954156289e+11
87	1.32720867576e+12
88	1.08062142497e+12
89	7.9156390457e+11
90	1.07909513011e+13
91	6.65201603342e+12
92	5.32305805043e+11
93	7.02998933788e+11
94	4.00748219853e+12
95	9.84964942394e+11
96	3.10668594205e+12
97	1.88521696793e+12
98	4.39603458661e+11
99	2.94418061102e+12
100	2.96209604555e+12
101	5.39092004381e+11
102	6.85377097644e+11
103	9.8738452106e+11
104	9.44194824437e+11
105	8.02195228863e+12
106	7.22448006725e+11
107	1.94160306711e+12
108	6.5785871695e+11
109	2.62291144112e+11
110	8.34199752829e+11
111	8.6515921046e+11
112	6.77818334006e+11
113	2.21571629541e+12
114	3.32108838872e+11
115	1.94330837477e+12
116	1.97738198619e+12
117	2.44045947272e+12
118	6.14680287137e+12
119	1.95091707606e+12
120	5.5311609687e+11
