0	3.91981313108e+11
1	1.64163526407e+11
2	1.29628385336e+12
3	1.2236004749e+11
4	6.49814676222e+11
5	51769894607.2
6	1.16197508629e+12
7	2.26022189556e+11
8	8.80569323503e+11
9	6.44873994638e+11
10	1.14552223986e+11
11	86467638875.1
12	1.97773822585e+11
13	1.78012049385e+11
14	6.1000432106e+11
15	3.35991367911e+11
16	1.10321572508e+12
17	2.67063641891e+11
18	1.84289106455e+12
19	6.65514500626e+11
20	7.52941158991e+11
21	1.91511320081e+12
22	37724031723.6
23	89111025681.6
24	2.06132959842e+11
25	1.55544543739e+12
26	3.39075341851e+11
27	2.90257722912e+11
28	1.25993992044e+11
29	1.34846625297e+11
30	3.15394487481e+11
31	1.68754658396e+11
32	1.52820161823e+12
33	7.94176065804e+11
34	1.4162051049e+13
35	6.24841364127e+11
36	1.40476402155e+12
37	2.07949463391e+11
38	8.32918584785e+11
39	5.0333919099e+12
40	2.85003757073e+11
41	5.98245169092e+11
42	7.12918111286e+11
43	4.03246505908e+11
44	7.87576751338e+11
45	4.66471198447e+11
