0	8.15783441138e+11
1	1.18969213363e+13
2	2.12309386958e+12
3	1.01267381083e+12
4	2.84016568944e+12
5	3.52187838994e+11
6	7.74056875445e+11
7	3.27093335579e+12
8	1.02135480479e+13
9	5.29129997181e+12
10	7.0573516124e+11
11	4.01767902266e+11
12	3.63869254564e+11
13	2.26889089345e+12
14	3.74902077811e+12
15	4.15889638694e+11
16	6.61736415782e+11
17	3.45678606397e+12
18	1.6547919742e+12
19	3.22960820505e+11
20	5.3210103597e+11
21	7.26431456563e+11
22	5.85379690507e+12
23	9.39109679847e+11
24	3.91905393232e+11
25	2.57202460408e+12
26	1.9848264186e+12
27	3.61689143414e+12
28	1.97286828482e+12
29	1.73277245398e+12
30	1.11379755922e+12
31	2.30728538058e+11
32	1.10685137606e+12
33	7.16303297507e+11
34	9.24633490182e+11
35	4.56850036979e+11
36	3.75855496524e+11
37	3.36618445125e+11
38	6.49274511645e+12
39	1.44384891073e+12
40	1.35252165039e+11
41	1.97108206761e+12
42	6.79761530638e+12
43	1.62703016015e+12
44	7.64080749808e+11
45	1.70054616765e+12
46	1.30723382536e+12
47	2.631857502e+12
48	1.99945938355e+12
49	3.26163285622e+11
50	1.56605611603e+12
51	6.4633536585e+11
52	2.6828942638e+11
53	3.9503772043e+11
54	4.4279669609e+11
55	3.9283037792e+12
56	6.47010730608e+11
57	3.74536407382e+11
58	1.60169780718e+12
59	1.60662021401e+12
60	1.95032861311e+12
61	1.980563448e+12
62	4.07015803873e+12
63	5.67193418841e+11
64	3.3094136314e+11
65	8.34899809141e+11
66	2.31671270288e+12
67	3.78598183254e+11
68	1.71293435215e+11
69	8.92947828319e+11
70	3.82760286316e+12
71	1.16805430916e+12
72	1.37793987896e+13
73	2.61058052056e+12
74	2.13726993365e+11
75	3.32170375555e+12
76	5.75987481617e+11
77	2.27375619643e+11
78	5.78028870231e+11
79	7.17382624111e+11
80	5.15176519545e+11
81	3.61988418932e+12
82	5.4179598874e+12
83	1.13082543471e+12
84	1.28024043475e+12
85	2.07632786819e+12
86	7.23769042867e+11
87	6.81307512858e+11
88	2.71977754368e+12
89	1.63143156962e+12
90	7.41591335451e+11
91	2.0107784587e+12
92	2.55372485779e+12
93	9.98558583737e+11
94	2.18238306938e+11
95	1.4156679599e+12
96	3.43885861345e+12
97	3.22702881504e+11
98	6.27793077809e+11
99	7.83546707362e+11
100	1.63336034891e+12
101	8.17655757232e+11
102	1.51645249779e+12
103	2.30072210337e+11
104	1.06868954104e+12
105	2.77877785627e+11
106	9.53707292873e+11
107	1.47276739725e+12
108	9.86213261049e+11
109	1.32482228124e+12
110	9.99997127138e+11
111	1.21659745755e+12
112	9.10834980679e+11
113	2.14707866334e+12
114	1.21348407377e+12
115	3.42118476213e+12
116	1.11635238098e+12
117	1.53100272551e+12
118	1.25588299532e+12
119	1.72371891288e+12
120	1.83657958571e+12
121	1.65349222461e+12
122	2.09965919801e+12
123	8.2287166067e+11
124	2.33059396838e+12
125	8.01251861553e+12
126	1.26066129534e+12
127	1.04491453543e+12
128	4.05142209931e+11
129	5.44569420118e+12
130	8.90537582017e+12
131	6.09944769768e+11
132	1.13802311379e+12
133	9.23729136027e+11
134	3.95473886508e+12
135	1.34932907493e+12
136	2.93666239508e+11
137	5.06760431684e+12
138	5.2318098883e+11
139	3.50779015662e+11
140	4.88977076119e+12
141	6.85033518428e+11
142	4.74436391021e+11
143	1.03976579488e+12
144	8.45584015364e+11
145	1.03730535204e+12
146	2.16522583131e+12
147	2.03941811762e+12
148	3.12967394394e+12
149	6.49143853205e+11
150	3.56174679911e+11
151	1.98634593593e+12
152	4.90786970188e+12
153	1.83823490042e+12
