0	1.39790261704e+12
1	1.00682436445e+12
2	3.2605842046e+12
3	3.76834714476e+12
4	3.50373627997e+12
5	3.32174896567e+12
6	2.00824062928e+12
7	1.59026409596e+13
8	3.57093852088e+11
9	3.16374518974e+12
10	5.14785734378e+12
11	6.60352107992e+11
12	3.23351652363e+13
13	1.78987509792e+12
14	1.27533195895e+13
15	2.18864459045e+13
16	1.30355666186e+12
17	6.94252635349e+12
18	7.39361142875e+12
19	1.65964031734e+12
20	6.5476890349e+12
21	1.7539324513e+12
22	1.56792804098e+12
23	5.80692113747e+12
24	1.99039841951e+12
25	7.20436417949e+12
26	4.82738311102e+12
27	2.16485549978e+12
28	1.34207422019e+12
29	1.98277370118e+12
30	4.8868447972e+12
31	1.00556804991e+13
32	9.14728883283e+11
33	2.24247042893e+12
34	2.52370370057e+12
35	1.64678775784e+12
36	3.90489128137e+12
37	5.03123887605e+12
38	3.17845984455e+13
39	1.041813501e+13
40	4.04664527339e+12
41	2.22404968346e+12
42	1.74759941656e+13
43	1.96358809483e+12
44	2.76205419139e+12
45	5.35210782615e+12
46	2.76113852507e+12
47	4.59185013994e+12
48	1.61564045503e+12
49	6.43254529752e+12
50	1.5065749849e+12
51	5.90340667505e+11
52	4.78819508068e+12
53	8.55799567859e+11
54	3.94832762169e+11
55	8.38439624737e+12
56	2.15694894548e+12
57	1.19993153679e+13
58	4.23458007222e+12
59	1.82213323128e+12
60	2.18211316408e+12
61	8.79745549966e+12
62	6.49309556343e+11
63	2.81269295403e+12
64	2.73747747961e+12
65	7.06475292289e+11
66	1.34819876423e+12
67	5.66739037089e+12
68	7.6087194573e+12
69	2.81063793572e+13
70	9.18778631693e+11
71	3.017957675e+12
72	3.03964510355e+12
73	5.82729771992e+12
74	4.70954063044e+12
75	2.80992369207e+12
76	2.69186329895e+12
77	3.26550855385e+13
