0	9.73904984279e+12
1	2.42617593119e+12
2	2.69840779491e+12
3	1.09107418897e+12
4	2.67467401814e+11
5	1.59767005754e+12
6	9.56026706563e+11
7	7.37165790436e+12
8	1.09563664792e+12
9	2.66404324153e+12
10	1.8405595201e+12
11	1.30649338428e+12
12	9.31499408022e+11
13	2.59471759004e+12
14	1.47079203164e+12
15	4.31763915716e+12
16	1.91766485899e+12
17	9.58042856544e+11
18	4.56949204313e+11
19	3.64302151918e+11
20	1.0775402596e+13
21	1.36955449876e+12
22	3.76860465844e+12
23	3.35568339091e+12
24	3.16757481302e+12
25	5.19139608023e+12
26	5.31741056771e+11
27	1.7881003248e+12
