0	2.93098869163e+11
1	2.80102524136e+11
2	48727735039.2
3	4.03313663271e+11
4	9.1535051338e+11
5	3.26375379151e+11
6	2.29890751599e+11
7	72806352702.9
8	5.13585083791e+11
9	26669261104.9
10	1.34002697093e+12
11	1.41593903672e+12
12	1.37131160994e+11
13	60132432323.5
14	1.30028789837e+12
15	6.09619233022e+11
16	1.14691585452e+12
17	2.37294741487e+11
18	1.28121519317e+11
19	1.03804115045e+11
20	1.07861041355e+12
21	2.32969012049e+11
22	1.42212546851e+11
23	1.87382569532e+12
24	3.61639115892e+11
25	4.19838107876e+11
26	40920588741.4
27	2.27518837026e+11
28	9.42257746177e+11
29	19079294161.8
30	4.75254861487e+11
31	1.02024421893e+11
32	9.14492255599e+11
33	3.51169851003e+11
34	2.70765663223e+11
35	3.40808416072e+11
36	1.69550513164e+11
37	2.65114256744e+11
38	1.66828165581e+12
39	3.90663753096e+11
40	1.01700294589e+12
41	3.44928339402e+12
42	1.47663348989e+12
