0	1.39903288823e+12
1	7.65437569071e+11
2	1.62928126275e+12
3	3.87182671185e+11
4	8.76267734339e+11
5	1.24273178024e+12
6	3.91108951459e+12
7	2.25878694226e+11
8	1.4554404402e+12
9	9.8075212642e+12
10	3.15546408957e+11
11	1.15081676483e+12
12	8.13985898251e+11
13	83826958838.3
14	1.80781736137e+12
15	2.77148575882e+11
16	2.40092692405e+11
17	1.92897541135e+12
18	1.2778424067e+12
19	3.2158918829e+11
20	1.43379294641e+12
21	2.01819420468e+12
22	5.10971231597e+11
23	1.01369828881e+12
24	1.56275564735e+12
25	1.30105991598e+12
26	1.13039711144e+12
27	1.61792491511e+12
28	3.68847381894e+11
29	1.22697669392e+12
30	1.11495547909e+12
31	1.39966452873e+12
32	6.83639269153e+11
33	4.78094341956e+11
34	6.49253165077e+12
35	1.58068610528e+11
36	3.35263610581e+11
37	4.72339316106e+11
38	5.28509289381e+11
39	1.24794288307e+12
40	6.08613044423e+12
41	6.2955496767e+11
42	1.15181450278e+12
43	6.39436806811e+11
44	6.21168926077e+11
45	1.29735050169e+12
46	5.36271230689e+12
47	1.81741055966e+12
48	6.3130045561e+11
49	40001393427.0
50	1.00946044879e+12
51	3.15539583648e+12
52	1.34633342085e+11
53	6.78670984501e+11
54	1.80946120803e+12
55	2.51143588853e+12
56	1.0925911038e+12
57	4.63361412536e+12
58	1.6053408508e+12
59	8.00617657761e+12
60	5.36425475897e+11
61	1.09087620679e+12
62	8.56318160306e+11
63	1.08415509097e+11
64	2.35754524676e+11
65	3.57120441765e+11
66	1.50537995502e+12
67	8.35149929305e+11
68	2.75738234988e+12
69	2.66297008624e+12
70	1.20104121705e+12
71	5.89650657585e+11
72	5.10422435778e+11
73	5.56487769247e+11
74	4.97693830481e+11
75	3.65011491139e+11
76	5.57769307649e+11
77	3.40234472395e+12
78	4.44087618792e+12
79	1.152229978e+12
80	7.86417178581e+11
81	6.31438216187e+12
82	1.42195012494e+11
83	5.40272551383e+11
84	3.04453557504e+11
85	4.10882040773e+12
86	3.65335069352e+12
87	1.61136981641e+12
88	1.52487712734e+12
89	2.72957422053e+12
90	2.68784166459e+11
91	4.63235564126e+11
92	2.54030650542e+12
93	1.29094730058e+12
94	4.13484716617e+11
95	5.69628510523e+11
96	1.47897135454e+12
97	9.85993614865e+11
98	5.96433485691e+12
99	1.45473731643e+12
100	7.63508648508e+11
101	8.05159142087e+11
102	6.17050348462e+11
103	8.63782008603e+11
104	6.48271576304e+11
105	1.45598840375e+12
106	4.11171945818e+11
107	2.84286399121e+11
108	2.66804081523e+12
109	5.89249529221e+11
110	4.90852686712e+11
111	2.09586571175e+12
112	3.40685311758e+12
113	8.52065626818e+12
114	3.61305061618e+11
115	2.87021496593e+11
116	7.98010467852e+11
117	1.44778009515e+12
118	1.80466948556e+12
119	3.98026422609e+11
120	2.19556435876e+12
121	5.33561903898e+11
122	6.14179482323e+11
123	1.80739266776e+12
124	8.9748276704e+11
125	2.23144381368e+12
126	1.09776306368e+12
127	3.26111450128e+11
128	6.30658528145e+11
129	3.71515347252e+11
130	4.85949903414e+11
131	1.00895811216e+12
132	7.24180769085e+11
133	3.11749623847e+11
134	9.08946046172e+11
135	7.55141947963e+12
136	7.14964292088e+11
137	3.10186982828e+11
138	1.06838015546e+12
139	34531630170.7
140	1.85785608635e+12
141	1.02511602102e+12
142	3.1817453764e+11
143	9.76520460766e+11
144	1.1308153345e+12
145	7.88938852587e+11
146	2.15058495361e+12
147	2.14778096246e+12
