0	1.22977891725e+13
1	3.91215985775e+11
2	1.18089571444e+12
3	4.68360385689e+11
4	4.17991103495e+12
5	86241129609.5
6	8.23839339812e+11
7	3.53977893267e+11
8	7.40697425388e+11
9	4.89603932481e+11
10	1.75633719082e+12
11	8.8488145404e+11
12	2.94108307355e+11
13	5.85123296018e+11
14	1.18676481862e+12
15	4.51833309476e+12
16	3.47901045234e+11
17	1.16309643068e+12
18	5.81530661931e+11
19	4.44187440113e+11
20	3.99126403447e+11
21	5.6224406758e+11
22	2.30773256179e+12
23	2.2235343273e+11
24	5.2249349227e+11
25	1.14704454744e+12
26	1.74669638966e+12
27	1.14173065829e+12
28	1.91014501332e+11
29	6.68896560406e+11
30	3.72046667161e+12
31	2.92543968142e+11
