0	5.9682073645e+11
1	99682615124.3
2	4.73801304454e+11
3	1.14693776834e+12
4	1.85553264462e+11
5	75735898283.4
6	2.91523919249e+11
7	5.06739257356e+11
8	4.5013214417e+11
9	5.40125650987e+11
10	2.85769294474e+11
11	3.09099048044e+11
12	1.92820775314e+11
13	5.56095237298e+11
14	2.64054316011e+12
15	5.14039147395e+11
16	1.37124014045e+12
17	4.6773237243e+11
18	1.31831970707e+12
19	9.09347588424e+11
20	3.29353847946e+11
21	3.33429446443e+12
22	3.15985098063e+11
23	2.19642826739e+12
24	4.7307527004e+11
25	3.66308312628e+12
26	74004498747.9
27	3.37934365231e+11
28	4.3018432407e+11
29	1.21750323895e+12
30	4.15101978519e+11
31	2.41306673908e+11
32	2.64663602458e+11
33	6.21010305284e+11
34	3.93061893149e+12
35	1.21817143522e+12
36	1.28805409038e+11
37	9.30012107891e+11
38	3.96416201678e+11
39	1.10607338291e+12
40	6.64157509285e+11
41	3.20816566067e+11
42	9.38259203846e+11
43	1.85064871148e+11
44	1.66908193632e+12
45	1.80149459041e+12
46	2.63895053568e+12
47	1.58139672748e+12
48	3.91943085936e+11
49	2.46281579671e+11
50	3.13077617479e+11
51	54067276889.0
52	1.94863482832e+12
53	1.29724663023e+12
54	1.1454536633e+12
55	3.45183871671e+12
56	2.68310787845e+11
57	1.06525775598e+12
58	2.57107778616e+11
59	7.92958491659e+11
60	1.58694863096e+11
61	1.60184869646e+12
62	1.39304352602e+11
63	9.31429011469e+11
64	2.6935232086e+11
65	7.70508204299e+11
66	4.22459438442e+11
67	5.85792688996e+11
68	3.8744272232e+11
69	3.43872574415e+11
