0	5.98370529972e+11
1	2.58509591006e+11
2	8.08008968388e+11
3	1.97252563123e+13
4	1.5043800783e+11
5	3.46621555905e+11
6	4.52761289384e+11
7	3.09532546681e+12
8	5.24052592038e+11
9	1.4068803999e+11
10	7.86502608872e+11
11	7.7843707421e+11
12	2.89039997303e+11
13	2.98360514228e+11
14	3.99112160864e+11
15	4.41289819395e+11
16	3.97395812973e+11
17	4.455298156e+11
18	6.38219678588e+11
19	6.72789309882e+11
20	3.66172327012e+11
21	1.51490765015e+12
22	9.78342495623e+11
23	3.28614818996e+11
24	2.72234484897e+12
25	4.45257968873e+11
26	1.29587735792e+12
27	1.01711516138e+12
28	1.27938528772e+12
29	5.08298434651e+11
30	2.74885464365e+11
31	3.76235547992e+12
32	7.92206878173e+11
33	7.57291052518e+11
34	3.27015445891e+11
35	9.12794115375e+11
36	1.44841279457e+11
37	1.14367850155e+12
38	7.08025716034e+11
39	2.90406208488e+11
40	1.5203874802e+12
41	2.44833872846e+11
42	3.04895467441e+11
43	3.78053296381e+11
44	3.47477836634e+11
45	2.40944811238e+11
