0	1.27794763221e+11
1	1.08394396738e+11
2	1.40610124728e+11
3	98397304479.9
4	2.88831069707e+11
5	4.60748281115e+11
6	62942614389.8
7	73474321523.3
8	2.70873116754e+11
9	3.35635520227e+11
10	2.34650801711e+11
11	2.80343063922e+11
12	2.48623931601e+11
13	1.20282523946e+11
14	2.13541577759e+11
15	4.65392968945e+11
16	1.74757971243e+11
17	3.25677486744e+11
18	1.90374744118e+12
19	1.48070460915e+11
20	2.51627681033e+11
21	84394068960.3
22	84234381074.5
23	5.0009355086e+11
24	1.03800894822e+12
25	7.92406812461e+11
26	2.38863826458e+11
27	6.58510985084e+11
28	16228572938.3
29	7.25527017969e+11
30	2.40385477365e+11
31	45806116664.1
32	1.74702727853e+11
33	1.91914564676e+11
34	81125603487.2
35	88316454085.5
