0	9.46344876515e+12
1	9.81739308405e+11
2	1.60152050948e+12
3	1.69278625535e+12
4	5.33540614115e+11
5	5.51877461677e+11
6	2.47335233059e+12
7	1.23017303773e+12
8	3.7064280371e+12
9	6.83908687872e+12
10	2.04325892701e+12
11	3.39631269786e+12
12	3.57119319797e+12
13	3.87088469079e+12
14	1.5252479838e+13
15	1.03808694973e+13
16	8.79274903227e+11
17	4.31406731052e+11
18	8.31484033882e+11
19	3.07014794678e+11
20	3.24793037241e+12
21	7.74806471432e+11
22	1.31799059068e+13
23	2.25006847914e+12
24	2.69375004176e+12
25	6.28606865428e+12
26	4.01712184697e+12
27	5.47538474551e+11
28	2.42170191277e+12
29	1.49549336967e+12
30	5.45749050753e+11
31	3.1485050324e+12
32	3.63515818162e+11
33	6.01375623124e+11
34	3.4076315747e+12
35	6.00726716988e+12
36	5.05656972948e+12
37	6.73789304525e+11
38	1.43292087306e+13
39	3.77448453906e+12
40	6.89707808512e+11
41	3.57634668988e+12
42	1.14388318295e+13
43	1.50544688282e+12
44	1.55631436309e+12
45	2.41491191467e+11
46	7.47293428456e+11
47	2.70860118431e+12
48	7.44837908694e+11
49	2.72059245007e+12
50	4.63269017506e+12
51	9.20597149645e+11
52	8.91485917894e+11
53	1.32148873231e+13
54	2.83638195814e+12
55	4.46248393076e+12
56	5.25315504135e+12
57	1.11547103331e+12
58	2.85314346662e+11
59	1.4129803515e+12
60	2.47502222865e+13
61	5.08569843559e+11
62	2.4430009864e+12
63	5.79175975816e+11
64	1.37577510822e+13
65	3.38821205577e+12
66	1.55881233373e+12
67	4.88515481439e+11
68	3.93913732088e+12
69	1.75582320515e+12
70	3.42605682334e+11
71	2.67033003231e+12
72	4.170774929e+11
73	9.14879838221e+11
74	1.27163654564e+12
75	2.14948898461e+12
76	3.15818280123e+12
77	1.14888397868e+12
78	2.92489794896e+12
79	1.08396880354e+12
80	2.09415806846e+11
81	7.64250445496e+12
82	4.02261486272e+12
83	4.29925280839e+11
84	1.61690914866e+12
85	2.25196840643e+12
86	8.72432114552e+11
87	4.80411209912e+11
88	5.64600796014e+11
89	2.20579299694e+11
90	2.94580183636e+12
91	3.26536693282e+12
92	1.60673501233e+12
93	3.90685615956e+11
94	1.49595352266e+12
95	2.86972841001e+12
96	4.85978391046e+11
97	2.36733373939e+12
98	1.06089406938e+12
99	1.70966310891e+11
100	2.62106522589e+11
101	1.17751798156e+12
102	3.54976583228e+11
103	6.23926968634e+11
104	7.59891306666e+11
105	8.30625548629e+11
106	4.236428421e+12
107	5.93600965121e+12
108	1.25907765565e+12
109	1.52554323273e+12
110	9.69732555018e+11
111	5.37941169766e+11
112	1.84652918798e+12
