0	40237189377.0
1	4.75769511322e+11
2	3.02546040772e+11
3	9.38467773724e+11
4	5.11395671035e+11
5	6.48892827626e+11
6	4.60466095449e+11
7	3.83160991271e+11
8	4.38563791698e+11
9	1.955860085e+11
10	65387899664.2
11	3.23093708908e+11
12	1.03414415027e+12
13	6.48275869334e+11
14	8.14569362419e+11
15	83340507510.4
16	5.50717276095e+11
17	2.69290722226e+11
18	6.03812579784e+11
19	8.56739847504e+11
20	9.11704508637e+11
21	6.31497467627e+11
22	6.54163188732e+11
23	7.14690562066e+11
24	1.02319816388e+12
25	1.00370756038e+12
26	4.5157980177e+12
27	5.73874394951e+11
28	8.8267114844e+11
29	1.93872515883e+11
30	5.80194601779e+11
31	4.5840533313e+11
32	1.62515694361e+11
33	6.15042014091e+11
34	3.4685996509e+11
35	3.63304698405e+11
36	2.97403395572e+11
37	3.44286789301e+11
38	9.47124152493e+11
39	3.68596848807e+11
40	64310281520.8
41	2.56725573065e+11
42	2.68957450913e+12
43	4.30735589299e+11
44	1.23623616901e+12
45	7.15969965248e+11
46	1.00049246837e+12
47	1.21678992082e+11
48	8.54775732053e+11
49	5.64462415348e+11
50	1.26952891813e+11
