0	2.32957355895e+11
1	80124734098.5
2	1.01002394892e+12
3	3.19347530371e+11
4	91514368812.3
5	4.14661322484e+11
6	2.99719809684e+11
7	2.90902098278e+11
8	1.54660752766e+11
9	30947435145.6
10	30155854851.3
11	72225059326.7
12	3.09520244412e+11
13	1.38423809785e+12
14	59267546250.8
15	2.88707257477e+11
16	98173051819.9
17	1.61917625079e+11
18	3.67412796773e+11
19	20829188586.8
20	61966598522.5
21	57501315455.2
22	2.003751372e+11
23	7.29573282712e+11
24	3.56029336744e+11
25	3.67630058111e+11
26	94952130130.7
