0	6.68887953781e+11
1	2.98372674486e+11
2	70320428992.2
3	3.92366781082e+11
4	1.22667961964e+12
5	8.44987720543e+11
6	2.53728207579e+12
7	1.30738138901e+11
8	1.03384946522e+12
9	65320793044.8
10	2.88525516297e+11
11	1.7028728296e+12
12	2.12405991538e+11
13	7.66537299286e+11
14	5.54344546969e+11
15	5.21410763612e+11
16	5.0024458065e+11
17	64950951004.8
18	1.70096216044e+11
19	1.85416177169e+11
20	3.00451316901e+11
21	1.85165760234e+12
22	2.1640496907e+11
23	9.68775299609e+11
24	6.22247797705e+11
25	2.31774118497e+11
26	4.23197280222e+11
27	2.55338309171e+11
28	3.22830499839e+12
29	5.14729560013e+11
30	6.81951960095e+11
31	3.05269283804e+11
32	4.77648118869e+11
33	5.69833624397e+11
34	1.15636251991e+12
35	5.25960301209e+11
36	6.61763434677e+11
37	7.00047633695e+11
38	3.90482217606e+11
39	1.12769354252e+11
40	1.82721851792e+12
41	3.50561115852e+11
