0	4.49256845379e+11
1	1.23920726828e+12
2	5.10762198095e+11
3	1.43335718325e+12
4	3.22734756299e+12
5	7.77405217554e+11
6	1.21299872272e+12
7	2.74973261036e+12
8	1.55312536268e+12
9	1.09000630011e+12
10	6.78572425502e+11
11	8.60033742706e+12
12	1.42038101409e+12
13	9.69844599801e+11
14	1.4924872143e+12
15	1.75544151987e+12
16	2.20339998894e+12
17	2.80279664403e+12
18	7.22253432908e+12
19	2.97765119853e+12
20	5.49511011045e+11
21	3.96123129823e+12
22	2.24300586317e+12
23	1.32982266127e+13
24	6.47013407821e+11
25	2.43537507866e+12
26	3.95443461807e+11
27	1.12696126812e+12
28	1.72909858393e+12
29	1.1781038571e+12
30	9.2982653647e+12
31	1.26595272217e+11
32	8.44194337872e+11
33	3.64383401575e+12
34	3.52118741376e+12
35	4.34463507599e+12
36	9.0429361851e+11
37	1.23269536295e+12
38	3.17268330396e+12
39	1.09654187138e+12
40	1.56847232341e+12
41	2.2927713981e+11
42	7.75347024999e+11
43	1.54901028993e+11
44	7.47111601093e+11
45	4.96509902367e+11
46	3.49534535609e+12
47	1.00117345012e+12
48	3.00150449763e+11
49	2.42079720144e+12
50	1.72020577391e+11
51	7.10383085264e+12
52	1.02923109337e+12
53	1.65951685012e+11
54	6.70329842468e+11
55	2.58611647658e+12
56	1.33293932565e+11
57	8.62393003767e+11
58	6.07318339964e+11
59	9.67716686967e+11
60	1.50350684345e+12
61	5.60736655743e+11
62	2.85096475656e+11
