0	5.13312944884e+11
1	1.15310919758e+11
2	78129614889.5
3	4.43504533658e+11
4	2.25319841875e+12
5	6.563362771e+11
6	1.6535973985e+11
7	1.13004848964e+11
8	60419736077.2
9	26376476264.9
10	76405489608.4
11	1.16832316716e+11
12	9.38376797978e+11
13	3.19749481593e+11
14	1.15805567887e+11
15	80128246472.9
16	1.96716480647e+11
17	3.3337253966e+11
18	1.49895457632e+11
19	1.80414888592e+11
20	1.08043967984e+12
21	3.69685170298e+11
22	6.82902760857e+11
23	96637155511.5
24	88050257317.6
25	15164454891.8
26	2.84357379425e+11
27	74233846500.2
28	1.48763696725e+11
29	2.1079751783e+11
30	2.00231752923e+12
