0	5.53176158698e+11
1	3.14880266758e+11
2	1.00373086958e+12
3	3.64829716859e+11
4	4.95179065037e+11
5	1.1686738447e+11
6	3.15902526039e+12
7	1.37338306748e+12
8	1.93310951727e+12
9	7.36872333443e+11
10	1.55139853881e+11
11	2.10527196399e+12
12	3.13918318626e+11
13	2.46453264285e+12
14	3.77933835617e+11
15	3.7990391526e+11
16	6.44558708895e+11
17	2.45333749803e+12
18	1.51669526812e+11
19	89395385032.2
20	3.16373325299e+11
21	1.76841824147e+11
22	7.9841489946e+12
23	1.88331731326e+12
24	1.37351084292e+11
25	1.41967578434e+11
26	1.71748008651e+11
27	1.21009183863e+11
28	9.49279951978e+11
29	2.59193463597e+11
30	5.61774623697e+11
31	1.70453691305e+11
32	3.35931110479e+11
33	9.10785716545e+11
34	1.8358362111e+11
35	3.06684796981e+11
