0	9.50557044305e+11
1	2.09628494005e+12
2	7.67263248689e+11
3	7.88366396979e+11
4	7.05581433801e+11
5	5.28602553192e+11
6	73639953099.9
7	1.80317026175e+12
8	8.06257627957e+11
9	4.96493998952e+11
10	2.32888988835e+11
11	4.3918432204e+12
12	6.21187518166e+12
13	1.86121860465e+11
14	3.71175732761e+11
15	7.18196089542e+11
16	2.29373144774e+12
17	4.40499374916e+11
18	3.90982981177e+11
19	1.66726183356e+12
20	1.30896749381e+12
21	9.02340272827e+11
22	4.69500125709e+12
23	3.33458448957e+12
24	1.1463464707e+12
25	9.03073918382e+11
26	7.56805417634e+11
27	4.10539134256e+11
28	7.92389289101e+11
29	2.61338233559e+11
30	1.72489192472e+11
31	6.71438767317e+11
32	2.68130414759e+11
33	3.07185537342e+12
34	6.45052737571e+11
35	4.23007691964e+12
36	5.87361155967e+11
37	4.07035312932e+11
38	3.84730852596e+11
39	1.64634455494e+12
40	1.86391084964e+12
41	4.06303379313e+11
