0	43794836756.1
1	4.39390429592e+11
2	1.30362417546e+11
3	1.05709965525e+12
4	9.12857850772e+11
5	51216725235.6
6	1.95992183086e+11
7	3.50346701137e+11
8	5.73672802101e+11
9	2.90000519964e+11
10	1.12942816243e+11
11	6.91266731564e+11
12	1.91708920621e+11
13	3.42140583337e+11
14	94163513141.0
15	7.08039206283e+11
16	5.94865953888e+11
17	1.77382254205e+11
18	3.77044289514e+11
19	7.03274532956e+11
20	27953685330.9
21	5.61607691497e+11
22	2.84168617779e+11
23	1.82406579008e+11
24	2.85783601804e+11
25	5.83742579404e+11
26	3.38934572234e+11
27	82171980136.5
28	1.14550915919e+11
29	29326765941.4
30	1.66002355417e+11
31	12085994167.3
32	3.34738678956e+11
33	2.07107315546e+11
34	2.76276029503e+11
35	1.70369769483e+11
36	1.278133563e+11
37	2.86144912463e+11
38	1.10091986878e+12
39	2.14114894307e+11
40	1.46936848956e+12
41	83560435724.3
42	37204894402.2
43	2.11504238526e+11
44	1.11977759864e+12
45	60353602879.2
46	2.30880281928e+11
47	35007883756.4
48	9.9574333861e+11
49	2.70437993531e+11
50	2.77436449998e+11
51	7.71662373637e+11
52	76151440213.8
53	2.64834574419e+11
54	1.13762375039e+12
55	67169987287.1
56	52979354202.4
57	36614517824.2
58	4.53600324219e+11
59	6.74884372232e+11
60	4.66720427668e+11
61	2.61392373977e+11
62	15500812488.6
63	2.1802520681e+11
64	2.71078847697e+11
65	4.21611222203e+11
66	54816967594.7
67	1.27959858315e+12
68	6.38712737125e+11
