0	3.20384674331e+11
1	2.71646032389e+11
2	1.68035508282e+12
3	2.22017726375e+11
4	20923525879.4
5	2.12835832062e+11
6	1.55548934381e+12
7	1.89501689761e+11
8	1.77001177974e+11
9	4.26675034984e+11
10	1.85968814324e+11
11	1.18640935352e+11
12	99819483274.3
13	3.55707599628e+11
14	1.18660171956e+11
15	1.23701483617e+11
16	6.22348715669e+11
17	54559672015.9
18	1.5181406522e+11
19	7.13569078534e+11
20	1.01580988424e+12
21	1.59862385566e+12
22	5.22865188455e+11
23	2.25328051894e+11
24	75095025340.4
25	3.04349566887e+11
