0	2.5910348534e+12
1	3.34948991992e+12
2	7.1550273846e+12
3	7.73224032629e+11
4	2.45914759026e+12
5	2.85695222409e+12
6	1.64873105284e+12
7	3.03302326947e+12
8	1.109427254e+12
9	3.89170515256e+11
10	1.42632382153e+12
11	6.82664800485e+12
12	3.09433182162e+12
13	2.9700497062e+12
14	1.41121842156e+12
15	1.34633710232e+12
16	1.16243718389e+12
17	1.95201885384e+12
18	1.22769376482e+12
19	3.3592179734e+13
20	1.07755986688e+12
21	3.12891684272e+12
22	2.64912487573e+12
23	4.97650995403e+12
24	8.4810043252e+11
25	5.98456376746e+11
26	5.2902972183e+12
27	8.93488039088e+12
28	9.09572921783e+11
29	5.00613847852e+11
30	8.43872201287e+11
31	2.51325609172e+12
32	3.29539572114e+12
33	1.1429580687e+12
34	1.34607236232e+13
35	1.56190301974e+12
36	2.95074388161e+11
37	4.35603209816e+12
38	6.09451059481e+12
39	1.07155009289e+13
40	7.20957594582e+11
41	7.02277011012e+11
42	9.56633617336e+11
43	1.38981697517e+12
44	7.04420402943e+12
45	1.21455540288e+12
46	1.25343144595e+13
47	4.14465166685e+12
48	1.69488246526e+12
49	1.13639194471e+12
50	2.17248565883e+12
51	2.51605658398e+11
52	3.29157559e+12
53	2.24753960873e+11
54	2.97434560486e+12
55	1.35689580451e+12
56	9.49097258729e+11
57	4.4246212056e+12
58	5.68062406278e+12
59	1.52960451431e+12
60	5.3592942202e+12
61	3.28046098595e+12
62	3.26017236466e+12
63	1.78479740113e+11
64	1.66584223097e+13
65	3.22021440324e+11
66	1.49053064555e+12
67	1.46319711022e+12
68	3.559475228e+12
69	6.26874226497e+12
70	2.08522751627e+12
71	3.31821396451e+12
72	5.42357306911e+12
73	2.95883003479e+13
74	3.98947060645e+12
75	5.85894424674e+12
76	2.2315467858e+12
77	4.13552350301e+11
78	2.0266597355e+12
79	4.5362849725e+11
80	7.35998665152e+12
81	5.59337738991e+11
82	5.2472818655e+11
83	2.00515526041e+12
84	1.79258762669e+12
85	1.24801908853e+12
86	7.84637929962e+12
87	2.55820052481e+12
88	1.26298349853e+13
89	2.37159249068e+12
90	2.27091629809e+12
91	9.73722982696e+11
92	3.21864782495e+12
93	1.33243804162e+13
94	9.36175009654e+11
95	5.19817676052e+12
96	7.09829998072e+12
97	1.29775030176e+13
98	2.22461569322e+12
99	2.84583229991e+12
100	1.69725169439e+13
101	5.09646649071e+12
102	1.54949608355e+12
103	1.45023137444e+12
104	1.8277172281e+12
105	1.55395991636e+12
106	6.29423780109e+12
107	5.6131855245e+12
108	2.29961523551e+12
109	5.4737169094e+12
110	1.14409280747e+13
111	3.28876771607e+12
112	3.81689666201e+12
113	3.24075435144e+12
114	5.70727028902e+12
115	5.90488482896e+12
116	2.906838949e+12
117	5.44659369964e+11
118	1.45393026982e+13
119	5.05967642082e+11
120	4.15530639794e+11
121	1.06499601586e+13
122	1.52357207616e+13
123	2.92392452534e+12
124	1.60487643489e+13
125	8.61788685562e+12
126	1.48907198809e+13
127	9.47779613063e+12
128	9.2180975109e+12
129	6.66834329612e+12
130	9.61228850714e+12
131	4.30222415604e+12
132	2.24278750303e+12
133	1.18837701488e+12
134	4.33994747365e+12
