0	6.77633125723e+11
1	2.00863359444e+11
2	1.0669108722e+12
3	9.98144571585e+11
4	2.43322717342e+12
5	2.13494093894e+11
6	2.32928020497e+11
7	4.38358637935e+11
8	2.87043090364e+11
9	3.87539275083e+11
10	5.42119393372e+11
11	2.85655172384e+11
12	1.4577413314e+12
13	3.10596110642e+11
14	7.30626471407e+11
15	3.35135883542e+11
16	6.35854438592e+11
17	1.40861622306e+12
18	2.06244099676e+12
19	2.99180842689e+11
20	56908982910.6
21	4.75046791474e+11
22	5.08176730411e+11
23	1.45035932577e+12
24	2.20979912802e+11
25	6.74087486382e+11
