0	1.19365870817e+12
1	7.61677234579e+11
2	2.42754257228e+12
3	3.5928638654e+11
4	7.09573779537e+11
5	4.51883845323e+12
6	6.27443176634e+12
7	2.86596925535e+11
8	8.67440495279e+11
9	2.51103959318e+11
10	1.50318135087e+12
11	3.24046698176e+11
12	2.02481078505e+12
13	3.06845276908e+11
14	1.66247648683e+12
15	2.39534235182e+11
16	1.95334825166e+11
17	1.81206388382e+11
18	2.89937502293e+11
19	5.68846837339e+12
20	2.54467587654e+12
21	4.38155902441e+11
22	3.34963824292e+11
23	6.09523007424e+11
24	7.76541678371e+11
25	4.13743242707e+11
26	1.51280106959e+12
27	1.4134176132e+12
28	2.45632048853e+11
29	3.63149649442e+11
30	6.66354871742e+11
31	2.84725727593e+12
32	1.25530414933e+12
33	6.03612146265e+11
34	1.50698898505e+12
35	2.68129623947e+11
36	1.67313094361e+12
37	1.75449445835e+12
38	4.27681675066e+12
