0	4.45670999488e+11
1	1.58989443784e+11
2	1.01056256588e+11
3	3.55440310732e+11
4	3.17869780361e+11
5	5.45831130238e+11
6	2.23830188972e+11
7	4.12552405178e+11
8	1.53393625807e+12
9	1.68252456097e+11
10	4.4572157035e+11
11	4.49824620477e+11
12	86253169409.9
13	1.80301761333e+11
14	2.68034065272e+11
15	3.97495531362e+11
16	1.34130177288e+11
17	2.76330573158e+11
18	2.27809751124e+12
19	3.3633457607e+11
20	7.17556850064e+12
21	4.91669673716e+11
22	3.84272548242e+11
23	4.5057708242e+11
24	2.79830756729e+11
