0	6.21405318005e+11
1	1.22067195165e+12
2	1.08080719535e+12
3	3.89425762684e+12
4	3.69188409009e+12
5	3.41633712518e+12
6	7.14399809692e+11
7	1.05800555796e+12
8	3.08771369213e+12
9	2.93274415533e+12
10	3.34860541858e+11
11	7.96612709557e+12
12	2.90215955937e+11
13	8.98201369917e+11
14	60485108863.5
15	1.36617833256e+12
16	5.50155040036e+11
17	5.41246721525e+11
18	3.35891282877e+12
19	2.1603473168e+12
20	3.46495572984e+11
21	5.34116475465e+11
22	3.73005404256e+11
23	8.664604179e+11
24	7.93274607253e+11
25	7.38392205105e+11
26	4.28930491989e+12
27	5.17789250046e+11
28	4.45700681829e+11
29	1.18092830382e+12
30	3.43816296333e+11
31	78440221893.2
32	1.73810472727e+12
33	6.34221927938e+11
34	1.14052516308e+12
35	6.74219075141e+11
36	4.2536608919e+12
37	1.47677585455e+12
38	2.16887992698e+11
39	3.43773624786e+11
40	2.41745964206e+11
41	1.03640817419e+12
42	3.12148804452e+11
43	4.22216823306e+11
44	2.87382282741e+12
45	5.83534064362e+12
46	1.41656305869e+12
47	1.83451794104e+12
48	5.81030654433e+11
49	4.17515730912e+11
50	2.22687482618e+12
51	7.41361247604e+11
52	2.63991629087e+12
53	2.87434785374e+12
54	6.5512536574e+11
