0	7.835123133e+11
1	5.18708872445e+11
2	1.28135937048e+12
3	44081764658.4
4	7.31933622516e+11
5	2.7598655458e+11
6	1.29728036066e+12
7	4.58544063727e+11
8	2.61705649828e+11
9	6.00910195628e+11
10	5.63267798225e+11
11	94847474785.4
12	9.85439074331e+11
13	3.09240506955e+11
14	1.64182783044e+11
15	5.24901570583e+11
16	4.16092937488e+11
17	1.23000874445e+12
18	2.55169213009e+11
19	1.52746210423e+11
20	1.06894933987e+11
21	1.81975329508e+11
22	2.84439308455e+11
23	3.43689850206e+12
24	6.95931785906e+11
25	5.48100008679e+11
26	1.29581274582e+12
27	2.15030962957e+12
28	5.08533833595e+11
29	2.49154382351e+11
30	3.89826519811e+11
31	2.87369536819e+11
32	5.90469438409e+11
33	1.09563956501e+12
