0	4.18687184473e+12
1	8.46174421602e+11
2	1.86840346872e+12
3	1.67839577696e+12
4	3.79539650709e+12
5	1.41795119452e+12
6	1.77471224685e+12
7	9.84255817443e+11
8	1.92083636555e+12
9	3.50785487402e+12
10	3.58991641207e+12
11	4.84278004644e+12
12	8.66093420216e+11
13	5.2768145353e+11
14	7.83508680234e+12
15	3.02853115054e+12
16	1.73738380551e+12
17	3.74669711063e+11
18	5.9896760336e+12
19	3.04300762361e+11
20	1.12800499616e+12
21	1.68516827156e+12
22	1.90753021194e+11
23	1.34235718619e+11
24	5.00458236837e+12
25	53461818930.5
26	2.14326612691e+12
27	4.05339293484e+11
28	7.62412621584e+12
29	8.13365953708e+11
30	3.30291117407e+12
31	5.71878081852e+11
32	4.85257822994e+12
33	2.24598861402e+12
34	1.01012615412e+11
35	1.86674104264e+12
36	1.44245007439e+12
37	1.40403766314e+12
38	1.57439638669e+12
39	6.56923641435e+11
40	5.61967887771e+11
41	1.33424188411e+12
42	7.58934892343e+12
43	2.89632561525e+12
