0	2.0643505908e+11
1	1.56264343033e+11
2	2.2831411473e+11
3	1.36124658077e+11
4	4.58901226768e+11
5	77509970961.3
6	2.5843592239e+11
7	1.46619897622e+11
8	1.21379581324e+11
9	3.40211388429e+11
10	5.72949791102e+11
11	5.99655745051e+11
12	4.82204225881e+11
13	2.69934304179e+11
14	2.71008644739e+11
15	6.32262799681e+11
16	1.64921287707e+11
17	1.35181744504e+11
18	1.22062053021e+11
19	5.08886776215e+11
20	3.68310972606e+11
21	2.03009155591e+11
22	1.09370292714e+12
23	6.08223026494e+11
24	4.46237314082e+11
25	31664916133.0
26	3.90059075295e+11
27	7.29993050793e+11
28	4.42783979444e+11
29	7.97680738887e+11
30	3.29474072211e+11
31	6.40781055406e+11
32	1.36175452504e+12
33	1.00490614844e+11
34	2.34768954211e+11
35	2.55043580691e+11
36	3.4748293936e+11
37	1.48270153943e+11
38	76400519907.0
39	2.55030997851e+11
40	1.94721295368e+11
41	4.74400210447e+11
42	3.62109264886e+11
43	5.15704281271e+12
44	2.87564217967e+11
45	6.2617537636e+11
46	1.27266116081e+11
47	3.99491636902e+11
48	6.9155250575e+11
49	2.10914761251e+11
50	2.64277525385e+11
51	6.26810861102e+11
52	3.32562224229e+11
53	8.03200815904e+11
