0	4.93237473219e+11
1	4.27097443914e+11
2	3.98882907299e+12
3	2.03597168836e+11
4	3.13803934794e+12
5	2.31903465167e+12
6	3.64970117603e+11
7	6.00267091254e+11
8	2.25826684203e+12
9	4.38640342704e+11
10	1.5175941805e+12
11	3.30757017803e+11
12	7.3777524691e+11
13	3.32594263153e+11
14	1.33567991129e+12
15	4.43758321892e+12
16	1.59121734113e+11
17	3.39326692482e+11
18	8.04863821867e+11
19	2.00625270366e+11
20	1.82591189557e+11
21	9.97500256235e+11
22	2.46390518781e+11
23	1.2741477231e+12
24	2.66333236887e+11
25	1.32067008652e+12
26	5.38928057268e+11
27	3.60524083781e+12
28	4.67310670588e+11
29	2.61437399868e+11
30	7.53773329818e+11
31	5.28801178244e+11
32	7.80441976955e+11
