0	3.62727423926e+12
1	4.6834745627e+11
2	3.37680135926e+12
3	1.40998829171e+12
4	5.41617355751e+11
5	2.25413905688e+12
6	1.12837082592e+12
7	1.29135097429e+12
8	2.62512310544e+13
9	1.36415981604e+12
10	3.20257276522e+11
11	2.50972869933e+12
12	7.47494296737e+12
13	7.53361862561e+12
14	2.04802989209e+12
15	2.51584840837e+12
16	1.27803709931e+13
17	8.9377869592e+11
18	8.57474134632e+11
19	8.12914864203e+11
20	4.24558782848e+12
21	1.48488949312e+12
22	1.24820163843e+12
23	1.35549426036e+13
24	2.12230264997e+12
25	2.31523430642e+12
26	6.82788462304e+12
27	1.62327859546e+12
28	5.73230236319e+12
29	4.82148342413e+12
30	2.81621757601e+12
31	2.03490201257e+12
32	2.50991540576e+12
33	3.8825037289e+12
34	2.96574498478e+11
35	2.65426409966e+12
36	1.36435375402e+13
37	1.67872858617e+12
38	1.07571570124e+12
39	7.83299467444e+11
40	4.74430481823e+12
41	3.02015788933e+12
42	5.11085211721e+13
43	8.03252312914e+12
44	8.28557457834e+12
45	8.64103200148e+12
46	1.85484860819e+12
47	2.04289249341e+12
48	2.97689981615e+12
49	2.50164765823e+12
50	3.77348562551e+12
51	2.1086334061e+12
52	4.97310972608e+12
53	1.30718558524e+12
54	2.45569885134e+12
55	2.63937975995e+12
56	4.26564563332e+12
57	3.04449046803e+11
58	8.15295978653e+11
59	4.49775016929e+12
60	1.5989720141e+12
61	6.52441314483e+11
62	1.13260288648e+11
63	1.38857903286e+12
64	2.2658122732e+12
65	8.54694814175e+12
66	6.04587144526e+11
67	7.39694860967e+12
68	6.72110902582e+12
69	1.58659877114e+13
70	3.26494083935e+12
71	2.9809266647e+11
72	4.30027567831e+12
73	1.76223800197e+12
74	2.44864622008e+12
75	1.70004581835e+12
76	9.59864192482e+12
