0	3.13341564026e+12
1	1.26752022233e+13
2	2.16065634257e+12
3	4.10812092245e+12
4	4.47973103156e+11
5	5.46218056686e+12
6	3.34872943452e+12
7	1.16585399413e+12
8	2.61089639511e+12
9	1.97190610464e+12
10	1.38427218368e+12
11	3.02633154689e+12
12	2.37157119219e+12
13	1.92395783896e+12
14	4.62915974271e+12
15	5.55124499561e+12
16	2.91088512624e+12
17	1.94297326093e+12
18	2.75888700555e+13
19	4.68827495995e+12
20	3.31864698314e+12
21	1.1477937472e+12
22	4.76510809852e+12
23	6.20523192718e+12
24	6.63022150507e+12
25	8.95912810071e+12
26	1.69764907588e+13
27	8.33788654419e+11
28	2.40278016926e+12
29	4.38600410321e+12
30	4.45865515359e+12
31	2.27101181797e+12
32	1.50033354069e+13
33	9.19510878392e+11
34	5.70680885686e+12
35	7.2012282449e+11
36	3.97555594628e+11
37	5.68799903393e+12
38	4.93983167861e+11
39	1.46236903175e+12
40	3.2938466016e+12
41	8.46318020675e+12
42	1.96610259031e+12
43	2.17995271537e+12
44	2.03724431493e+12
45	4.43061230703e+11
46	3.90415856593e+12
47	8.8647729953e+12
48	4.75164745467e+11
49	1.18851292577e+12
50	2.89094253133e+12
51	6.16177001904e+11
52	8.60507119585e+12
53	2.57693513884e+12
54	3.17975864295e+12
55	4.85824013583e+12
56	1.83320551221e+12
57	1.61242115588e+12
58	1.10108462832e+12
59	8.52656574094e+11
60	1.58612050434e+12
61	4.11820446034e+12
62	4.61702550492e+12
63	4.55751318633e+12
64	3.49483187081e+12
65	5.54840108406e+11
66	1.5396217631e+12
67	2.3793167683e+12
68	1.05555442758e+12
69	2.94525428555e+11
70	1.37602088961e+12
71	3.6096996619e+12
72	3.48398002547e+12
73	2.41358612958e+12
74	3.14405094779e+12
75	1.69306080087e+12
76	6.55758466839e+12
77	1.07425278854e+12
78	2.65689811815e+12
79	6.76327452665e+12
80	1.2049372189e+12
81	3.86419121115e+12
82	9.38718692713e+12
83	1.14123858234e+12
84	1.29466151925e+12
85	1.41916539125e+12
86	7.34406868229e+12
87	1.44391706741e+12
88	4.12554297236e+12
89	1.54583783052e+12
90	3.26035180537e+12
91	8.44415728992e+11
92	1.18522785007e+13
93	2.03504069333e+12
94	1.11308446183e+12
95	2.71397351665e+11
96	2.00350584153e+12
97	6.21307818412e+11
98	9.63351908831e+12
99	1.76703240616e+12
100	5.78513658372e+12
101	2.29033896279e+12
102	1.20809411175e+12
103	2.25528192736e+12
104	6.10843316528e+11
105	4.29745538684e+12
106	6.47253833132e+12
107	3.19642877082e+12
108	7.90712179839e+11
109	4.41288932265e+12
110	1.20981908201e+12
111	1.31491367691e+12
112	2.04074141136e+12
113	2.00507791436e+12
114	3.83777936193e+12
115	1.7791788329e+12
116	3.45050602899e+12
117	2.1292754746e+12
118	1.88944309013e+12
119	8.83105251143e+11
120	5.98151406641e+11
121	8.83546332951e+11
122	1.81624734519e+12
123	3.38477820151e+11
124	5.77633782914e+11
125	8.09573123206e+11
126	1.47931895442e+13
127	9.65328563773e+11
128	4.04347240936e+12
129	1.66275635868e+12
130	2.14776670351e+12
131	1.83358395106e+12
132	3.48208008714e+12
133	1.78873661878e+12
134	5.17198353637e+11
135	1.27359733946e+12
136	1.10508146518e+12
137	2.08714898824e+12
138	9.49972778771e+11
139	1.26806770119e+12
140	3.27687513505e+12
141	6.46303696755e+12
142	2.17537135033e+12
143	4.46369769851e+12
144	3.13274869465e+12
145	6.04560593281e+11
146	1.96237288995e+12
147	2.48697071592e+12
148	9.88621850565e+11
149	3.3507220405e+12
