0	3.03757310358e+11
1	1.06992312142e+12
2	1.96496913091e+11
3	7.25688723865e+11
4	1.91302783878e+12
5	8.08982726999e+12
6	1.0642485211e+12
7	3.98947760048e+11
8	2.2137722672e+12
9	6.92333166438e+12
10	2.4524097413e+12
11	9.1642036737e+11
12	3.15874863258e+11
13	2.42993436945e+12
14	3.2691423748e+11
15	9.1157018905e+11
16	6.22556263536e+12
17	6.91169710241e+11
18	6.0091368953e+11
19	7.10542592468e+11
20	2.32257843238e+13
21	2.01093296093e+12
22	6.10980253793e+11
23	2.94621425087e+11
24	7.93644157202e+11
25	1.5958526072e+12
26	5.62345977241e+12
27	1.79539289331e+12
28	3.68815010649e+12
29	1.2463505544e+11
30	8.04956949746e+12
31	2.58434085856e+12
32	3.41161034784e+12
33	4.48784562175e+12
34	1.62675145051e+12
35	2.43886697973e+11
36	4.49783517108e+11
37	6.73893451974e+11
