0	1.31475063734e+12
1	1.82593487391e+12
2	3.90972734046e+11
3	2.03464278709e+12
4	1.96174001292e+12
5	4.32399093771e+12
6	1.61523658707e+12
7	2.02569338493e+11
8	5.66829472356e+11
9	5.1816345284e+11
10	7.81622566237e+11
11	8.74373201255e+11
12	3.14515526239e+12
13	1.99652201714e+12
14	6.54225656479e+11
15	6.57076322616e+11
16	2.91265913069e+12
17	2.7442727887e+12
18	2.67687867513e+11
19	3.97308626702e+12
20	4.67492643349e+11
21	1.90312298389e+11
22	4.48289605651e+11
23	5.9211465237e+11
24	1.98400974701e+12
25	1.99201125806e+12
26	1.26769883663e+12
27	1.3387541856e+12
28	3.88512415845e+12
29	3.11710801731e+11
30	1.96216395351e+12
31	1.10031439705e+12
32	6.01355129264e+11
33	3.88994503162e+11
34	1.84980725283e+11
35	9.18192821861e+11
36	2.44426682761e+12
37	6.12467279939e+11
38	7.42902557412e+11
39	4.10279279388e+12
40	3.25554203064e+12
41	1.00626248534e+12
42	2.14807529564e+12
43	1.08128930241e+12
44	3.49443993932e+12
45	8.1743362971e+11
46	6.81045957534e+11
47	2.79802825843e+11
48	2.90982071246e+12
49	4.19889269236e+12
50	1.8750070381e+11
51	1.36834462822e+12
52	8.3819191871e+11
53	3.2358868014e+12
54	4.30572050037e+11
55	1.33913910502e+12
56	1.42679715448e+12
57	3.25667467476e+11
58	6.74649046505e+12
59	5.95318461452e+11
60	2.0968611933e+12
61	1.38129049737e+12
62	2.24130033894e+12
63	2.56918632119e+12
64	5.98286726626e+12
65	1.03279738544e+12
66	6.38856877365e+11
67	1.60864301829e+12
68	1.10379615913e+12
69	1.30561068048e+12
70	1.48665407748e+12
71	1.00419144253e+12
72	4.0650902249e+11
73	1.07711944531e+12
74	9.7426237241e+11
75	9.01156544653e+11
76	5.70446441304e+12
77	2.56370150245e+12
