0	6.83296717834e+11
1	7.27836864812e+11
2	1.1167699177e+11
3	1.31100487719e+11
4	8.04800498076e+11
5	4.20663169101e+11
6	8.61648273584e+11
7	2.74569165063e+11
8	1.3511372015e+12
9	9.35611574623e+11
10	6.09119984256e+11
11	3.38948937491e+12
12	1.70759821022e+11
13	4.87126987807e+11
14	4.76988298965e+11
15	1.25772655884e+12
16	2.85513300859e+11
17	5.29890705051e+11
18	4.51072938274e+11
19	3.87832747214e+11
20	2.72651396914e+11
21	5.88406684316e+11
22	1.55137209873e+11
23	1.57215478517e+11
24	2.18259481378e+11
25	7.73313627338e+11
26	7.54508815344e+11
27	3.9654361814e+11
28	6.68409151038e+11
29	3.67162313189e+12
