0	3.00706875582e+11
1	3.9833749744e+12
2	6.3902283687e+12
3	2.21578321176e+12
4	5.81199346586e+12
5	2.80285924232e+12
6	8.15683351968e+12
7	3.90270642467e+11
8	1.68706190105e+12
9	3.00182015123e+11
10	3.67069181466e+12
11	1.13916056482e+13
12	1.32977019393e+11
13	1.34393278656e+12
14	5.39879748821e+12
15	2.58130082887e+12
16	2.37957591873e+12
17	1.14973620016e+13
18	1.36392290689e+12
19	3.3636190168e+13
20	2.24535385218e+12
21	8.22687569347e+12
22	7.53462776154e+12
23	1.0708577326e+12
24	3.09043763105e+12
25	2.9307323902e+12
26	4.50866178816e+12
27	1.06555111427e+12
28	1.88871158225e+12
29	9.04484951474e+12
30	2.55709232725e+12
31	9.65452471776e+11
32	2.82139060962e+13
33	3.00992064103e+12
34	3.48067968189e+12
35	6.57032986316e+11
36	5.08471980071e+12
37	1.2816637144e+12
38	1.06739147153e+12
39	2.57116819332e+12
40	8.3300732529e+12
41	1.46232153947e+12
42	1.25978708356e+13
43	2.63563842959e+12
44	1.72425414304e+12
45	9.141905207e+11
46	2.88954423961e+12
