0	1.35154913123e+11
1	3.28996446527e+11
2	1.22093418119e+12
3	1.09396365337e+11
4	1.61096020061e+11
5	3.34385805274e+11
6	3.81934999108e+11
7	1.50870820492e+11
8	4.2315209922e+11
9	85596330240.1
10	2.71718797554e+11
11	1.01875930508e+11
12	8.70329410185e+11
13	1.26459949159e+11
14	1.30364094429e+12
15	70427925596.5
16	2.74176932212e+11
17	46721899462.6
18	3.17879397818e+11
19	21050469139.9
20	15245427227.7
21	91057954990.9
22	1.71592283719e+11
23	1.82054608887e+11
24	3.11403997398e+11
25	2.20830953299e+11
26	2.14825181763e+11
27	96073972339.7
28	2.61404504848e+11
29	2.17827136307e+11
