0	1081.40249559
1	2113.56935651
2	8476.60871482
3	936.241862331
4	184.04572854
5	574.963048324
6	686.773452922
7	309.518356831
8	7796.00465361
9	283.821208757
10	513.665588749
11	6540.07056255
12	644.511874168
13	469.485701762
14	2389.94618368
15	116.853100388
16	178.590693185
17	102.286782499
18	1209.97283585
19	731.329094593
20	1825.32394904
21	7911.34228908
22	1467.00634425
23	9923.927615
24	51.9897330981
25	302.333238571
26	4972.47248811
27	1712.87933227
28	486.369921998
29	4947.34899973
30	291.103242228
31	919.059853171
32	16433.2967525
33	909.684268166
34	5271.35902612
35	5141.89894037
36	61306.5908222
37	485.404548944
38	4297.24537721
39	4989.46984993
40	476.414068911
41	2317.12930903
42	702.2564321
43	124.942315392
44	2739.26899102
45	4555.05021241
46	17663.6596959
47	1488.64674784
48	1805.88115736
49	9365.2312311
50	1425.30825098
51	33337.2504808
52	6960.93561457
53	268.74744604
54	3134.47227062
55	2131.78499903
56	6828.78139402
