0	2.16203690514e+11
1	4.43642125922e+11
2	4.68894538097e+11
3	4.88647687738e+11
4	7.35934443949e+11
5	1.18659733973e+11
6	80487853036.8
7	3.07748811231e+11
8	5.44050295512e+11
9	1.70053049828e+11
10	3.26352895699e+11
11	1.1854779703e+12
12	1.9286282537e+11
13	8.37949610188e+11
14	7.56852500238e+11
15	5.34517800935e+11
16	8.03914951881e+11
17	81978193351.7
18	4.59693518235e+11
19	1.34976873103e+12
20	1.88887240162e+12
21	3.77076112135e+11
22	1.18315316221e+12
23	3.30557166359e+11
24	4.75105152246e+11
25	3.64584950185e+11
26	9.82171710209e+11
27	1.45462298779e+11
28	5.76264040164e+11
29	9.86524408348e+11
30	1.51536782602e+12
31	1.9911574725e+11
32	1.10125512324e+12
33	55904780158.4
34	1.77770632676e+11
