0	2.04086390689e+12
1	1.36395302559e+11
2	4.11256771842e+11
3	2.08255414267e+12
4	1.40915667714e+12
5	2.08750875243e+11
6	3.06193188401e+11
7	1.28604860667e+11
8	1.45010251149e+11
9	5.13699603241e+12
10	3.31669489534e+11
11	7.91206414875e+11
12	6.02200663884e+11
13	1.73971638851e+11
14	2.90211526534e+12
15	1.50329615555e+12
16	1.56691441989e+12
17	2.04823641113e+11
18	6.81500020108e+11
19	5.4222135258e+11
20	7.84080879267e+11
21	1.14458001365e+12
22	3.57973334852e+11
23	1.36606116248e+12
24	7.98243629523e+11
25	6.68965828055e+11
26	2.18702027899e+11
27	1.3563376437e+12
28	1.0228710511e+12
29	2.59502246813e+12
30	9.42135251799e+11
31	2.28163000119e+11
32	1.30090418062e+12
33	8.63591976504e+11
34	5.1520399143e+11
35	1.75331806285e+12
36	1.17938844765e+11
37	1.0125306736e+12
38	7.38483431516e+11
39	3.47354256925e+11
40	3.63019390631e+11
41	2.07917788e+12
42	5.37950358603e+11
43	1.04311450688e+12
44	2.10522471112e+12
45	5.90660417057e+11
46	2.71253218339e+11
