0	5.55437547904e+11
1	8.71341741023e+12
2	6.21860511867e+11
3	1.85865504634e+12
4	1.67727240586e+12
5	1.04894838169e+12
6	1.1485074078e+12
7	6.78799909351e+11
8	1.34791757059e+12
9	8.09312745556e+11
10	2.67883672121e+12
11	2.91812690244e+11
12	4.53417643958e+12
13	3.30214621992e+12
14	1.28383829319e+12
15	1.06143257456e+12
16	2.85605581511e+11
17	2.22128916439e+12
18	4.5327215888e+11
19	1.95108952815e+12
20	1.72586643533e+12
21	1.57979969558e+12
22	4.62386631604e+12
23	1.33761386079e+12
24	2.97915548851e+11
25	1.99524775447e+12
26	3.77915097904e+12
27	5.31319954852e+12
28	4.20693766687e+11
29	1.0533814678e+12
30	7.18326458247e+12
31	2.94490405916e+12
32	1.03346815212e+12
33	4.04754278199e+12
34	1.22210332071e+12
35	2.07514160614e+12
36	2.3991747348e+12
37	1.32084098045e+12
38	4.96615145105e+11
39	5.98866072308e+11
40	2.903421765e+12
41	2.88471620676e+12
42	7.44449071786e+11
43	5.00578562293e+11
44	5.61638153534e+12
45	1.51915175607e+12
46	2.82260178336e+12
47	5.31540418153e+11
48	9.4525107374e+11
49	5.07599046345e+11
50	4.92112534245e+12
51	1.49061407143e+12
52	1.12947006202e+12
53	1.18208995543e+12
54	2.53676685674e+12
55	3.50154826597e+12
56	2.34204781278e+11
57	2.59605415574e+12
58	2.35366323516e+12
59	2.67081779734e+12
60	5.34507452627e+12
61	1.05375841828e+12
62	3.37043141483e+12
63	3.81041756503e+12
64	9.99509942081e+11
65	3.99519908824e+11
66	9.85341178687e+11
67	1.06116261232e+12
68	9.36121735571e+12
69	1.63357754014e+12
70	7.1261632638e+12
71	2.20677103582e+12
72	3.72738451587e+12
73	2.17564950062e+11
74	2.55917618784e+12
75	6.1840278455e+11
76	5.75713330844e+12
77	7.24072480199e+11
78	81045287251.7
79	7.27032579707e+11
80	1.35368061784e+12
81	3.51473155129e+12
82	7.01093936278e+11
83	4.58513478091e+12
84	1.42545795775e+12
85	1.71449847472e+12
86	2.29454121728e+12
87	4.04988989747e+12
88	4.89019828122e+11
89	1.2219368771e+12
90	9.14435739826e+11
91	4.51300431689e+11
92	1.40421518428e+12
93	4.69796643035e+12
94	4.15612212162e+12
95	1.07055431395e+12
96	1.68668120131e+12
97	2.70761399628e+12
98	2.60184525222e+12
99	2.8640670865e+12
100	6.89318504236e+11
101	1.67605491076e+12
102	4.72737100582e+12
103	1.58789433111e+12
104	7.91581252956e+11
105	1.49927126192e+12
106	3.26918196748e+12
107	1.05520533348e+12
108	2.3843872849e+11
109	1.42247724993e+12
110	7.58603279533e+11
111	8.6640628063e+11
112	8.52373971264e+12
113	1.1617543504e+12
114	2.23860294551e+11
115	9.61669678293e+11
116	2.65700731213e+12
117	1.49161241091e+12
118	7.13010890587e+12
119	8.98136849019e+11
120	2.95521301821e+11
121	4.03924453194e+12
122	7.0498805244e+11
