0	5.89139730743e+12
1	2.87997073887e+11
2	1.92782586373e+12
3	6.67446613111e+11
4	1.04386919564e+13
5	5.3217380918e+11
6	1.79614842468e+12
7	2.12191181098e+12
8	4.71189686239e+11
9	2.6063249935e+12
10	8.49434424391e+11
11	2.95096329068e+12
12	1.40681111741e+12
13	1.43323212449e+12
14	5.47456057079e+12
15	1.54898827716e+12
16	2.49939518787e+11
17	5.91297859088e+11
18	2.53309495732e+12
19	1.04901715782e+12
20	5.28674369825e+11
21	1.31282424346e+12
22	1.72065072739e+12
23	8.61080955147e+11
24	3.31350807607e+11
25	1.8705718283e+11
26	9.97152704116e+11
27	5.42015137711e+11
28	6.81594305654e+11
29	1.09923159701e+12
30	2.83063318244e+12
31	2.50943827377e+11
32	1.03328706421e+12
33	1.02668513671e+11
34	1.69031601317e+12
35	2.24497150653e+12
36	7.41121780271e+11
37	1.01235659346e+12
38	7.94784665773e+11
39	6.26802270033e+11
40	6.00785879238e+11
41	2.24574757427e+12
42	1.27586442572e+12
43	2.2958089287e+11
44	4.58089208762e+11
45	3.85240932719e+11
46	6.36133928355e+11
47	1.4442508838e+12
48	7.06150299062e+11
49	1.00418615743e+12
50	5.23973902446e+11
51	9.64652092555e+11
52	3.31281172894e+11
53	1.50563657218e+12
54	3.72219257651e+11
55	8.58181743539e+11
56	9.66286863625e+11
57	5.21432279988e+11
58	1.40637992856e+12
59	8.92869748022e+11
60	2.33317399899e+11
61	3.44695707167e+11
62	1.66365501603e+12
63	1.61534589129e+12
