0	2.07736923414e+12
1	1.70201750836e+12
2	6.21170210091e+12
3	9.64812665215e+11
4	9.81402840637e+12
5	6.81583484651e+12
6	1.21035910077e+12
7	1.28896738056e+12
8	4.83127667596e+11
9	2.58717428343e+12
10	7.4985459154e+11
11	5.80766350345e+12
12	2.09819063707e+11
13	1.49429182192e+12
14	1.10089322746e+13
15	6.2606992179e+12
16	6.45014686432e+12
17	2.29376129859e+13
18	2.04452810004e+12
19	2.1129994965e+12
20	1.93610232469e+12
21	8.801730259e+11
22	3.21370103291e+11
23	3.94803187085e+12
24	4.15993029457e+12
25	3.631067381e+12
26	3.99120672004e+12
27	1.97866780101e+12
28	4.61663631896e+12
29	1.64683129892e+12
30	7.92643373309e+11
31	1.98223378371e+12
32	2.17829642877e+12
33	1.31843767825e+12
34	6.87798273768e+12
35	2.28018519472e+12
36	1.43272117241e+12
37	2.04550215134e+12
38	7.15322564994e+11
39	1.7621691536e+12
40	1.85853904858e+12
41	1.27827371694e+12
42	5.19570065694e+11
43	3.25118406074e+11
44	2.19742902155e+12
45	1.34861231841e+13
46	1.39543821121e+12
47	3.06496268908e+12
48	2.28869074638e+12
49	4.40003320666e+12
50	2.81574005256e+12
51	1.84323076519e+12
52	2.14083317691e+12
53	1.77744237105e+12
54	1.50398601431e+12
55	6.15729198952e+11
56	4.68406341712e+12
57	1.93651083154e+12
58	1.17221720511e+13
59	3.93707596182e+12
60	2.60812479291e+12
61	3.96253299888e+12
62	4.0514011615e+12
63	2.09230876225e+12
64	2.79989737064e+12
65	2.01979128724e+12
66	9.97285915756e+11
67	4.34508697461e+12
