0	1972.51340551
1	221.896835386
2	230.248004471
3	2530.64436187
4	233.490842971
5	1092.0504853
6	2976.59759716
7	1350.32046808
8	404.78989586
9	308.763784385
10	3844.33021841
11	725.650176681
12	2739.41451082
13	2446.51326166
14	3220.00278528
15	5460.32123603
16	1042.33883958
17	1300.52697617
18	2153.46315608
19	264.682243597
20	246.817996509
21	5208.50314218
22	2119.53991101
23	758.419091298
24	1353.97690866
25	1536.50886858
26	1600.86322735
27	927.818617434
28	3295.27653513
29	1455.92720372
30	1654.19964646
31	668.797599888
32	2407.45040694
33	1163.69031176
34	762.583765044
35	5348.55899318
36	1782.65846961
37	2628.41101969
38	1493.92841461
39	1800.13358734
40	275.114340268
41	3914.31348169
42	465.63086925
43	1492.29571679
44	609.070279108
45	743.483182557
46	3172.22586583
47	1163.83255006
48	2763.49675603
49	2810.88073983
50	1825.25701732
51	276.206417034
52	367.077393744
53	2434.62185993
54	1562.94521502
