0	5.67729936289e+11
1	7.54159047165e+11
2	25964806505.3
3	5.09564625686e+11
4	4.0726558889e+11
5	1.05391425731e+11
6	1.93453650449e+11
7	2.77603854148e+11
8	48346487336.6
9	1.73700749225e+11
10	44593141799.3
11	31739807180.8
12	1.52930057857e+11
13	89785863327.8
14	2.75259086915e+11
15	54785304347.7
16	3.59821327451e+11
17	84428740285.0
18	99401472887.4
19	6.18955129885e+11
20	2.82143077719e+11
21	3.03256616243e+11
22	4.3141692465e+11
23	93486304528.9
24	1.96695565653e+11
25	1.71269301168e+11
26	1.23173563372e+11
27	1.19034986494e+11
28	1.18900528017e+11
29	68862745180.2
30	2.8499282615e+11
31	3.57008755335e+11
32	1.57226444454e+11
33	82129232837.0
34	88624655668.1
35	60230543568.3
36	1.79563937011e+11
37	1.31415384159e+12
38	1.61576655705e+11
39	1.03021595296e+11
40	80925165487.5
41	1.88830870195e+11
42	35073878607.9
43	1.64075217119e+11
44	68883210950.9
45	1.89391785249e+11
46	1.56527598375e+11
47	1.26878741829e+11
48	3.63757704385e+11
49	17660923616.8
50	51373103893.6
