0	2.56813236177e+12
1	3.21130856985e+12
2	3.24662269027e+11
3	6.20012321044e+12
4	9.62934731107e+12
5	1.15031051425e+12
6	5.09225982373e+11
7	6.47474016137e+11
8	2.76009678168e+11
9	4.72443094028e+11
10	3.73086262631e+12
11	1.24579836162e+12
12	1.06282535407e+13
13	2.46198449585e+12
14	1.85104960296e+12
15	3.77472917924e+12
16	5.7674339467e+11
17	2.78984659994e+12
18	6.89828790224e+11
19	2.29362566901e+11
20	1.41238439352e+12
21	3.6130300959e+12
22	1.18443068738e+12
23	1.24796909604e+12
24	3.89838001621e+11
25	3.4191629578e+12
26	3.04256712811e+12
27	1.93633162631e+11
28	9.66778189611e+11
29	9.49073161952e+11
30	6.37245237158e+12
31	7.20864767602e+11
32	1.54085401925e+12
33	9.01428744167e+11
34	8.04486871285e+11
35	3.6996714558e+12
36	4.78400135274e+12
37	9.05738352749e+11
38	1.70389094736e+12
39	1.44065380275e+12
40	1.60537855402e+12
41	2.11824427769e+11
42	2.49947806585e+11
