0	1.94194457454e+12
1	1.04884193852e+12
2	9.12378772917e+11
3	1.04602079169e+12
4	1.42636747054e+12
5	4.50919614825e+12
6	5.93478878289e+11
7	4.56649460046e+12
8	1.30858366375e+12
9	2.24633928134e+12
10	1.46370950301e+12
11	9.28906026789e+11
12	3.24383842913e+12
13	1.51591793588e+12
14	5.88853691967e+11
15	8.86520194244e+11
16	2.96865458771e+11
17	7.23280821235e+11
18	1.17519712382e+12
19	1.91039959017e+12
20	3.67392925152e+12
21	2.15924920662e+12
22	3.92170933982e+12
23	2.89375142819e+12
24	5.69519617899e+12
25	6.66445672722e+11
26	8.53532814965e+11
27	3.82639926369e+12
28	3.10690501134e+12
29	1.63158814624e+12
30	2.4059708197e+12
31	2.36118591966e+12
32	2.04489135851e+12
33	1.38720791491e+13
34	4.20646884212e+12
35	2.23327770824e+11
36	2.08750839531e+12
37	5.88026953221e+12
38	6.31658082917e+12
39	1.10550649801e+13
40	9.18695124208e+11
41	8.21228872003e+11
42	9.87211583884e+11
43	2.97795037437e+12
44	9.56105836749e+11
45	3.33985636529e+12
46	9.40723011567e+12
47	3.09951648824e+12
48	8.51720582856e+12
49	1.12342740677e+12
50	4.18682172316e+12
51	3.21257523473e+12
52	3.73409899696e+11
53	9.54302537168e+11
54	1.1595744541e+11
55	1.06832811734e+12
56	4.23661153006e+11
57	1.47851341525e+12
58	3.79716934761e+12
59	3.58778566555e+12
60	2.84307506797e+11
61	8.54714665043e+11
62	1.71721468297e+12
63	7.46303368663e+11
64	2.97003040716e+12
65	8.17818693173e+11
66	3.74253488264e+12
67	3.31068713284e+12
68	1.11860153469e+12
69	2.7461602113e+12
70	7.33926291933e+11
71	5.48306696107e+12
72	5.61160793136e+12
73	1.14395252021e+12
74	8.40150068223e+11
75	7.03673115597e+12
76	4.24619480302e+11
77	1.07629221768e+12
78	5.83711848008e+11
79	1.11109139777e+12
80	1.69292637239e+12
81	1.44182781372e+11
82	6.06615874736e+12
83	3.37451894061e+12
84	3.29883085381e+12
85	2.54861397006e+11
86	3.07440129152e+11
87	2.34361137166e+12
88	5.324527119e+12
89	4.58555768255e+11
90	1.46964727696e+12
91	1.06598865128e+12
92	4.04387950265e+12
93	2.11685077626e+12
94	3.42936165952e+12
95	1.21297025938e+12
96	5.60729458957e+12
97	4.15985691339e+12
98	1.37916773973e+12
99	2.48373836203e+12
100	1.46082397613e+11
101	1.83526319016e+12
102	3.44602060823e+12
103	2.75292851889e+12
104	1.03041838818e+12
105	6.54211872444e+12
106	6.11104745629e+12
107	5.21728205192e+12
108	3.75832020577e+11
109	7.63502331507e+12
110	1.19956413255e+12
111	1.21372072361e+12
