0	3.72638249284e+12
1	2.34441518162e+12
2	3.46059167478e+11
3	1.15131635323e+12
4	3.7364835238e+11
5	5.73853585978e+11
6	1.22153515749e+12
7	2.14209351455e+12
8	3.48772898793e+11
9	9.69004209584e+11
10	9.08141866902e+11
11	3.09315719665e+12
12	1.0924976782e+12
13	4.19732950893e+11
14	1.14543410953e+12
15	1.13218173397e+12
16	4.74674245853e+11
17	5.40203179623e+11
18	2.25862754326e+12
19	2.55521890485e+12
20	8.37043654937e+11
21	1.27867400632e+12
22	3.60308604443e+11
23	7.13786248483e+12
24	5.40786707341e+11
25	1.24680607882e+12
26	4.97891655211e+11
27	2.58291228746e+12
28	1.28063239253e+12
