0	8754790627.87
1	34278793624.3
2	3.72658659253e+11
3	1.03541491796e+11
4	31067943169.3
5	11064212006.6
6	1.05635242204e+11
7	47391736657.4
8	58714044966.6
9	58278230131.5
10	68470061961.5
11	1.27056397677e+11
12	88069085925.3
13	65412772373.5
14	47639046734.6
15	66823944601.7
16	3.91844243464e+11
17	1.14445225547e+11
18	24052146579.8
19	20309904342.7
20	67335521554.0
21	15119539125.7
22	1.37646083325e+11
23	2317340136.54
24	2.62183132239e+11
25	46038431588.3
26	47182225813.0
27	2.29176537735e+11
28	36534575851.1
29	1.00525942658e+11
30	1.61577488568e+11
31	1.54911733413e+11
