0	3.46206800836e+11
1	3.43442341792e+11
2	7.80442834718e+11
3	4.16866701578e+11
4	2.99677341084e+12
5	1.23231870179e+12
6	3.05244339647e+12
7	8.60099469145e+11
8	3.87354158169e+11
9	1.08997482698e+12
10	4.55116735457e+11
11	2.46553094985e+11
12	8.22346717346e+11
13	8.0553898693e+12
14	2.334077847e+12
15	4.53596430285e+11
16	4.32462788681e+11
17	7.39340406854e+11
18	3.23805405443e+11
19	2.84743784649e+11
20	1.96037622539e+12
21	1.05787608156e+12
22	1.04036790725e+12
23	1.50963258125e+12
24	2.73197038596e+12
