0	1.06844006984e+12
1	1.70010777585e+12
2	2.88526479608e+11
3	3.17471149905e+12
4	7.28750630029e+11
5	1.35540745072e+12
6	2.07647632538e+11
7	3.67235074506e+11
8	7.09954911867e+11
9	2.12202998351e+12
10	7.72507787122e+11
11	1.2396942254e+11
12	1.9444767519e+11
13	5.72263292879e+11
14	6.02730779709e+11
15	2.05041840203e+12
16	4.94947843514e+11
17	1.79095860547e+12
18	1.83146806268e+11
19	65005778039.7
20	1.35895278243e+12
21	6.38406830484e+11
22	1.11692020604e+12
23	78372486813.7
24	6.0940662236e+11
25	71288328790.3
26	7.94488925814e+11
27	4.76844206056e+11
28	1.17451650128e+11
29	1.02579977422e+12
30	1.03118424193e+11
31	1.04022384129e+12
32	3.91900710278e+11
33	1.79330036766e+12
34	2.10182550778e+11
35	1.23447739704e+12
36	3.4012178783e+11
37	1.82663459577e+11
38	1.88267149303e+11
39	1.98686091743e+11
40	42814133091.6
41	1.33428251056e+11
42	82892374287.4
43	3.43802345354e+12
44	92054237165.1
45	3.60740530033e+11
46	1.83436333471e+11
47	4.51469616486e+11
48	2.34296821093e+11
49	1.04254557669e+12
50	3.73228292413e+12
51	1.66569275217e+11
52	4.0999464055e+11
53	3.09976324566e+11
54	2.92856624647e+11
55	5.20750095131e+11
56	6.82439496969e+11
