0	2.16689414588e+12
1	3.12129220939e+12
2	4.53967505549e+12
3	1.01709811106e+12
4	1.05944093438e+12
5	4.13632186886e+12
6	1.8757827583e+12
7	5.67621154498e+12
8	2.69721663078e+12
9	4.10284825856e+12
10	4.27630265573e+13
11	4.1269854816e+12
12	2.77443348501e+12
13	7.66392842159e+12
14	5.39538828598e+12
15	3.6113276885e+12
16	2.51687927251e+11
17	2.61130720949e+12
18	1.75511890457e+12
19	1.38119543853e+12
20	5.12703637137e+12
21	2.68122227655e+12
22	8.24364747498e+12
23	5.54156960863e+12
24	2.31765798615e+12
25	5.08978169454e+12
26	3.62137796566e+12
27	3.89094360886e+12
28	4.69406441289e+11
29	1.3567015933e+12
30	2.7897201885e+13
31	1.74227856663e+12
32	2.31997520146e+12
33	2.95981979344e+12
34	5.05865977222e+12
35	1.49353854632e+13
36	1.86561652651e+12
37	1.27381730021e+12
38	1.45341474392e+12
39	9.34413128064e+12
40	6.37554139219e+12
41	4.70315651128e+12
42	2.69016065415e+13
43	9.02333087157e+11
44	3.70520604382e+12
45	1.07286047469e+12
46	1.49679838253e+12
47	9.42243409317e+12
48	6.46286769631e+12
49	1.64779784771e+12
50	7.38628756301e+12
51	4.75054360204e+12
52	2.06672458982e+12
53	4.2276454147e+13
54	2.46059482377e+12
55	1.70680836896e+13
56	8.20213748958e+11
57	1.51521839732e+12
58	1.00996381907e+12
59	1.27895759128e+12
60	1.48651996256e+12
61	1.73446198827e+12
62	1.98232548675e+12
63	4.66564166004e+12
64	1.46852610042e+13
65	7.2584219568e+11
66	6.0486796972e+11
67	4.74270272602e+12
68	8.20918512094e+11
69	1.8816709045e+12
70	9.76121621834e+12
71	1.8206502207e+12
72	3.15422542322e+12
73	3.24778729148e+12
74	4.14785934894e+12
75	3.99506066804e+12
76	4.90416408328e+12
77	2.31060612827e+12
78	4.41261962282e+12
79	1.63000708662e+13
80	4.50081046248e+11
81	1.66390746957e+12
82	2.90630675604e+12
83	7.64226036445e+12
84	1.09373661006e+12
85	3.64382657447e+12
86	8.2966095761e+12
87	2.35110556979e+12
88	5.71678201392e+12
89	7.89156148783e+12
90	7.7164970664e+12
91	3.94011632934e+12
92	5.11613345589e+12
93	6.96505739291e+12
94	3.59792218538e+12
95	2.50040695452e+12
96	1.59742423233e+12
97	1.70104037601e+12
98	2.60848120669e+12
99	2.62351152437e+12
100	1.12873728937e+12
101	1.55869959182e+13
102	8.41072056088e+12
103	3.6932136302e+12
104	6.37482580716e+12
105	6.59043512789e+11
106	1.30978881679e+13
107	4.73651359883e+12
108	5.72222216847e+11
109	1.9871490267e+12
110	3.38637315561e+12
111	2.04918984032e+12
112	8.94225954103e+12
113	2.26580102969e+12
114	3.77568065279e+12
115	1.20700689796e+12
116	4.81358670323e+11
117	2.3004896999e+12
118	4.98965155393e+12
119	2.09764103636e+12
120	2.42006945835e+12
121	1.10198831279e+13
122	3.72107237427e+12
123	1.61854615707e+12
124	2.98761938925e+12
125	7.8932419612e+12
126	2.37167444947e+13
127	3.30458310583e+13
128	2.90123253628e+12
129	2.44077280589e+12
130	1.13604603306e+12
131	4.83504772131e+12
132	1.00244368084e+12
133	8.36230627545e+11
134	6.80496502849e+11
135	6.7021979941e+11
136	3.05880068914e+12
137	2.82096784118e+12
138	1.95802682148e+13
139	2.36351404659e+12
140	4.24371814335e+12
141	2.16316936499e+12
142	1.86442627099e+12
143	1.84117745158e+12
144	1.76188540517e+12
145	7.36702471322e+12
146	1.68861639976e+13
147	8.96166655275e+12
148	2.08666376828e+12
149	2.15245897782e+12
150	4.94727841149e+12
151	9.02049928571e+12
152	2.63766066639e+12
153	4.02776168361e+12
154	3.27385774997e+12
155	1.07424464274e+12
156	1.46890860295e+11
157	3.13328384947e+11
158	3.74808449026e+12
159	8.17417280107e+12
160	2.04236467243e+12
161	4.05666949388e+12
162	2.43206627216e+12
163	1.9077140216e+12
164	1.84913399656e+12
165	6.25102005199e+12
166	1.1856531081e+12
167	5.59768906532e+12
168	1.44794692537e+12
169	8.06278810228e+11
170	4.57968733512e+11
171	3.43052350234e+12
172	1.49233363283e+11
173	5.28073163669e+11
174	2.70073589576e+11
175	1.33165889522e+13
176	3.30166367987e+13
177	3.57816930422e+12
178	1.0531101344e+12
179	3.06926300585e+12
180	3.53924301257e+12
181	1.76389690679e+13
182	4.35764337679e+12
183	4.27398008716e+12
184	5.61445078752e+11
185	6.75192375168e+12
186	1.56963550652e+12
187	2.61582946843e+12
188	1.94877604853e+12
189	1.37905628831e+13
190	8.07075154974e+11
191	1.76112479844e+12
