0	1.44503480954e+11
1	2.99205468057e+11
2	1.24488272411e+11
3	2.87955868238e+11
4	1.26901607009e+11
5	95744552564.0
6	2.01503665058e+11
7	3.36235521946e+11
8	95343595435.9
9	82620079761.8
10	1.37233931218e+11
11	2.26118056493e+11
12	1.65760804844e+11
13	32591945280.0
14	2.7324614201e+11
15	81080499372.7
16	1.04681866014e+11
17	1.1732287125e+11
18	1.59935137996e+11
19	98554969692.3
20	6.86231902272e+11
21	2.91329844224e+11
22	97314354930.6
23	1.02165946363e+12
24	2.00540760921e+11
25	1.96271430266e+11
26	2.24817557499e+11
27	5.06536095205e+11
