0	2.95838347608e+11
1	2.37490398437e+12
2	1.82337037697e+11
3	1.82544875189e+11
4	1.81951057408e+11
5	5.63341071802e+11
6	4.20870345314e+11
7	9.18756203676e+11
8	1.83577838213e+11
9	9.70194307806e+11
10	1.58159281139e+11
11	1.36883660701e+11
12	1.15415122376e+11
13	1.3390328975e+12
14	2.49762557951e+11
15	89032810240.9
16	1.69947647423e+11
17	75438817751.3
18	6.48859126654e+11
19	1.71497019222e+11
20	2.10681815014e+11
21	56065040851.7
22	5.30292020624e+11
23	2.53410903631e+11
24	2.92456133082e+11
25	7.43643312788e+11
26	1.12602512928e+12
27	1.86146916177e+12
28	2.904563552e+11
29	6.24228576646e+11
30	5.24812460561e+11
31	3.14134929995e+12
32	5.17987847322e+11
33	4.57352393645e+11
34	2.87322872224e+11
35	2.93805035898e+11
36	1.17038995977e+11
37	5.19816806718e+11
38	5.83979646653e+11
39	2.91897478404e+12
40	3.7487889662e+11
41	5.87445500707e+11
42	2.94818415745e+11
43	1.2741179794e+11
44	3.56771269523e+11
45	72549212918.6
46	5.54602769959e+11
47	2.08075642337e+12
48	6.06173768485e+11
49	2.60659803531e+11
50	1.50657189966e+12
51	1.44622900647e+12
52	3.27321011093e+11
53	3.04286221166e+11
54	2.25096801211e+11
55	5.40420546895e+11
56	4.69794443783e+11
57	1.44610429459e+11
58	8.8326727207e+11
59	1.05232695394e+12
60	4.09639145586e+11
61	3.19423728618e+11
62	1.52370388538e+11
63	4.85055952497e+11
64	1.08039868614e+12
65	1.90804785902e+12
66	1.07452407317e+11
67	1.90774453505e+12
68	2.41923693241e+11
69	4.2847836733e+11
70	4.72401496887e+11
71	1.03140088177e+11
72	4.78881969938e+11
73	1.2164335507e+12
74	1.24594167823e+11
75	1.08118619555e+11
76	90331623754.1
77	1.13057883643e+12
78	1.74389946547e+11
79	1.12224790247e+12
80	1.87927464216e+12
81	3.74496179468e+11
82	1.51556357036e+11
83	3.75405135783e+11
84	1.12420070335e+11
85	2.12207389526e+11
86	2.4870986731e+11
87	1.77406978905e+12
88	22625514372.1
89	1.28754544254e+12
90	3.57865572622e+11
91	2.20462437841e+11
92	2.43212681768e+11
93	39415979822.2
94	3.82925582276e+11
95	1.956380571e+11
96	1.46004414162e+12
97	5.78380242875e+11
98	3.58779730744e+11
99	1.52225873835e+12
100	3.34291340549e+11
101	96222132726.9
102	2.7727823995e+11
103	2.27683016692e+11
104	5.87161402486e+11
105	1.54299161352e+11
106	1.97517688742e+12
107	1.35568700496e+11
108	1.53966604845e+11
109	5.72156682541e+11
110	1.20295133697e+11
111	1.04174826657e+11
112	1.29055599145e+12
113	1.05006988305e+12
114	3.39166643864e+11
115	1.94086721482e+11
116	4.10203987983e+11
117	2.83106180155e+12
118	1.09963636681e+12
119	7.51095882273e+11
120	1.50381186245e+12
121	2.04042428081e+12
122	2.22602329196e+12
123	3.26159179198e+11
124	4.9648660406e+11
125	2.38389703869e+12
126	6.88745746708e+12
127	6.98932575465e+11
128	1.20731130457e+12
129	1.59517192735e+11
130	3.44734052191e+11
131	1.58197592898e+11
132	3.14306960596e+11
133	3.22381903019e+11
134	2.89712163158e+11
135	2.32631963895e+11
136	1.52502823686e+11
137	7.36087344204e+11
138	1.27012031973e+12
139	3.58676713984e+11
140	1.00969942499e+12
141	8.212941489e+11
142	8.40677263923e+11
143	4.83368233592e+11
144	8.70306606514e+11
145	9.95312724844e+11
146	1.55914874338e+11
147	6.61286759616e+11
148	5.85986203103e+11
149	1.15915610361e+12
150	65809069289.4
151	37311130051.8
152	2.38824235603e+11
153	2.44985608128e+11
154	83168459813.1
155	6.05365620704e+11
156	2.54758775821e+11
157	89169304374.7
158	5.47601696239e+11
159	2.32277927506e+12
160	1.21890780975e+12
161	4.24122088364e+11
162	4.68348962838e+11
163	5.82131632731e+11
164	1.37457884601e+12
165	1.26508762147e+12
166	2.11530116295e+12
167	1.5965871653e+11
168	4.53372332233e+11
169	80228952804.8
170	4.91401565579e+11
171	8.00209563565e+11
172	2.92775640265e+11
173	5.70266018442e+11
174	4.92161231407e+11
175	2.41060080203e+11
176	5.7599059622e+11
177	1.44320383893e+11
178	4.6651418688e+12
179	1.4281133613e+11
180	4.90732627329e+11
181	89598573978.8
182	7.21369804861e+11
183	2.62013175961e+12
184	2.12314435812e+11
185	1.4981919698e+11
186	80150343835.0
187	4.1742036937e+11
188	1.38450631995e+11
189	2.25152836113e+11
190	4.1418017324e+11
191	1.46365478187e+12
192	1.2543047882e+11
193	1.0026940064e+12
194	1.00251347227e+12
195	3.07517818545e+11
196	1.09165914338e+12
197	1.12824179469e+12
198	1.16098286975e+12
199	5.57875717265e+11
200	4.94740018082e+11
201	1.46639833289e+11
202	6.57240644965e+11
203	2.30072953716e+11
204	1.35849267717e+11
205	1.22324772678e+11
206	2.92334566298e+12
207	1.5023527904e+12
208	6.58960422504e+11
209	6.02689928673e+11
210	5.51091302748e+11
