0	1.84933687277e+12
1	1.57414140447e+13
2	1.42464497632e+13
3	3.03600649829e+12
4	2.14952883195e+12
5	2.97277129589e+12
6	1.04593603844e+12
7	4.16391846018e+12
8	6.07037451315e+12
9	1.24597984776e+13
10	2.04507125146e+12
11	3.32763421668e+12
12	9.21458022946e+12
13	1.34792359664e+12
14	6.31119576082e+12
15	3.25154369175e+12
16	2.7086278034e+12
17	5.20192538744e+12
18	2.42081535007e+12
19	6.4963210611e+12
20	2.07767746087e+13
21	5.27245381343e+12
22	2.46391233274e+13
23	1.22640689809e+13
24	3.14802406683e+12
25	3.69850808972e+12
26	1.28524566598e+13
27	9.99962312331e+12
28	4.0951899207e+12
29	2.12355861332e+12
30	1.49476509353e+13
31	3.65626897623e+12
32	9.83640003217e+12
33	3.62117074063e+12
34	3.65552801877e+12
35	7.21042883905e+12
36	4.28590909719e+12
37	1.11161100035e+13
38	2.53240570479e+13
39	4.75245779202e+12
40	1.99060038553e+12
41	1.67270067712e+13
42	1.06864713319e+13
43	3.42956919865e+13
44	1.61191202425e+13
45	7.90490953794e+12
46	2.48877764569e+12
47	4.19539698739e+12
48	5.59618533581e+12
49	4.97480118504e+12
