0	4.9495567146e+11
1	3.69695334698e+11
2	2.81728303814e+11
3	6.61400366812e+11
4	3.7418781364e+11
5	74656418720.2
6	2.17735510918e+12
7	1.68747261858e+12
8	1.57476843259e+12
9	1.22963472192e+12
10	6.01359764778e+11
11	5.36701200762e+12
12	3.31321455125e+11
13	4.05143812102e+11
14	2.27706374022e+12
15	5.80945285217e+11
16	1.20391091665e+12
17	5.47995932831e+11
18	2.34964152852e+12
19	8.85951333659e+11
20	6.8125810871e+11
21	2.02043264292e+12
22	7.36538874119e+11
23	8.75165593363e+11
24	2.63591900182e+12
