0	3.11364344127e+11
1	1.32164054175e+12
2	3.10154372732e+11
3	8.68886404849e+11
4	1.01212209234e+11
5	4.09334893353e+11
6	3.20599782197e+11
7	2.0215489284e+11
8	1.61416944328e+12
9	9.93516004323e+11
10	5.02575478179e+11
11	1.47005502868e+12
12	4.98358680293e+11
13	1.04772427254e+12
14	5.77851656733e+11
15	7.04010096241e+11
16	4.87326243386e+11
17	1.4107259987e+12
18	80417994202.2
19	4.96546681468e+11
20	3.25842441566e+11
21	6.25921891772e+11
22	4.1616185479e+11
23	1.70381087334e+12
24	3.02434531664e+11
25	2.33206360658e+11
26	3.57214846851e+11
27	7.32765186694e+11
28	5.48254472534e+11
29	4.5693116671e+11
30	5.02787659691e+11
31	1.84392479723e+11
32	5.59281845779e+11
33	4.37922725413e+11
34	9.81706717678e+11
35	2.5442044332e+11
36	1.65671178593e+11
37	9.12568935878e+11
38	1.21191627286e+11
39	7.65401323656e+11
40	28072219660.6
41	2.32652942108e+11
42	3.49875971314e+11
43	2.94639689224e+11
44	4.3933906758e+11
45	2.56100317898e+11
46	2.04537147797e+11
47	1.54641808985e+12
48	4.70407284215e+11
49	93408877986.1
50	1.02333153727e+12
51	4.72382712256e+11
52	1.25062101566e+12
53	1.11799527736e+12
54	2.05577554106e+11
55	1.03429422095e+11
56	2.90227454312e+11
57	1.77466331233e+12
58	38017698635.5
59	1.90638718853e+12
60	2.32020317785e+11
61	3.20021837477e+11
62	1.75528957185e+11
63	84558952373.5
64	5.33057484044e+11
65	3.0585271842e+11
66	3.82423954192e+11
67	2.35086555906e+11
68	1.23720085698e+12
69	5.28813946527e+11
70	1.41011812613e+12
71	1.40162453712e+11
72	94284836465.0
73	1.32155664447e+11
74	1.94513599934e+11
