0	2.99244059352e+11
1	4.39083575049e+11
2	2.21572938503e+12
3	2.0100053018e+12
4	1.83725580812e+12
5	5.67875381031e+11
6	7.29284889934e+11
7	1.6513547754e+12
8	1.30873678767e+12
9	3.46664712344e+12
10	3.55615465843e+11
11	5.6258246088e+11
12	2.88271299037e+12
13	2.65449665917e+11
14	1.40168724086e+11
15	9.81103690433e+11
16	3.10762403992e+12
17	9.74490456253e+11
18	1.05360998269e+13
19	1.2197879261e+12
20	4.35827257542e+11
21	7.78088736606e+11
22	1.05313001333e+11
23	4.45172762408e+11
24	1.80113221769e+11
25	7.52723841443e+11
26	8.03442800659e+11
27	56823036261.4
28	3.67296661181e+11
29	7.49119185397e+11
30	1.25932197615e+12
31	5.3596807543e+11
32	1.84162431207e+11
33	3.94022945537e+11
34	3.09781087608e+11
35	2.87049207157e+12
36	9.70751865852e+11
37	8.37021192672e+11
38	2.1661233041e+11
39	1.55998170906e+12
40	2.50802772623e+11
41	4.67560009634e+12
42	5.41307107104e+11
43	2.55617509049e+11
44	3.74906676839e+11
45	2.60243011749e+11
46	2.68569607256e+11
47	1.08710808147e+12
48	2.386423918e+11
49	4.95515124049e+11
50	5.01509260236e+12
51	4.04274410578e+12
52	7.99130665417e+11
53	9.64432658045e+11
54	3.59548381984e+12
55	9.88681671651e+11
56	1.18223914631e+12
57	3.83592412773e+11
