0	8497.02181326
1	25237.3624255
2	7409.86343895
3	13176.320071
4	1688.11345056
5	15700.5336359
6	17883.0557459
7	108090.431587
8	17838.5993665
9	485.055572256
10	11852.2927748
11	24920.7315049
12	1213.37064443
13	35214.6581207
14	27845.4592739
15	17561.4797061
16	31686.1327522
17	7433.20084452
18	392.354231013
19	6534.90802758
20	845.147964511
21	888.737789738
22	5216.40713468
23	271310.155102
24	3891.43433274
25	75880.4125428
26	10073.6366912
27	1395.82235177
28	1037.46247464
29	2743.7313694
30	469.39794064
31	6384.05244384
32	47124.3981256
