0	8.84357862414e+12
1	2.17212489942e+12
2	7.09146858351e+12
3	3.06933274209e+13
4	4.88548990407e+12
5	4.61536846499e+12
6	6.65773280727e+12
7	3.54719113058e+12
8	4.3306173887e+12
9	8.88093352111e+12
10	2.53389917425e+12
11	5.87006519469e+12
12	6.70623593889e+12
13	2.6232861154e+12
14	2.9846451494e+12
15	5.5143502314e+13
16	1.36913277766e+13
17	8.61551457974e+12
18	1.08542654654e+13
19	6.01085744083e+12
20	1.83437627552e+13
21	1.63640095594e+13
22	1.87127805684e+13
23	1.38350471683e+13
24	2.13143587171e+12
25	1.66059500736e+13
26	1.44715018046e+12
27	6.64495660394e+12
28	4.01043221437e+12
29	8.42646838547e+11
30	1.38005616367e+13
31	1.11859535288e+13
32	2.99294666717e+12
33	1.70056378412e+13
34	2.36818544516e+12
35	5.62982744357e+12
36	3.07648998328e+12
37	5.91507439003e+12
38	3.24383875916e+12
39	1.05276908639e+13
40	1.96116023555e+12
41	2.98123657872e+12
42	4.14555896179e+12
43	2.07780638666e+12
44	3.17087215614e+13
45	5.56825862463e+12
46	4.7365187256e+12
47	6.92306813313e+12
48	1.48484692142e+13
49	3.13921184204e+12
50	2.30248504158e+13
51	2.57426836943e+12
52	1.14151725905e+13
53	1.20223980192e+13
54	1.08203549795e+12
55	1.76409203526e+13
56	1.10395912559e+12
57	3.22467151449e+12
58	8.88625049266e+12
59	1.24318671701e+13
60	1.91302034305e+12
61	9.49439997588e+12
62	1.32378377574e+13
63	2.78710805641e+12
64	2.86824750279e+12
65	2.93861574576e+12
66	4.7753004623e+11
67	1.11607712889e+13
68	2.10693387823e+13
69	2.44583719557e+12
70	4.926524684e+12
71	3.49297691167e+12
72	9.06675494634e+12
73	1.57008820071e+13
74	8.97844814002e+12
75	5.32291296645e+12
76	2.86397001038e+12
77	2.99876910542e+13
78	6.91413745301e+12
79	1.08903835697e+13
80	6.5949536431e+12
81	1.05850890863e+13
82	1.53249105494e+13
83	5.95086527111e+12
84	3.39989742013e+12
85	1.1175078585e+13
86	1.77878513463e+13
87	4.85878078809e+12
88	7.09913991193e+12
89	1.27477257329e+12
90	2.41134501571e+12
91	4.94410538124e+13
92	2.30911406913e+12
93	1.09330493875e+13
