0	1.4676438073e+12
1	57693008994.9
2	5.71950740038e+11
3	7.46637575044e+11
4	1.78434785368e+11
5	1.82152678912e+11
6	6.46730797592e+11
7	4.08623637131e+11
8	8.55667281396e+11
9	3.99061837104e+11
10	2.56037628894e+11
11	3.03356484853e+11
12	3.32040637398e+11
13	2.92600804572e+12
14	1.45283533299e+11
15	1.57371463707e+11
16	1.83572505583e+11
17	3.99639292029e+11
18	1.45972374217e+12
19	5.47861471749e+11
20	3.04725411902e+11
21	2.73249550506e+12
22	1.10898675946e+12
23	5.6911327258e+11
24	1.96256629522e+11
25	2.62986397766e+11
26	1.49168752536e+11
27	6.25429483774e+11
28	1.5904061051e+12
29	1.75349779876e+11
30	2.44958953058e+11
31	71284097745.3
32	3.46412272411e+11
33	5.09968810686e+11
34	9.15111074886e+11
35	4.25917682167e+11
36	3.3358734428e+11
37	1.03026838441e+12
38	8.76126679755e+11
39	2.43012595883e+11
40	99960022690.1
41	60533826839.4
42	1.3481533742e+12
43	5.3595273354e+11
44	99019631110.9
45	1.23869525494e+11
46	2.18854651044e+12
47	1.49023106136e+12
48	3.2264332578e+11
