0	3.79340966371e+12
1	1.61029266369e+12
2	3.68056031613e+11
3	2.61893895049e+12
4	2.5848013441e+12
5	3.04075249755e+11
6	4.18706665867e+11
7	5.35819452644e+12
8	4.96229245052e+12
9	2.79349675127e+12
10	1.03375903105e+12
11	3.27246842629e+11
12	1.42813200773e+12
13	1.3673578875e+12
14	2.86171219435e+12
15	3.25842943076e+12
16	1.37110740064e+12
17	3.56395577968e+12
18	5.8798771746e+11
19	2.23237260032e+12
20	1.61926992783e+12
21	1.79865991479e+12
22	5.70073158018e+11
23	8.58322117432e+11
24	3.77847710233e+12
25	1.7604369139e+12
26	1.58679683254e+12
27	4.56605464722e+11
28	7.28234319872e+12
29	3.05895488868e+12
30	1.4775314698e+12
31	1.52603217132e+12
32	2.20241145288e+12
33	7.74725910253e+12
34	1.03269895821e+12
35	1.51147906024e+12
36	3.90604358824e+11
37	1.47787505007e+12
38	5.58557472978e+11
39	1.05379297751e+12
40	4.47117731015e+11
41	5.74829689865e+11
42	6.78387504558e+11
43	1.38475692065e+12
44	4.04459157628e+12
45	1.98409020283e+12
46	2.21314779046e+12
