0	1.24040836882e+13
1	9.34124071034e+12
2	2.27266720644e+12
3	8.18205811158e+12
4	2.81467262346e+12
5	1.11295536519e+13
6	3.18483860733e+12
7	1.4584979101e+13
8	1.46588053541e+12
9	2.46285874593e+13
10	1.74604568885e+12
11	2.67726480201e+12
12	1.1380716117e+13
13	3.39022975537e+12
14	3.74008021249e+11
15	4.36507300784e+12
16	3.9142609687e+13
17	2.0064982374e+12
18	3.06259953844e+12
19	1.99911512295e+12
20	1.4177254877e+13
21	2.47679694992e+12
22	5.50357937733e+12
23	4.65440813974e+12
24	1.37818920367e+13
25	2.91480527738e+12
26	1.37728503845e+12
27	2.65395780663e+12
28	1.89180765893e+12
29	3.27157968694e+12
30	4.83279323592e+12
31	1.62888688456e+13
32	1.04923522119e+13
33	4.5709026508e+12
