0	6.25977013993e+11
1	5.80914910386e+11
2	4.00634724946e+12
3	7.84617365976e+11
4	1.10830333884e+12
5	4.79202272399e+12
6	1.30199707248e+12
7	9.13466645129e+11
8	8.03495477612e+11
9	3.49302967769e+11
10	1.00390373153e+13
11	2.95429482356e+11
12	2.03638256121e+11
13	7.08416730948e+11
14	1.85856633083e+12
15	2.66290909752e+12
16	2.70064534048e+12
17	1.40542434422e+12
18	9.80346495857e+11
19	7.02505839072e+12
20	3.89296730377e+12
21	7.92861319178e+12
22	3.46468785882e+12
23	1.68977966822e+12
24	2.68411172668e+13
25	8.68178171054e+11
26	1.71833711542e+12
27	4.16306324394e+11
28	2.12350913004e+12
29	3.94709890855e+11
30	2.02372712428e+12
31	6.38043436878e+11
32	2.37005706047e+12
33	6.43077284356e+12
34	2.19517778919e+11
35	3.35831125569e+12
36	2.27973735981e+12
37	2.98422206621e+12
38	9.5781612804e+12
39	79438609907.3
40	1.49547733197e+12
41	2.39156442772e+12
42	1.04525857104e+12
43	6.09704250989e+11
44	3.16909923175e+12
45	2.13320607737e+12
46	4.15258804455e+11
47	5.6168944304e+11
48	1.0452101098e+12
49	1.1536357121e+12
50	6.36466570179e+11
51	5.48310344973e+11
52	7.68881235449e+11
53	2.37577180883e+11
54	1.78732033527e+12
55	5.50039264321e+11
56	2.88170602259e+12
57	1.30389667578e+12
58	4.17268668921e+12
59	66435443162.0
60	2.78601861984e+12
61	7.32714771158e+11
62	2.73994879843e+13
63	6.22782381142e+11
64	4.54374528602e+12
65	1.83632365234e+12
66	2.86287784759e+12
67	2.91227763459e+11
68	1.47901902326e+12
69	2.72254112835e+12
70	3.28099312322e+11
71	6.63309596882e+11
72	1.57211735765e+12
73	1.59753270308e+12
74	4.08210100748e+12
75	4.04226391238e+12
76	3.53444182053e+12
77	3.55323934196e+12
78	1.080007744e+12
79	9.72490269305e+11
80	1.87707727574e+12
81	4.52442829303e+11
82	6.09163702214e+11
83	3.83309744646e+11
84	7.45829096727e+11
85	2.68670975966e+12
86	5.19107398151e+12
87	7.18352590891e+11
88	4.84397296567e+12
89	8.95251013799e+11
90	2.11153668584e+12
91	5.98520553623e+11
92	3.09256927775e+12
93	3.69724206362e+12
94	7.02130851043e+11
95	4.94758894783e+11
96	2.17470586232e+12
97	1.53738349628e+12
98	1.35767978926e+12
99	5.0837553545e+11
100	7.97075770732e+11
101	1.10222397568e+12
102	1.35487383638e+12
103	7.53181481514e+11
104	4.20158770597e+12
105	4.21577952983e+11
106	1.25425610606e+13
107	7.44616429452e+11
108	2.79354342453e+12
109	1.34662033966e+12
110	1.55599846295e+12
111	2.40333261548e+11
112	5.04298499252e+12
113	7.0257730105e+11
114	5.3026021106e+11
115	3.2098749315e+12
116	3.0353816441e+12
117	1.03041772405e+12
118	4.63867064274e+12
119	1.46112127583e+12
120	5.42718029677e+12
121	5.8580771322e+12
122	4.63471749278e+12
123	1.67370504693e+12
