0	1.34573170698e+11
1	1.50986488072e+11
2	1.10475228937e+11
3	1.56481772171e+11
4	2.31457267843e+11
5	1.79217617745e+11
6	95366419154.6
7	1.38222834595e+11
8	7.9406190519e+11
9	44515124088.9
10	1.55739644974e+11
11	6.7891116232e+11
12	2.56777573734e+11
13	5.40813954173e+11
14	2.4789802044e+11
15	2.74786682856e+11
16	1.32012009934e+12
17	2.90801313294e+11
18	2.21388259393e+11
19	1.27933146691e+11
20	9.71963032174e+11
21	5.71523317572e+11
22	8.94696511686e+11
23	93679564740.2
24	1.65230012272e+12
25	2.49497961774e+11
26	94809406509.7
27	2.43546675727e+11
28	1.47265446795e+11
29	1.78321585752e+11
30	31610495515.8
31	1.23159774128e+11
32	1.42015581759e+12
33	1.71761784909e+12
34	1.34651235307e+11
35	1.02633771122e+12
36	1.03346670153e+11
37	1.23463985831e+11
38	4.49035338251e+11
39	17447433516.4
40	2.09444785858e+11
41	1.51174018602e+11
42	1.44411077847e+11
43	1.27011038996e+11
44	7.71006720046e+11
45	1.43384149939e+11
46	2.35738082577e+11
47	2.27429852543e+11
48	4.23009759524e+11
49	42655540811.7
50	2.27640963426e+11
51	1.01105012492e+11
52	33860768099.3
53	6.99119407601e+11
54	2.0033972378e+11
55	2.81014860806e+11
56	7.82327599991e+11
57	8.59297819033e+11
58	75856974138.3
59	92443207031.7
60	69401199541.9
61	3.08340163607e+11
62	85495550200.5
63	1.4156411949e+11
64	3.61088177583e+11
65	2.28627704413e+11
66	86485679400.8
67	4.48750679973e+11
68	18780744423.0
69	74940007844.2
70	71453711335.4
71	2.11368637406e+11
72	1.89310417559e+11
73	8.61748883105e+11
74	1.24895581966e+12
75	5.03343704461e+11
76	72129600277.8
77	2.14205010601e+11
78	2.75020077752e+11
79	4.91617179299e+11
80	7.91456513336e+11
81	34696917889.3
82	5.98487717548e+11
83	1.27054860126e+11
84	1.23477190976e+11
85	82373973684.1
86	1.21937124595e+11
87	1.81993679299e+11
88	2.6399082617e+11
