0	1.28253997138e+12
1	1.07009321448e+12
2	2.03588782574e+11
3	1.54279852141e+11
4	1.1892924567e+12
5	1.10046596943e+12
6	3.04269894986e+11
7	19666121620.8
8	5.27724813483e+11
9	9.33431735326e+11
10	3.75914846089e+11
11	2.37662159452e+12
12	3.05108887615e+12
13	2.36615716034e+12
14	1.55788817455e+12
15	2.35575662008e+11
16	1.63842609736e+12
17	1.01298286541e+12
18	2.27875934407e+12
19	4.17914107541e+12
20	1.33185450948e+11
21	2.20108769422e+11
22	5.6147174797e+11
23	2.52353266738e+11
24	2.99520349844e+11
25	76285145860.5
26	1.62538091231e+11
27	5.01610785051e+11
28	55117637735.6
29	1.13262030816e+12
30	7.42763371081e+11
31	1.11665553542e+12
32	3.47436210602e+11
33	3.93253371391e+11
34	3.06358048674e+12
35	1.48977881851e+12
36	8.10515440783e+11
37	5.42320213649e+11
38	4.40236073913e+11
39	1.10384845164e+12
40	1.17237570766e+11
41	1.3227595298e+12
42	5.1331487626e+12
43	2.34960768329e+12
44	2.25089084705e+12
45	2.85484255658e+11
46	1.40535011363e+12
