0	2.46607395923e+11
1	5.82770530137e+11
2	5.18369310618e+11
3	3.29187880739e+11
4	2.99729204956e+11
5	74121734385.8
6	8.56462903961e+11
7	4.70270951742e+11
8	3.6273471493e+11
9	1.22256974285e+11
10	2.26597437943e+11
11	9.91360544784e+11
12	1.09531271295e+11
13	5.4677110427e+11
14	1.16478926771e+11
15	2.61596750153e+11
16	1.09618593277e+11
17	1.44676738298e+12
18	1.15133845574e+12
19	6.35348311923e+11
20	2.58131140733e+11
21	5.10900288769e+11
22	5.04649588827e+12
23	8.18415010793e+11
24	4.5767085364e+11
25	6.06649915468e+11
26	3.87760897808e+11
27	2.68814829745e+11
28	2.11947208819e+11
29	1.09630553583e+12
30	1.5900409098e+11
31	3.42170522675e+11
32	4.42506428622e+11
33	1.29641633853e+11
34	9.08460403221e+11
35	2.82954182183e+11
36	1.44230486503e+11
37	1.54935650083e+11
38	4.87817649464e+11
39	4.3793562957e+11
40	5.75071865178e+11
41	1.11484026305e+12
42	80849710908.5
43	3.59321215069e+11
44	1.13520773305e+12
45	1.2952922025e+11
46	1.50009594325e+12
47	2.2572139267e+11
48	2.15395143454e+11
