0	1.1661887451e+12
1	1.31308315523e+13
2	7.3098660119e+11
3	8.09015562258e+11
4	2.01734741493e+12
5	2.79409685109e+12
6	5.89520073295e+11
7	5.09171472348e+11
8	5.29092814019e+11
9	1.60165516533e+12
10	4.66677189592e+11
11	1.23457092289e+12
12	3.03808515729e+11
13	6.66439492894e+11
14	4.01238675132e+12
15	1.21530845202e+12
16	1.02371264713e+12
17	4.07429252472e+11
18	1.05678236722e+12
19	5.63247433859e+11
20	1.42145700334e+12
21	3.08472107798e+11
22	1.34843579782e+12
23	1.16902901973e+12
24	5.74729355077e+11
25	5.20812781219e+12
26	4.17258224561e+11
27	1.66425473515e+12
28	9.05892106693e+11
29	1.17514108448e+12
30	2.86224142111e+11
31	1.77071472051e+12
32	4.69655763293e+11
33	1.49199603445e+12
34	1.11689009964e+12
35	9.06695292271e+12
36	8.9293633887e+11
37	4.29363162267e+12
38	3.082734345e+11
39	3.35353541907e+12
40	7.99934380871e+11
41	1.5632010407e+12
42	1.68052485305e+12
43	1.47430261536e+12
44	6.09022512754e+11
45	1.53821316169e+12
46	2.70531036225e+12
47	8.55439542132e+11
48	5.55011104593e+11
49	6.56878247878e+11
50	1.59094113448e+12
