0	1.09218000669e+12
1	5.51236705638e+12
2	1.49470772033e+12
3	8.0376821725e+12
4	2.325279821e+12
5	4.54587492111e+12
6	4.019550529e+12
7	1.13309893942e+12
8	2.43697833516e+12
9	8.96694137542e+12
10	6.88251692842e+11
11	3.33771191188e+12
12	1.25934467536e+12
13	9.27794852426e+12
14	2.53728792022e+12
15	3.70502770697e+12
16	1.10369151364e+12
17	3.6748858316e+13
18	9.63781789196e+11
19	6.64546505635e+12
20	2.32702294004e+12
21	2.71232723009e+12
22	5.9654062953e+12
23	8.94049388578e+12
24	1.98268163587e+12
25	6.56314784694e+12
26	2.57657847799e+12
27	1.9819015925e+12
28	1.90196690838e+13
29	2.03900839337e+12
30	6.93604365491e+12
31	5.93886935815e+11
32	1.33858165047e+13
33	1.07123325091e+12
34	5.78163946813e+12
