0	1.11632824504e+12
1	1.08964469931e+13
2	5.10023752641e+11
3	1.13947273499e+12
4	4.41503743232e+12
5	2.22044839979e+12
6	5.42644729341e+12
7	5.63638780109e+11
8	1.39048321522e+12
9	7.3707441103e+11
10	7.98921901778e+12
11	2.53242318916e+12
12	7.48874624777e+12
13	2.06930708062e+12
14	9.31280705645e+11
15	3.58727933393e+12
16	4.42752946625e+12
17	5.44151965139e+11
18	3.61351889996e+12
19	7.43844203677e+12
20	1.28255668386e+12
21	6.71731816202e+12
22	2.33984072679e+12
23	1.91297506288e+12
24	4.38418266317e+12
25	5.42969494862e+12
26	7.07714397718e+12
27	4.59765472232e+11
28	2.38617570597e+12
29	1.58173653366e+11
30	1.2561060116e+13
31	3.70293555325e+12
32	4.60531215683e+11
33	4.50971100127e+12
34	6.4731751254e+12
35	3.34663488293e+12
36	6.00487767963e+11
37	8.70657603144e+11
38	8.07912587145e+12
39	9.18353312275e+11
40	1.38439361216e+13
41	1.13057366081e+12
42	7.77410385582e+11
43	4.08993069441e+12
44	7.96036115053e+11
45	2.10386268539e+12
46	3.70587469428e+13
47	1.68669557583e+12
48	4.6986415458e+11
49	6.85540095076e+12
50	2.38484002184e+12
51	8.50518767967e+11
52	8.54063708301e+11
53	3.58340653281e+12
54	2.89566343226e+12
55	4.92240586228e+12
56	1.11030089652e+12
57	1.91785923687e+12
58	3.60968383853e+12
59	1.36409276575e+12
60	1.04638967869e+11
61	4.3504672436e+12
62	1.52504343029e+11
63	1.29897634116e+12
64	1.00513371574e+13
65	7.12419735678e+12
66	4.98814221076e+12
67	5.78817970219e+11
68	4.23647572164e+11
69	2.93892256645e+12
70	3.23376743577e+12
71	1.18791825226e+12
72	1.42679451482e+13
73	7.74504889389e+12
74	4.97191210081e+12
75	1.35383900249e+12
76	1.56793543431e+12
77	1.15936192514e+13
78	3.73154473896e+12
79	2.16702252826e+12
80	5.46583393407e+12
81	1.67446196574e+12
82	3.45198062744e+12
83	2.75676943038e+12
84	7.0969649664e+12
85	1.75378571443e+12
86	2.27513182227e+12
87	1.29895970763e+12
88	2.02164136693e+12
89	1.91648306523e+12
90	1.21320737867e+12
91	8.68634556837e+11
92	1.82587726149e+12
93	9.36320205633e+11
94	7.97454482026e+11
95	7.59303672092e+11
96	6.84408426031e+12
