0	7.87294449244e+11
1	1.16741871097e+12
2	3.10531203643e+11
3	3.62003457256e+11
4	3.89737639316e+11
5	9.44234530146e+11
6	2.73417310468e+12
7	1.21372781364e+12
8	2.30692781124e+11
9	3.12124695141e+11
10	4.50384977869e+11
11	1.13000889188e+12
12	2.84381744695e+12
13	3.89041596106e+11
14	1.91467435495e+11
15	3.55689268086e+11
16	1.06485463409e+11
17	5.37898626813e+11
18	2.19474429441e+12
19	5.68924714439e+11
20	6.5673842768e+12
21	2.98418930373e+11
22	5.07924006332e+11
23	2.2329734152e+11
24	2.04933419718e+11
25	9.53800099415e+11
26	2.09898506049e+12
27	4.70607080325e+11
28	3.23483606817e+12
29	1.95517443267e+11
30	7.08077824854e+11
31	2.21475018963e+11
32	3.25121061901e+11
33	91927508887.7
34	1.0658382227e+12
35	8.7519881254e+11
36	2.79908783628e+11
37	7.75410338701e+11
38	57137590576.4
39	4.59516933094e+11
40	1.30776030747e+11
41	3.67497637702e+11
42	4.30530772365e+11
43	2.60033533744e+11
44	9.70799426677e+11
45	1.31267644139e+12
46	1.41452441507e+12
47	7.79665891636e+11
48	43709260158.3
49	7.78946794559e+11
50	7.54740022159e+11
51	5.09495661634e+11
52	9.18365874383e+11
53	1.49541678454e+11
54	2.63181262875e+12
55	6.69881681956e+11
56	4.15229555469e+11
57	2.21747516503e+12
58	2.28146089028e+11
59	2.47613348236e+12
60	1.34511948028e+12
61	1.86605647425e+12
62	1.82017331333e+11
63	1.25428681581e+11
64	7.57275989511e+11
65	1.03473163311e+12
66	5.85571127256e+11
67	2.15477236155e+11
68	2.67613689759e+11
69	1.81723220067e+11
70	1.26600226377e+11
71	1.83009019805e+11
72	7.42040970702e+12
73	3.18018899646e+11
74	4.18777281215e+11
75	7.21178135763e+11
76	6.5174417108e+11
