0	4.9431269307e+11
1	2.80968334707e+12
2	1.38141040333e+11
3	1.1311410256e+12
4	1.51646736031e+11
5	3.02176374246e+11
6	3.16631582932e+11
7	7.85192465102e+11
8	8.57887829914e+11
9	1.71556840918e+11
10	1.53519722624e+11
11	5.29156280459e+11
12	6.19564560831e+11
13	3.34929219771e+11
14	8.07322523247e+11
15	9.01999004885e+11
16	2.98543796692e+11
17	2.17136305218e+12
18	7.90086380036e+11
19	1.79356571591e+11
20	5.54116165209e+11
21	79270411821.9
22	2.24024679029e+11
23	4.13436373736e+11
24	26834754033.2
25	2.72675141152e+11
26	1.03721956851e+12
27	2.90213416835e+11
28	4.3180778961e+11
29	55228466971.3
30	4.7528574382e+11
31	1.23546768802e+12
32	2.27340406017e+11
33	6.11561661057e+11
34	5.25547909715e+11
35	1.25184933595e+11
36	3.48072049473e+11
37	4.69698484916e+11
38	1.73006359808e+11
39	5.67357040696e+11
40	3.93912200472e+11
41	85217623811.4
42	1.86716449177e+11
43	3.91685877183e+12
44	1.26773942836e+12
45	2.14818994042e+11
46	1.86204720924e+11
47	2.78299886313e+11
48	1.97962968157e+11
49	1.69346210832e+11
50	3.17085469611e+11
51	1.85087169666e+11
52	1.75154064032e+11
53	1.24444078323e+12
54	3.57023417296e+11
55	1.39091597967e+12
56	7.12723740036e+11
57	1.76355888166e+11
58	2.18928156058e+12
59	3.27654134213e+11
60	4.03111912585e+11
61	2.51195928497e+11
62	2.16444701731e+11
63	77063230092.7
64	1.50579995414e+12
65	2.25647837732e+11
66	1.18857377688e+11
67	1.5781487034e+11
68	7.65056002033e+11
69	2.94460079809e+11
70	8.54789541476e+11
71	2.7376246798e+11
72	66283087906.2
73	1.03874538342e+12
74	1.40181001523e+11
75	1.67362745686e+11
76	1.96082167182e+12
77	5.33811299866e+11
78	5.09467207544e+11
79	3.6665837717e+11
80	4.43096803127e+11
81	1.57758432707e+11
82	2.3124763934e+12
83	1.19289919251e+11
84	3.36522267759e+11
85	6.56839506521e+11
86	5.19156051135e+11
87	4.60820380038e+11
88	7.2902045401e+11
