0	2.22260611002e+11
1	68055599203.1
2	2.86113222097e+11
3	79789801374.6
4	4.14195429887e+11
5	37589835387.1
6	1.00181756106e+11
7	1.64085609287e+11
8	45789387305.2
9	1.0548576949e+11
10	1.98622091873e+11
11	77912824794.7
12	1.27071956537e+11
13	1.05080979546e+11
14	3.95773056915e+11
15	1.71935651364e+11
16	57944670858.2
17	98649947583.9
18	2.18596389631e+11
19	44051178920.9
20	1.34333712329e+11
21	50801816314.5
22	70123935245.7
23	1.27162888254e+11
24	1.64009794125e+11
25	1.43911416535e+11
26	5.85957988184e+11
27	1.95260540599e+11
28	2.21079864536e+11
29	6.14430150238e+11
30	3.55739783851e+11
31	2.89869370905e+11
