0	4.73156559406e+12
1	4.26211227735e+11
2	3.61534734431e+12
3	1.13936271589e+13
4	4.84344709852e+11
5	3.14600250735e+12
6	3.05328339879e+12
7	4.22025136043e+12
8	9.52215879553e+11
9	4.01660366899e+11
10	2.1670501088e+12
11	2.95292056968e+12
12	2.28303571596e+11
13	2.64073046149e+12
14	3.31261389592e+11
15	1.60322966026e+12
16	1.3549980615e+12
17	1.82279612815e+12
18	1.1499204823e+11
19	2.40040941096e+12
20	7.84494315027e+11
21	3.43550735072e+11
22	5.11887769014e+12
23	9.13424046218e+12
24	7.05172619564e+11
25	7.13602006347e+12
26	4.66735968232e+11
27	1.13496246021e+12
28	6.33833659755e+12
29	1.70270245991e+12
30	2.55668139045e+11
31	3.98030517412e+11
32	4.07426407454e+11
33	5.63141609162e+11
34	1.37260669114e+12
35	3.29430600473e+12
36	1.37365392913e+12
37	1.51394704394e+12
38	1.29284702682e+12
39	5.01492383021e+11
40	1.10733588202e+12
41	3.39450217293e+12
42	1.34921803865e+11
43	7.82037561752e+11
