0	2.4180601115e+11
1	3.75007823724e+11
2	75211444940.4
3	41428212553.3
4	4.65290395055e+11
5	2.53156101559e+11
6	3.6612084961e+11
7	1.10245305477e+11
8	2.73918701355e+11
9	1.13793598445e+12
10	3.48602271087e+11
11	71488329527.5
12	2.5047266831e+11
13	5.44108892472e+11
14	96853643384.6
15	2.50329940196e+11
16	4.23375027514e+11
17	2.92161542366e+11
18	2.22699425508e+11
19	7.01195830245e+11
20	46548548213.5
21	39750900985.3
22	15479058078.1
23	2.08869829519e+11
24	3.81383021013e+11
25	58741436767.3
26	19357147145.6
27	3.40772189287e+11
28	1.07090729e+12
29	92608687262.6
30	65285365697.4
31	3.38305845928e+11
32	1.15964794608e+11
33	6.51069017536e+11
34	8.62100540569e+11
35	4.05063534776e+11
36	3.00859858785e+11
37	1.5261160164e+11
38	77541102594.6
39	81935846308.3
40	3.15016089626e+11
41	1.70574205058e+11
42	2.86683055109e+11
43	1.08490018822e+11
44	30526491096.2
45	93823208345.6
46	2.08708728092e+11
47	1.08561026521e+11
48	2.09618634717e+11
49	5.73744374165e+11
50	3.18600361344e+11
51	40236676633.5
52	1.04420022668e+11
53	1.0772782054e+11
54	5.16237307201e+11
55	4.19080920222e+11
56	25124858479.0
57	1.58637025166e+11
