0	2.90372146478e+12
1	2.08281685033e+11
2	1.2424936895e+12
3	1.11006153034e+12
4	1.50689614707e+12
5	8.85231707256e+11
6	1.90045708019e+12
7	4.62511480014e+12
8	1.19665583522e+12
9	9.73882848556e+11
10	8.22001550143e+11
11	1.37928466443e+12
12	5.7898170165e+11
13	1.3165264018e+12
14	2.28007275355e+11
15	6.21574680425e+12
16	3.35492884337e+12
17	3.41995255888e+12
18	1.25160708386e+12
19	8.5582662321e+11
20	9.61472292928e+11
21	4.00890562484e+11
22	81015331981.2
23	1.45152784914e+11
24	1.12831115373e+12
25	5.81733621158e+11
26	6.35384750318e+11
27	1.50233624291e+12
28	1.13678793523e+11
29	9.90691048146e+11
30	2.67166861425e+11
31	1.72142879099e+12
32	2.33482562452e+12
33	3.42670799838e+12
34	2.64697834303e+11
35	5.52797891366e+11
36	5.21262799448e+11
37	1.26882693463e+12
38	9.42682301565e+11
39	4.70254949995e+11
40	5.05049511296e+12
41	7.23393683758e+11
42	1.40680399882e+12
43	3.20838518406e+12
44	3.75994516027e+12
45	3.41806201082e+11
46	3.36387210236e+12
47	9.62765993809e+11
48	2.14274093419e+12
49	1.16747455917e+12
50	1.46049401066e+12
51	7.77933369294e+11
52	4.92089092591e+11
53	4.10243183719e+11
54	1.73418424388e+12
55	6.98045757094e+11
56	4.82621307995e+11
57	3.55953598541e+11
58	9.16792437323e+11
59	5.00797138473e+12
60	6.63822227543e+11
61	7.8181145827e+11
62	1.55223050719e+12
63	5.31190354763e+11
64	1.80825563408e+12
65	1.64795337612e+12
66	2.72749276189e+11
67	2.32642709327e+11
68	2.42666778886e+12
69	1.87589010735e+12
70	7.46356644972e+11
71	1.03014403054e+12
72	5.00530742033e+11
73	1.52721372791e+11
74	1.63735172992e+12
75	3.78548055471e+11
76	1.21761446732e+12
77	1.73197119573e+12
78	1.42442394085e+12
79	1.82615255265e+12
80	6.78982916804e+11
81	2.8519787679e+12
82	1.68772829777e+12
83	1.35055759728e+12
84	5.20906977564e+11
85	3.34525224632e+11
86	1.38075322686e+12
87	7.30174463956e+11
88	9.64724289859e+11
89	7.42834337291e+11
90	4.12570016192e+11
91	3.45528251726e+11
92	7.5213158391e+11
93	7.70622565775e+11
94	3.50324493828e+11
95	2.97947482559e+12
96	5.68435530912e+11
