0	3.85952086175e+11
1	8.64909039721e+11
2	1.83406193189e+11
3	6.07079406456e+11
4	3.4923343111e+11
5	2.4128793519e+11
6	4.17276588896e+11
7	2.54019988698e+11
8	80732180073.4
9	1.28679682248e+11
10	7.487896618e+11
11	1.20924101977e+11
12	1.76329663684e+12
13	9.98455594075e+11
14	6.006900985e+11
15	1.33829178393e+11
16	27278186536.2
17	4.67976920725e+11
18	2.57448461821e+11
19	4.48121161106e+11
20	7.63932672916e+11
21	1.39503561834e+11
22	2.05150358503e+11
23	2.98183364807e+11
24	1.82372175327e+11
25	6.78792965753e+11
26	3.79896204438e+11
27	1.87504029823e+11
28	2.94370496744e+11
29	2.86552107155e+11
