0	2.20081763733e+12
1	1.61950379602e+12
2	2.79822530134e+11
3	4.25561052955e+11
4	7.99662311377e+11
5	1.75060156357e+12
6	1.31878942112e+13
7	1.44075563998e+12
8	3.93613961766e+12
9	9.86829866841e+11
10	2.95522194167e+12
11	2.21991865901e+12
12	3.20979576023e+12
13	8.5057728736e+12
14	6.26677299808e+11
15	5.00145939451e+11
16	1.49015646708e+12
17	2.60697890034e+11
18	9.63673711088e+11
19	2.2316423362e+12
20	3.67000892271e+12
21	1.63378232476e+12
22	8.60108308685e+12
23	9.86899633311e+11
24	2.57256042119e+12
25	6.54951371387e+12
26	1.30605020817e+12
27	3.07116247854e+12
28	2.81241061285e+12
