0	5.14797479157e+11
1	1.71738117149e+12
2	1.62818497505e+12
3	9.2438282617e+11
4	6.31374180503e+11
5	8.81852238047e+11
6	2.86886757146e+12
7	8.3634789341e+11
8	7.69344044288e+11
9	1.44197546211e+11
10	2.28016877448e+12
11	4.1236306852e+11
12	7.65150742722e+11
13	2.60881543136e+11
14	3.02631022007e+12
15	4.06322017244e+11
16	2.38856365636e+12
17	1.23775738778e+12
18	3.22887478758e+11
19	1.11876872653e+12
20	2.51563101438e+11
21	2.45075827687e+11
22	4.69033893799e+12
23	1.78788453041e+12
24	3.52342935578e+11
25	3.50710916584e+12
26	1.41685731571e+12
27	2.83263697309e+11
28	9.00133774969e+11
29	1.3727600823e+12
30	2.51631112409e+12
31	2.07598776346e+12
32	1.35748775281e+12
33	5.84103108118e+11
34	3.58681719737e+12
35	8.38589077184e+11
36	1.26871755894e+12
37	4.03583835678e+11
38	1.51508176295e+12
39	90664885555.4
40	7.41331870204e+11
41	1.8386215962e+12
42	1.11144558039e+11
43	1.9923763986e+12
