0	5.1308346578e+11
1	1.84015397756e+11
2	8.22292248427e+11
3	2.74404791115e+12
4	1.2549294639e+12
5	9.02294489304e+11
6	1.82311233927e+12
7	4.13876816267e+12
8	5.40917532051e+11
9	1.23080563695e+12
10	8.89763733826e+11
11	7.50146461285e+11
12	6.3762474908e+11
13	3.66406669798e+12
14	1.20792191198e+12
15	3.46951876337e+11
16	2.31724459795e+12
17	1.61662710037e+11
18	2.09808431245e+12
19	6.17100553878e+11
20	3.42247190189e+12
21	4.58921583618e+11
22	97809809659.8
23	1.48318982005e+12
24	7.33317636089e+11
25	2.3069120275e+11
26	1.53427529237e+12
27	4.62189282985e+11
28	2.52849812481e+12
29	2.68919985592e+11
30	3.21059089607e+11
31	8.03762219582e+11
32	2.45932453423e+11
33	3.11844683907e+11
34	1.73450178719e+12
35	7.20899211719e+11
36	1.47595249914e+11
37	6.6889299245e+11
38	5.51849899788e+11
