0	6676684165681.934
1	7073947808059.313
2	177025229005.12814
3	712434244374.2588
4	2591991554331.974
5	147795035727.79083
6	399084814708.84564
7	480228069569.92535
8	233371618931.14963
9	1462175982722.5498
10	393102371750.40784
11	7628817514651.924
12	391756736765.87054
13	282381597616.8111
14	10663917974688.217
15	64525329775.67734
16	455812348160.7061
17	260081207491.35294
18	163233242939.6646
19	1150789902954.014
20	2173114981514.0132
21	819997758659.2502
22	745102623927.559
23	2490473384908.3057
24	149210426800.73944
25	526443620998.4193
26	71709416964.40617
27	71016267511.49126
28	1576537383660.2642
29	747410396851.7921
30	101701076918.23976
31	2025690661262.576
32	593628694255.1237
33	226324022470.9851
34	523628650069.01483
35	1212534499349.043
36	713722563495.5837
37	851311060196.3237
38	851262955843.0984
39	465183313944.05493
40	46561752975.43874
41	1500868236237.2722
42	1043899140177.8284
43	485609770770.66327
44	6745154502142.202
45	653227742856.3142
46	482689816903.12915
47	3324466145293.2915
48	3696594077042.147
49	13418859583845.924
50	216531412534.5387
51	929567556642.1655
52	1414385750771.9712
53	818075931559.4897
54	166923360809.11676
55	1044232360588.7283
56	971119380789.352
57	1131156458294.556
58	7514130177585.489
59	351033737081.67706
60	3377947216033.1797
61	571238350818.1633
62	2520199067777.7935
63	1645030094075.2375
64	1558024084151.8652
65	20432019584.092113
66	1097449552213.8868
67	98768161245.274
68	287960661387066.4
69	205537625458.36166
70	1304459132218.6155
71	207900368598.2802
72	1269093872677.9792
73	296044822343.03217
74	580670001330.9279
75	485109959957.5373
76	255545582958.14676
77	1064483755565.6128
78	2989034174946.6147
79	503313699077.1565
80	52514070604.202934
81	1067528723125.9872
82	60505903343.8131
83	87039187983.23566
84	1472316642561.9814
85	1929792945658.68
86	215663213023.8042
87	751933879920.4568
88	684825243965.7543
89	106526911049.03717
90	3639664721289.0522
91	531450489169.8956
92	889714501124.8778
93	317859322744.4191
94	2055610883140.9565
95	22835902560024.098
96	1475588499652.6619
97	2243551722040.5835
98	52751328456.463
99	10259093386.317648
100	52317859556.97144
101	5667127000081.885
102	586799700786.8032
103	7448325459124.375
104	48407990777.37334
105	286463827132.7618
106	63908891424.99864
107	121889920791.09872
108	259935360750.68988
109	193600135069.40115
110	55406298425.95389
111	475654704567.4143
112	2591098351353.723
113	479220299290.2559
114	7698200847023.139
115	7889492272.426132
116	5135722814522.327
117	29337025072.645447
118	25286969986458.344
119	1920403794389.9148
120	9215548472287.363
121	903097595545.0989
122	3494567821506.6484
123	88459717439.84042
124	4176508905568.6147
125	19068089399.937283
126	6134004741172.393
127	7514531967.326392
128	19149863350891.484
129	212795271496.19235
130	9705034688304.03
131	2110293683770.1094
132	648181004746.3868
133	20152573211.01917
134	690010039398.0079
135	393729230176.5277
136	47375825440.396286
