0	1.10104442769e+12
1	1.84441322634e+11
2	4.04718058533e+12
3	4.63111746971e+12
4	1.28643975582e+12
5	1.52345007638e+12
6	1.32332927326e+12
7	1.93368210082e+12
8	6.07021181153e+12
9	3.56130850732e+11
10	2.23293960921e+12
11	8.33826344789e+11
12	1.54458800231e+13
13	2.39971980726e+12
14	9.70899524518e+11
15	3.44218679581e+12
16	1.21292250382e+12
17	6.86717972321e+12
18	3.06508090595e+12
19	1.01060906894e+12
20	1.21316364438e+12
21	2.36647260291e+12
22	2.23249836631e+12
23	3.1571899149e+11
24	1.23441306099e+12
25	2.15150505786e+12
26	1.00208322662e+11
27	5.95746721847e+11
28	1.3686099926e+12
29	8.81725426054e+11
30	2.25329344929e+12
31	1.95337977477e+12
32	4.42051109001e+12
33	1.85181969999e+12
34	1.56301160666e+12
35	4.29331246855e+12
36	1.56064409768e+12
37	3.43624175284e+11
38	2.58399077139e+12
39	5.9600121329e+11
40	3.22688972078e+12
41	3.62296478025e+12
42	2.3441422173e+12
43	5.55125230505e+11
44	3.22108427599e+11
45	5.45670811399e+12
46	3.49656897817e+11
47	3.75929520259e+12
48	2.97705215211e+12
49	4.06904572501e+12
50	1.00415495562e+12
51	5.13979818197e+12
52	7.29167071386e+11
53	4.84131937582e+12
54	6.69941926677e+12
55	4.73061390777e+12
56	8.74374994094e+11
57	3.56356373107e+12
58	8.16465020358e+11
59	4.746383938e+11
60	2.95493646611e+12
61	1.86267048677e+12
62	9.56438387485e+11
63	4.25612928695e+12
64	1.20566614448e+12
65	7.00878763955e+11
66	1.17982247963e+12
67	3.52269577867e+11
68	1.45908288652e+12
69	2.61274501807e+12
70	4.70213054541e+12
71	7.16306363281e+11
72	8.33495985165e+11
73	6.3319938216e+11
74	7.57127010042e+12
75	3.95684048686e+12
76	1.51662763866e+12
77	1.56067008047e+12
78	4.33460051106e+12
79	9.47946775007e+11
80	9.16565597622e+12
