0	2.51891431973e+12
1	7.88128752165e+11
2	3.62822576557e+11
3	9.7978106812e+11
4	1.28091334524e+11
5	1.11288880431e+12
6	2.41978271173e+11
7	1.56750259822e+12
8	3.16629703961e+11
9	4.03813461706e+11
10	7.74903556149e+11
11	2.29667905808e+12
12	8.4178084655e+11
13	2.1082193313e+12
14	1.3290221958e+12
15	1.27492233759e+12
16	1.31394506669e+12
17	4.08458485502e+12
18	4.23072900186e+11
19	2.46968347966e+12
20	2.81561850015e+12
21	3.52787945471e+11
22	6.94160095998e+11
23	6.45364176366e+11
24	2.19199814175e+12
25	1.2701302703e+12
26	8.14824201329e+11
27	3.40630648154e+11
28	1.42080939232e+12
29	1.20471552471e+12
30	1.63155522235e+12
31	2.00151053063e+11
32	3.82241747537e+12
33	1.6381124589e+12
34	1.46055190595e+11
35	2.83993653225e+12
36	3.98574004994e+11
37	1.50001461609e+12
38	2.27306196927e+12
39	6.36586578889e+11
40	1.85180647746e+12
41	3.70292231261e+11
42	1.24021014632e+12
43	6.36786342328e+11
44	1.10851417789e+12
45	3.31666886357e+11
46	2.14571375146e+12
47	1.42430304895e+12
48	2.28828431452e+12
49	9.25572236332e+11
50	3.38103577337e+11
51	4.18422208997e+12
52	9.865348369e+11
53	5.9890165212e+11
54	8.54924111998e+11
55	7.90201267461e+11
56	1.25345675763e+12
57	5.26905147834e+12
58	4.05819357522e+11
59	2.0252245874e+11
60	2.8854554171e+11
61	1.80956677226e+12
62	8.41733224065e+12
63	1.51069047992e+12
64	2.73143332176e+11
65	7.40599318403e+12
66	4.46044520922e+11
67	2.34083690339e+12
68	2.065671942e+12
69	5.95182675137e+11
70	6.87807439586e+12
71	4.34514154124e+11
72	1.80725592566e+12
