0	6.68553477336e+11
1	8.75618246071e+11
2	1.69677701497e+11
3	3.56048705465e+11
4	3.86744101673e+12
5	1.39303337506e+12
6	2.19180775198e+11
7	2.54349173734e+12
8	2.63247225206e+11
9	8.49842522042e+11
10	2.53722495246e+12
11	4.28920107649e+11
12	2.51209067404e+11
13	1.5797095613e+11
14	1.40564976058e+12
15	2.71127843277e+11
16	1.00860530045e+12
17	8.54348294129e+11
18	2.0022544553e+11
19	2.01625249841e+12
20	1.55818470452e+11
21	1.95168507525e+11
22	47248608303.4
23	1.82394833993e+11
24	3.90553822475e+11
25	3.4880566782e+11
26	3.9932875291e+11
27	93300193886.1
28	3.49295526903e+11
29	3.72907209837e+11
30	6.70114586797e+11
31	3.89704346772e+11
32	9.21047538066e+11
33	91014450726.0
34	6.89739331151e+11
35	1.66345914408e+11
36	1.23611878353e+11
37	1.59480914587e+11
38	8.47027138535e+11
39	5.79868041636e+11
40	1.02852947999e+12
41	1.92041079808e+12
42	4.34981985773e+11
43	5.11786001086e+11
44	1.00499593631e+12
45	2.23829356773e+12
46	5.00951856197e+11
47	1.38031459011e+11
48	3.41157024477e+11
49	4.6370586864e+11
50	5.14119322575e+11
51	6.67424374966e+11
52	2.78260842844e+11
53	1.43455629769e+11
54	3.461407181e+11
55	1.28793999749e+11
56	3.9752848635e+11
57	2.37242196453e+11
58	30899264040.1
59	1.31630124204e+11
60	5.45295182896e+11
61	9.32606399073e+11
62	1.56080758591e+11
63	9.70503205146e+11
64	2.12355598619e+11
65	1.0912964593e+12
66	9.72991396917e+11
67	6.68941848042e+11
68	5.62200772971e+11
69	55248901141.2
70	3.57648303791e+11
71	1.67925865972e+12
72	4.15118579885e+11
73	3.43439258402e+11
74	2.91352291737e+11
75	4.88687440957e+11
76	1.17298026318e+12
77	1.94763630064e+12
78	3.86636308506e+11
79	2.73698611518e+11
80	3.82899115611e+11
81	5.06420482138e+11
82	1.21935203809e+12
83	8.57986553442e+11
84	1.10037000667e+11
85	3.88930965803e+11
86	2.06850511408e+12
87	1.95486504505e+12
88	2.93717035893e+11
89	6.7930147759e+11
90	2.41805180098e+12
91	1.98602063381e+12
92	2.93642940612e+11
93	1.45257738274e+11
94	3.69570075733e+11
95	1.16018687711e+11
96	4.8216823952e+11
97	9.83076540948e+11
98	4.67984435228e+11
99	1.07869795927e+12
100	9.23851353589e+11
101	1.69957386176e+11
102	5.56090425485e+11
103	1.51032652226e+11
104	8.87651673495e+11
105	3.10819474346e+12
106	4.74985642983e+11
107	2.78462094519e+11
108	1.84190597451e+12
109	3.06198529871e+12
110	3.39059399539e+11
111	3.44814840666e+11
112	2.76556777497e+12
113	1.07411123608e+12
114	2.88459087498e+11
115	1.08089441915e+12
116	1.84944169034e+12
117	2.69194975879e+11
118	1.85259349302e+12
119	2.10425756343e+11
120	3.92861537007e+12
121	6.64473746857e+11
122	96706137818.5
123	6.57316517505e+11
124	8.24368057901e+11
125	1.96064764989e+11
126	1.8950734132e+11
127	4.28726985021e+11
128	6.21379170924e+11
129	3.52284749366e+11
130	5.2868365459e+11
131	1.93917959607e+11
132	97925416272.7
133	3.92658935201e+12
134	3.80869257376e+11
135	2.38027835761e+11
