0	1.52564336777e+11
1	1.26388716928e+11
2	59739287535.7
3	5.02366846572e+11
4	5.14678996301e+12
5	5.04974913468e+11
6	5.68560422753e+11
7	2.99073768782e+11
8	3.76151590932e+11
9	3.64400066195e+11
10	1.8825182131e+12
11	1.00509095357e+11
12	1.81355121202e+11
13	8.96663902295e+11
14	2.36826330155e+11
15	1.88846320928e+11
16	1.66178452152e+11
17	1.28406616478e+12
18	5.75465222617e+11
19	1.43666591934e+12
20	1.79638249207e+11
21	1.16124794833e+12
22	2.12026598082e+11
23	3.56545815836e+11
24	2.7936187943e+11
25	5.35191415847e+11
26	5.85504520477e+11
27	3.09091828852e+11
28	7.24446169845e+11
29	67066512989.3
30	1.56305214634e+11
31	2.4841654388e+12
32	85282396768.2
33	2.58445872759e+11
34	3.76482657862e+11
35	2.11247384329e+11
36	9.43625584097e+11
37	1.18200590695e+12
38	2.81290155393e+11
39	2.06689200175e+11
40	1.31830192403e+11
41	5.32165346627e+11
42	1.35630374316e+11
43	9.64821670662e+11
44	7.66800376411e+11
45	3.7890600816e+11
46	8.05072972472e+11
47	2.84533183251e+11
48	1.30011470271e+11
49	1.18382286403e+11
50	8.66230376999e+11
51	3.89640895319e+11
52	2.22272403401e+12
53	8.14462536433e+11
54	4.34602303327e+11
55	1.77274767597e+11
56	6.11703799244e+11
57	1.45118437145e+11
58	1.07440382887e+12
59	5.43080852098e+11
60	1.50003191358e+12
61	3.26857030285e+11
62	4.97434523443e+11
63	8.91886132686e+11
64	2.60714400621e+11
65	2.75301681012e+11
66	89909838299.5
67	2.62326470018e+11
68	9.14630840559e+11
69	7.24353961556e+11
70	7.85919257839e+11
