0	1.95703377151e+12
1	6.9874563037e+11
2	9.11583793915e+11
3	3.393970003e+11
4	1.99570423379e+12
5	6.33664824815e+12
6	5.43585761956e+11
7	5.3827983904e+12
8	8.5124607585e+11
9	9.87862168942e+11
10	1.08900308662e+13
11	2.68390746648e+12
12	4.77928933512e+11
13	4.6544090268e+12
14	5.32521872326e+11
15	8.67985300983e+11
16	3.3643793037e+11
17	9.91619907933e+11
18	3.49016734395e+11
19	1.69856715058e+12
20	3.68103280354e+11
21	5.80929861767e+11
22	1.77359130727e+12
23	4.72413713295e+11
24	1.75404411689e+12
25	2.67954252047e+12
26	1.10769306921e+13
27	3.5952145787e+12
28	2.91541890649e+12
29	3.66999539918e+11
30	3.67204603347e+11
31	2.25955735076e+12
32	8.06995247783e+11
33	1.25785615762e+12
