0	4.18838254883e+11
1	3.45578629571e+11
2	1.88749835672e+11
3	5.92097183241e+11
4	2.08843565635e+12
5	1.70990663541e+11
6	1.71937583613e+11
7	4.72705234854e+11
8	21442276240.8
9	4.75884524256e+11
10	1.80378361005e+11
11	2.18453989128e+12
12	4.33460213282e+11
13	3.09361677493e+11
14	1.93534093784e+12
15	1.75674729905e+12
16	3.56462796451e+11
17	1.74904301175e+12
18	1.71748527829e+11
19	8.10202357552e+11
20	3.09974753216e+11
21	4.06100095442e+11
22	8.45605978919e+11
23	1.05143359327e+12
24	46068688056.4
