0	1.05016709498e+11
1	1.26353074668e+11
2	76817257481.5
3	89490567385.9
4	1.45682407637e+11
5	3.52752671841e+11
6	92614471944.7
7	76855400779.0
8	71407033959.2
9	62378250212.6
10	1.36867379359e+11
11	10656115931.4
12	28907775558.6
13	5.53411561333e+11
14	93893903347.8
15	14915499509.2
16	1.01722847469e+11
17	8068739505.34
18	1.84097372155e+11
19	65655523763.2
20	2.32971000926e+11
21	52653883379.9
22	61137312104.3
23	1.93341477105e+11
24	84792189215.6
25	25103954393.7
26	2.68191968722e+11
27	65787565662.4
28	2.16674952626e+11
29	4.40398418014e+11
30	61976677333.4
31	45058125839.8
32	65533837387.7
33	2.54507552121e+11
34	1.01107161657e+12
35	1.48915671555e+11
36	6.60898295091e+11
37	1.58766124138e+11
38	40660665901.5
39	4.52120651686e+11
40	50564897062.6
41	1.03187610178e+11
42	15420374369.5
43	1.25493271361e+11
44	17122878378.3
45	24818340418.1
46	76300720194.9
47	64483745716.7
48	1.62594670954e+11
49	6006258612.33
50	1.21400996676e+11
51	2.15554185002e+12
52	79081049685.1
53	15753307758.3
54	73639823583.5
55	23262369659.5
