0	8.08671893578e+11
1	4.7155848494e+11
2	4.80564597976e+11
3	4.59272257374e+11
4	8.49174494418e+11
5	5.09002890247e+11
6	3.19749805867e+11
7	2.31475070828e+11
8	6.87412502248e+12
9	1.82880971146e+12
10	1.43070969527e+12
11	5.10635067048e+11
12	7.33778904291e+12
13	7.11558048475e+11
14	6.28336073272e+11
15	1.01099245635e+12
16	2.15252204837e+12
17	1.25045866439e+12
18	1.93215892178e+12
19	7.98049487962e+11
20	2.21337983291e+11
21	6.8758971437e+11
22	3.89819800804e+11
23	3.67338005278e+11
24	7.09265316627e+11
25	2.21907579583e+12
26	5.86715518373e+11
27	4.48236655514e+11
28	1.1933329037e+12
29	1.25725336475e+11
30	5.90931717407e+11
31	3.79178006278e+11
32	5.82845118229e+11
33	9.26877429435e+12
34	1.78858164205e+12
35	1.46778168653e+12
36	1.17833871495e+12
37	1.65153086213e+12
38	3.92530908291e+11
39	1.45207285004e+12
40	5.06248895779e+12
41	6.81039701067e+11
42	4.01024338311e+11
43	4.79336632649e+11
44	1.04547420367e+12
45	2.11387098993e+11
46	4.26192964662e+12
47	6.07470882293e+11
48	1.38105789261e+11
49	1.39343564076e+12
