0	2.4792119741e+11
1	48544909981.2
2	3.1979411452e+11
3	1.26076150304e+11
4	40711468068.6
5	30321988458.8
6	1.43447057277e+11
7	62353930604.5
8	1.5233072565e+11
9	2.23328746852e+11
10	1.09041487637e+11
11	1.0089714874e+11
12	3.986140284e+11
13	5.36345459367e+11
14	9.62936206863e+11
15	85721530901.5
16	2.07560955738e+11
17	2.3973376859e+11
18	49333496496.2
19	75416317881.9
20	2.61257621226e+11
21	1.85320666309e+11
22	2.89727742062e+11
23	1.92320978744e+11
24	1.20353524064e+11
25	48553158231.2
26	1.27804296949e+11
27	3.21365381184e+11
