0	4.70396776896e+12
1	3.49202559788e+12
2	4.04505265407e+12
3	3.42456397857e+12
4	1.25304214923e+13
5	6.36420216393e+12
6	2.75974593344e+12
7	3.01891714108e+11
8	1.61963863862e+13
9	7.21914353832e+12
10	6.97311643886e+11
11	1.14370768028e+13
12	5.08505300625e+12
13	2.92106386276e+12
14	1.7249964465e+12
15	8.73167956592e+11
16	3.37754551019e+12
17	1.24242273247e+12
18	1.88826994991e+12
19	4.60200495918e+12
20	1.59384228329e+12
21	9.90869576986e+11
22	1.05150003637e+13
23	6.6913581305e+12
24	4.87686108601e+11
25	1.57176968066e+12
26	3.01426889935e+11
27	7.92409188336e+12
28	1.87834860838e+12
29	4.9950188665e+11
30	1.20532437564e+13
31	7.13405704386e+12
32	6.36063664592e+12
33	3.56040883731e+11
34	3.52406575842e+12
35	3.75759591543e+11
36	2.36328991838e+12
37	1.0151715822e+13
38	2.45468770294e+11
39	3.02374545427e+12
40	1.53328750133e+12
41	1.65773070494e+12
42	1.15023330551e+12
