0	2.02411760594e+11
1	3.49954849396e+12
2	2.14135783975e+11
3	9.70969876763e+11
4	1.35400626901e+12
5	3.89355736237e+12
6	8.70493005326e+11
7	1.40461318982e+12
8	2.09956695402e+12
9	2.8367833697e+11
10	8.07464261968e+11
11	5.19865603007e+11
12	2.63668814677e+12
13	1.74477522061e+13
14	2.87828068001e+12
15	3.84373501331e+11
16	5.08563760848e+12
17	3.1920756636e+12
18	3.30113787535e+11
19	1.44898073983e+12
20	2.1252068541e+12
21	7.97913728425e+11
22	5.19949932169e+12
23	96331389800.0
24	2.65924106931e+12
25	5.9377231108e+11
26	3.18139016377e+11
27	8.18477970903e+11
