0	3.66998402524e+11
1	2.53725550105e+11
2	3.22298438142e+11
3	3.12401110628e+11
4	1.73227975747e+12
5	3.04994754058e+11
6	1.38140048775e+12
7	3.74114540781e+11
8	4.54529092388e+11
9	3.52166510699e+11
10	8.20370867723e+11
11	7.43379900964e+11
12	3.44519553758e+11
13	5.65485873861e+11
14	1.29877370513e+12
15	3.19121424113e+11
16	1.6347122383e+12
17	1.88306474226e+11
18	2.63844926737e+11
19	2.04478221247e+12
20	7.3596795275e+12
21	1.50067861755e+11
22	4.51902153525e+11
23	1.97615889467e+11
24	86659062280.2
25	7.80681064904e+11
26	3.30539407362e+11
27	5.31787251863e+11
28	2.78449603106e+11
29	5.13658777776e+11
30	2.73701670739e+11
31	8.86553652469e+11
32	4.87037291239e+11
33	1.85771774197e+12
34	1.31609601494e+11
35	4.21662862397e+11
36	4.64942490366e+12
37	1.17672011592e+11
38	2.39116017413e+11
39	1.90286173988e+11
40	6.82848871056e+11
41	1.98886883224e+11
42	5.99191177093e+11
43	1.22218469984e+12
44	5.0146597589e+12
45	5.23484873229e+11
46	1.04599458427e+11
47	1.2604176103e+12
48	6.16050238403e+11
49	6.22038238949e+11
50	1.00145704067e+12
51	5.07981689963e+11
52	4.18700222835e+11
53	1.18566070119e+12
54	7.6900401099e+11
55	2.3717683163e+11
56	1.97961386651e+11
57	1.96050556932e+11
58	2.41018183981e+11
59	6.07464553625e+11
60	3.49096666928e+11
61	2.65313018554e+11
62	7.1027948587e+11
63	2.11092103305e+12
64	5.70122876616e+11
65	94815464879.0
66	1.2813191712e+12
67	1.17121780328e+12
68	2.62619031514e+11
69	2.73274494611e+11
70	2.83590370526e+11
71	1.1293661526e+12
72	7.38681171618e+11
73	6.67345230318e+11
74	1.58969146553e+12
75	6.13198780272e+11
76	2.73574865328e+11
77	1.54391902288e+12
78	9.54660506233e+11
79	1.380109851e+11
80	6.5532321021e+11
81	2.03134040016e+12
82	7.43702010209e+11
83	1.92857276915e+11
84	3.07143273766e+11
85	8.15852153409e+11
86	2.46817732897e+11
87	2.46572117473e+11
88	5.3339842546e+11
89	4.47277154762e+11
90	1.17124232284e+12
91	2.33255105896e+11
92	1.16469669357e+12
93	1.36620376415e+11
94	3.299941028e+11
95	3.54814011554e+11
96	1.14290934152e+12
97	2.18429172409e+11
98	5.01926995088e+11
99	8.08315697414e+11
100	4.55853550087e+12
101	4.78909079397e+11
102	3.38969959206e+11
103	5.09299746818e+11
104	8.64567200034e+11
105	1.5897360161e+12
106	2.13580280888e+12
107	8.71882825636e+11
