0	3.04484901992e+12
1	7.53050817059e+12
2	2.80792804058e+12
3	8.08524181793e+11
4	1.540563426e+12
5	3.03325215903e+12
6	2.67812781922e+12
7	2.66583050773e+12
8	1.14931141491e+12
9	1.41432019578e+12
10	1.35606019081e+12
11	4.21526560905e+12
12	3.27945578051e+11
13	3.18887650911e+11
14	2.55222240907e+12
15	5.40740376725e+12
16	2.14973348443e+11
17	1.3939486678e+12
18	3.45419610976e+12
19	1.05127149447e+12
20	3.17830274035e+12
21	9.6943730564e+11
22	7.16605010884e+12
23	3.29636202247e+11
24	1.22537334981e+12
