0	2.05011531403e+12
1	6.68633165052e+11
2	1.56903749047e+12
3	2.14490002059e+12
4	4.86445519852e+11
5	2.01234021188e+11
6	7.7208113724e+11
7	2.77405116635e+12
8	6.99448526441e+11
9	1.48407927926e+12
10	2.66608147132e+12
11	2.29123592636e+12
12	4.63265071744e+11
13	1.13131847992e+12
14	9.94288029351e+11
15	8.09589226351e+11
16	3.2259939958e+11
17	3.61462339444e+11
18	4.11311869266e+11
19	2.08933157401e+11
20	1.35578248005e+12
21	8.05518800033e+11
22	7.89293390258e+11
23	1.58719315695e+12
24	3.0818165212e+12
25	6.36013303999e+11
26	9.42353315538e+11
27	2.34351123254e+12
28	5.77139542764e+11
29	4.89419449336e+11
30	1.53020008656e+11
31	1.11912914744e+12
32	3.29555746075e+11
33	9.51544764392e+11
34	3.23718580515e+12
35	1.2594672723e+12
36	6.95656412754e+11
37	9.36455726036e+11
38	1.11326422308e+12
39	1.09294699397e+12
40	4.84420831208e+11
41	6.31389762122e+11
42	8.80218829905e+11
43	4.22339073263e+11
44	4.2741741988e+11
45	3.36855741579e+11
46	7.87171678181e+12
47	79900760640.9
48	3.13198047451e+12
49	9.74944705271e+11
50	9.84768500524e+11
51	77318340593.5
52	1.75641208739e+13
53	6.79579397141e+11
54	8.08258928696e+11
55	2.08238503193e+13
56	2.84997559988e+12
57	6.16119625163e+11
