0	9.65616185346e+11
1	1.07496286595e+12
2	1.54446925359e+11
3	3.54963117633e+12
4	5.22210014217e+12
5	3.40673979623e+12
6	1.66073663937e+12
7	3.26933312658e+11
8	1.04627103985e+12
9	1.35267163919e+11
10	1.38276208303e+12
11	5.18630488178e+11
12	3.97569752647e+11
13	1.96101127654e+12
14	1.47182562546e+12
15	1.59578694713e+12
16	2.3783808619e+11
17	4.70416242931e+11
18	4.01311518836e+11
19	1.64620190305e+11
20	1.2994902605e+12
21	7.4749661892e+12
22	5.18228645743e+11
23	7.60299014547e+11
24	1.60439673203e+12
25	1.20191433286e+12
26	5.57955725586e+11
27	6.33120854717e+11
28	4.65172466766e+11
29	1.6224826183e+12
30	4.22419688721e+11
31	3.66145777655e+12
32	1.64766953862e+12
33	1.81434170438e+12
34	1.58671321914e+12
35	1.7811268398e+12
36	4.55088933561e+12
37	6.38022513469e+11
38	1.94264837938e+11
39	1.43684163047e+11
40	7.74213648303e+11
41	6.45183145116e+11
42	5.61582035882e+11
43	1.11820853265e+12
44	5.9646009196e+11
45	90439830420.8
46	1.05174861936e+12
47	2.03273550783e+11
48	1.69096034241e+12
49	1.5947988105e+12
50	3.32387280814e+11
51	8.13264373913e+11
52	1.48488531134e+11
53	7.10474421469e+11
54	3.15501557535e+12
55	8.7980040308e+11
56	5.13746844571e+11
57	3.61338710178e+12
58	2.02158098434e+12
59	3.35804989486e+11
60	3.58687758834e+12
61	6.09284018434e+12
62	1.64619594668e+12
63	3.23308597002e+12
64	1.86706207614e+11
65	3.85595122866e+12
66	1.10204342005e+12
67	7.34527525654e+11
68	3.84170311148e+11
69	2.87777327331e+11
70	7.53293661266e+11
71	2.80040032998e+12
72	2.21047665937e+12
73	1.40592684976e+12
74	1.56382894084e+12
75	2.27270631984e+12
76	1.64414810198e+12
77	2.35201009771e+12
78	5.99471398512e+11
79	8.91337296017e+11
80	1.14490852709e+12
81	1.15564498572e+12
82	1.73192018532e+12
83	1.31434449307e+12
84	2.89271399878e+12
85	1.16007053629e+13
86	1.04874750735e+12
87	5.08243132643e+12
88	1.67016417893e+12
89	3.80542920998e+12
90	7.08741432692e+12
91	3.83470692882e+12
92	2.2913200931e+12
93	1.10363373229e+12
94	1.03872243606e+12
95	2.21783479376e+12
96	7.41047400852e+11
97	5.45113529973e+11
98	1.6640692825e+12
99	1.06451909454e+12
100	3.34251537486e+11
101	9.30294685543e+11
102	1.32226275441e+12
103	6.85176661771e+12
104	8.70623228444e+11
105	1.34382426338e+12
