0	2.41204755093e+12
1	1.29509477346e+12
2	1.14937727855e+12
3	4.23844108777e+11
4	1.25925331637e+12
5	2.15630741684e+11
6	3.40163263953e+11
7	3.36725548482e+11
8	80925595242.2
9	4.53879701644e+11
10	4.11765686593e+11
11	1.98064732895e+12
12	6.20880695931e+11
13	2.40857527464e+11
14	5.1119786876e+11
15	7.24808511555e+11
16	1.66081969207e+11
17	3.40568373077e+12
18	5.29952134438e+11
19	1.97760182404e+11
20	7.8345762576e+11
21	2.93726546149e+12
22	43171986163.3
23	3.73479307733e+11
24	2.20942607247e+11
25	8.50050825625e+11
26	6.59302386958e+11
27	3.94447705889e+11
28	1.45428195688e+12
