0	58772666152.3
1	93579833272.7
2	63430539520.3
3	68667549050.9
4	1.09343724016e+12
5	3.41723353934e+11
6	9.36285926115e+11
7	5.25132657273e+11
8	2.5896527795e+11
9	3.56319864987e+11
10	1.86786590009e+11
11	3.16063365447e+11
12	3.91702967831e+11
13	8.62505280826e+11
14	6.00213774196e+11
15	2.35975193456e+11
16	4.07804573969e+11
17	3.21603760849e+11
18	33439132355.7
19	6.74691010253e+11
20	1.06503878401e+11
21	2.99880360506e+11
22	4.64557566699e+11
23	1.27613231753e+12
24	3.52043497406e+11
25	8.58606562894e+11
26	1.37281998882e+11
27	1.81614729175e+12
