0	8.00894817968e+11
1	2.63126018655e+11
2	5.84639488344e+11
3	4.1232223259e+11
4	7.86280290122e+11
5	2.8494546691e+11
6	6.54185995584e+11
7	6.15713146072e+11
8	8.64552996774e+11
9	1.8288109573e+12
10	7.17442763623e+12
11	5.16887275692e+11
12	5.52816719272e+12
13	1.49275947147e+12
14	6.5525901308e+11
15	2.43446100527e+11
16	5.83256231034e+11
17	1.25059835841e+11
18	5.68795057675e+11
19	1.26670712874e+12
20	6.99946761452e+11
21	2.896379288e+12
22	3.6709561887e+11
23	1.31689169983e+12
24	6.47907401836e+11
25	6.45323724458e+11
26	3.50145180734e+11
27	3.66785063199e+11
28	9.35054120693e+11
29	4.42908894419e+11
30	2.84559582561e+12
31	2.04243332626e+12
32	2.69295680951e+12
33	1.08012145161e+12
34	1.42388526872e+12
35	90653465939.2
36	5.93820038338e+11
37	1.34973225467e+12
38	2.15888278339e+12
39	2.31861274528e+12
40	1.39381496891e+12
41	1.45297739824e+12
42	4.08613512572e+11
43	5.02122166279e+11
44	1.39696445181e+12
45	3.46354694042e+11
