0	1.03981031599e+12
1	47286287563.7
2	1.95114311187e+11
3	8.870249266e+11
4	4.65858670953e+11
5	7.38632689507e+11
6	4.91841546429e+11
7	2.60730754447e+11
8	7.74570086711e+11
9	4.80307108697e+11
10	5.44868062967e+11
11	2.67045305079e+11
12	8.41179542713e+11
13	4.12983403276e+11
14	82680553352.7
15	2.84353349133e+12
16	2.66282022661e+11
17	1.63794814219e+11
18	2.75434208248e+11
19	2.57355038737e+11
20	3.76451847601e+12
21	9.49518954895e+11
22	6.52524930293e+11
23	1.54458500547e+11
24	2.69716624495e+11
25	3.03284198799e+11
26	2.21519720829e+11
27	29750350654.7
28	36455316526.8
29	2.55142747598e+12
30	2.89220335604e+11
31	1.12558972658e+12
32	48009257718.8
33	3.34531907007e+11
34	5.77203340303e+11
35	7.61882988873e+11
36	1.84628387585e+12
37	1.1519071921e+12
38	1.66735816302e+11
39	1.61880079023e+11
40	9.64213698575e+12
41	3.87961397753e+11
42	5.99396565215e+11
43	1.18858484996e+11
44	1.43494461012e+11
45	1.18960621328e+11
46	2.37301863536e+12
47	2.36232810679e+11
48	7.7761450873e+11
49	2.38715274892e+12
50	9.37676811176e+11
51	83059024462.6
52	1.86457476999e+12
53	1.6707975176e+12
54	1.50393318795e+12
55	5.57529726789e+11
56	2.52862245726e+11
57	3.96657848743e+11
58	4.48061024952e+11
59	2.98537223158e+11
60	1.18888366117e+12
61	1.90015054072e+12
