0	1.14135170511e+13
1	3.04634910361e+11
2	3.22339766278e+11
3	1.52685152104e+12
4	5.03613980966e+11
5	1.41091391883e+12
6	1.59352421371e+12
7	7.82059052793e+11
8	1.46000054817e+12
9	5.90718742881e+11
10	1.69724175024e+12
11	1.05001251977e+12
12	3.40021781966e+12
13	4.33205969702e+11
14	1.53867649063e+12
15	4.13156893727e+12
16	2.43629162635e+12
17	3.09167638564e+12
18	4.04594957687e+11
19	1.44984853843e+12
20	8.54079117108e+11
21	4.54644552127e+12
22	2.85135839624e+12
23	1.16203995857e+12
24	1.11921401286e+13
25	6.65626576523e+12
26	4.03361105206e+12
27	1.63712468555e+12
28	1.55864731446e+12
29	1.50634132488e+12
30	1.26734741022e+12
31	1.35285916068e+12
32	1.07334336242e+13
33	7.94220775741e+11
34	1.05714744486e+12
35	1.52211890447e+12
36	1.2667381385e+12
