0	2.20490844344e+11
1	1.43173654013e+12
2	1.05728546603e+12
3	4.41659420167e+12
4	3.46937377791e+12
5	6.19948132585e+11
6	2.12908199214e+12
7	1.58037826217e+12
8	1.49911201337e+12
9	7.45599360289e+11
10	2.64081134591e+11
11	4.71306715799e+11
12	1.16080923608e+12
13	5.88432470022e+11
14	1.35460604612e+12
15	2.85881498725e+11
16	1.76538808873e+13
17	5.02006208408e+12
18	9.67287051062e+12
19	6.13127302259e+12
20	6.8142016606e+12
21	7.89989887689e+11
22	3.10786886124e+12
23	4.32075051164e+12
24	5.43004578283e+12
25	4.8634447556e+11
26	1.43159921407e+12
27	1.10407510177e+12
28	9.63345191613e+11
29	7.34987686799e+11
30	66115447447.7
31	7.94918410429e+11
32	2.70779173946e+12
33	8.89417873054e+11
34	5.54712279346e+11
35	6.34481464311e+11
36	2.67885333018e+11
37	8.23295309194e+11
38	8.89525382158e+11
39	3.1882783284e+12
40	6.74597004368e+11
41	1.55018966164e+12
42	2.50718376498e+12
43	2.44957984261e+12
44	4.496789677e+11
45	7.8015526826e+11
46	4.38253406937e+11
47	9.95623219638e+11
48	2.73159865562e+12
49	6.65024702027e+12
50	2.73962966581e+12
51	3.21609907383e+12
52	4.17147775648e+12
53	1.67408909849e+12
54	7.886772094e+11
55	2.07316693731e+12
56	4.11774819383e+12
57	1.75393849659e+12
58	4.01004184751e+11
59	1.4078881681e+12
60	1.25689409017e+12
61	2.25688382078e+11
62	2.28277736093e+11
63	3.68839627472e+11
64	6.91521260509e+11
65	6.3701892311e+11
66	2.84662165247e+11
67	6.27621884848e+11
68	1.67347690367e+12
69	5.87637348623e+12
70	5.04856804974e+12
71	3.93142210031e+11
72	4.2507769004e+11
73	3.87187959649e+11
74	3.21087765287e+12
75	1.81989117464e+12
76	2.68142377151e+12
77	1.77836522163e+11
78	1.16189870902e+11
79	2.233481546e+12
80	3.20348311505e+11
81	8.17485376061e+12
82	3.34957564172e+11
83	2.01141140763e+11
84	1.26372088286e+11
85	1.6987804313e+11
86	7.40652944122e+11
87	1.97983747405e+13
88	5.63434351396e+11
89	1.70231461297e+12
90	7.26015809608e+12
91	1.0572758744e+13
92	3.54734835357e+11
93	1.24558569933e+11
94	1.20388316897e+12
95	1.48586019866e+12
96	7.96076979546e+12
97	1.72418114163e+12
98	1.20017029341e+11
99	3.20777611627e+11
100	3.82855694839e+11
101	1.56315254526e+11
102	1.44018471753e+11
103	8.08209581738e+11
104	1.14381793523e+12
105	3.07237391194e+12
106	7.00584763219e+11
107	3.02882936417e+11
108	5.60462095439e+11
109	67723830272.2
110	9.55058844784e+11
111	2.18435751267e+12
112	6.3080642109e+11
113	2.15284627779e+12
114	1.03657982596e+12
115	9.31504228996e+11
116	3.08887580678e+12
117	1.7826828724e+12
118	1.07178983422e+12
119	3.39376707325e+12
120	1.25642901764e+12
121	8.55116531709e+11
122	2.82226642915e+12
123	1.34759504495e+13
124	3.21102028564e+12
125	1.18754691981e+13
126	7.32934098405e+12
127	3.21093005663e+11
128	8.43128269811e+11
129	8.2055386552e+12
130	7.26054592025e+11
131	5.59650009073e+11
132	1.9649077687e+11
