0	1.12430729292e+11
1	5.14962942205e+11
2	3.32714474153e+11
3	5.69266207366e+11
4	2.36510746592e+11
5	1.27324900647e+11
6	1.59863570251e+12
7	1.84374482807e+11
8	4.41391459765e+11
9	1.07986303767e+11
10	2.94894793835e+11
11	1.75609742431e+12
12	1.31811172363e+11
13	1.55471688691e+12
14	2.30232945243e+11
15	1.24067765669e+11
16	92408891760.1
17	1.70790888422e+11
18	2.56061443364e+11
19	2.37483410187e+11
20	2.2589394282e+12
21	54005574874.4
22	51077394759.1
23	41427272894.8
24	3.28348076248e+11
25	5.52826824361e+11
26	2.98169764742e+11
27	6.67198742464e+11
28	3.8420518901e+11
