0	1.34657926603e+12
1	4.36097899427e+11
2	6.69609528664e+11
3	2.50170761236e+12
4	5.51338979994e+11
5	3.23533697962e+11
6	4.98024007646e+12
7	4.53367369756e+11
8	6.28493097508e+12
9	3.33596399191e+11
10	9.24297270331e+11
11	2.62008866529e+11
12	7.5551067949e+11
13	7.09594068555e+11
14	6.27608440709e+12
15	1.78910889293e+12
16	95498444668.0
17	2.53163298443e+11
18	5.26501772817e+11
19	1.1702043208e+12
20	1.92425885956e+12
21	6.71568227297e+11
22	4.96267909723e+11
23	1.19069955183e+12
24	2.27068030909e+12
25	4.41880146106e+11
26	3.63315610915e+12
27	1.130825474e+12
28	7.31592151142e+11
29	2.07147529298e+12
30	6.04263827806e+11
31	8.35619190682e+11
32	1.57987157334e+12
33	3.34668963614e+11
34	1.0085840648e+12
35	2.69738696186e+11
36	2.31892913022e+12
37	1.89495265781e+12
38	7.21623691509e+11
39	2.21783421986e+12
40	2.97381249579e+11
41	1.23812061861e+12
42	4.5543890344e+11
43	6.20323533991e+11
44	6.35411436544e+11
45	1.03109292701e+12
46	6.76839414016e+11
47	1.9950459144e+12
48	4.12828344829e+11
