0	1.12947116616e+11
1	1.09267209534e+11
2	2.36170134216e+11
3	1.57470992245e+11
4	1.34320886378e+11
5	85244615242.3
6	7.15329888594e+11
7	3.45725481467e+11
8	5.98125237292e+11
9	2.52973393647e+11
10	67973541640.7
11	8.72237126581e+11
12	1.11169661313e+11
13	2.1520947576e+11
14	79045414070.5
15	31854570841.1
16	2.01679177202e+11
17	1.72802671323e+11
18	2.43186340367e+11
19	1.45516786477e+11
20	1.9600708361e+11
21	1.82378556196e+11
22	3.5674182875e+11
23	1.03977551692e+11
24	1.60665364665e+11
25	1.31562154152e+11
26	58240200875.4
27	2.04606295943e+11
28	2.45616307152e+11
29	7.04182032944e+11
30	1.08334065862e+11
31	2.78778480031e+11
32	2.15684435635e+11
33	1.11964413558e+11
34	2.77399905061e+11
35	1.41656354581e+11
