0	3.69081189973e+11
1	9.02278153231e+11
2	3.02535875939e+11
3	7.89528236732e+11
4	2.35386625622e+11
5	1.19550406182e+11
6	1.14880393101e+12
7	2.5395744404e+11
8	3.25023191523e+11
9	3.47191096945e+11
10	2.02415021405e+11
11	1.07691874514e+11
12	4.39694971051e+11
13	8.32741184535e+11
14	2.76639156892e+11
15	1.47626819662e+12
16	9.69962016408e+11
17	1.53337601033e+12
18	1.98012300247e+11
19	30488362276.5
20	2.90652134814e+11
21	2.68908858688e+11
22	48451266944.8
23	1.86071147408e+11
24	1.97923130401e+11
25	94720634978.4
26	2.1061973877e+11
