0	2.57487265403e+11
1	4.55866723403e+12
2	8.83648590901e+11
3	7.66621622435e+11
4	6.69040499766e+11
5	6.17566505114e+12
6	2.11447540441e+11
7	2.06083158607e+12
8	4.56764580686e+12
9	2.78884060631e+11
10	1.44530298441e+11
11	3.62050109757e+11
12	4.48498423128e+11
13	2.86647184089e+12
14	5.18134424442e+11
15	82496692997.7
16	7.1365225518e+12
17	1.05361787305e+12
18	4.5910996022e+11
19	6.61929486119e+11
20	1.300014748e+12
21	1.95085361058e+12
22	7.68715206666e+11
23	1.12120998392e+11
24	8.91907682149e+11
25	1.63461239685e+12
26	3.0411426082e+11
27	7.73390263895e+11
28	3.28085023055e+11
29	1.63318068888e+12
30	2.19111022903e+12
31	3.47832439015e+11
32	3.92617361006e+11
33	2.9540048175e+11
34	1.4616237644e+12
35	1.60588471395e+12
36	8.73838165627e+11
37	3.45007700427e+12
38	1.27821077194e+12
39	3.08222685961e+11
40	7.43643167308e+11
41	1.69013950866e+12
42	6.2122365642e+11
43	2.07782886161e+12
44	8.12366039658e+11
45	1.24889860387e+12
46	4.13989803135e+12
47	6.7393732787e+11
48	9.36701699847e+11
49	2.70621038414e+12
50	9.18694812269e+12
51	8.4825293012e+11
52	5.86921843491e+12
53	4.94827650727e+11
54	3.53325640747e+12
55	2.71975780955e+11
56	6.77939729926e+11
57	5.75619108326e+11
58	7.90003758094e+11
59	1.80850697114e+12
60	2.0079451379e+12
61	9.51156868351e+11
62	1.13518034786e+12
63	7.4631963675e+11
64	1.77296346187e+12
65	4.6932385833e+12
66	1.36002284642e+12
67	8.75485659909e+11
68	1.10540374143e+12
69	8.28730829577e+11
70	8.77309371784e+11
71	5.79281949287e+11
72	7.84686444646e+11
73	1.9785720952e+12
74	3.19001519149e+11
75	8.82739711015e+11
76	1.1603948648e+11
77	3.42680845719e+12
78	7.34856951958e+12
79	4.19519746186e+11
80	1.05321523281e+12
81	4.78362278181e+12
82	2.97013934694e+12
83	1.34788720166e+13
84	1.58516391378e+12
85	1.23397766169e+12
86	6.49207556821e+11
87	7.55651505749e+11
88	1.06658979174e+12
89	1.45790327581e+12
90	1.76612025897e+11
91	1.1939826389e+12
92	5.12073079086e+12
93	4.44861164173e+12
94	1.45083422597e+12
95	1.87614015671e+11
96	4.91273888413e+12
97	1.9679689787e+11
98	2.16337801344e+11
99	2.42021051205e+12
100	1.5474313147e+12
101	2.80489675623e+11
102	1.4583995118e+12
103	5.01998094358e+11
104	2.38243965436e+11
105	2.56656342296e+11
106	8.13788025915e+11
107	5.41774757415e+11
108	1.6958266459e+12
109	4.94439451172e+11
110	4.64629016507e+12
111	1.21033181463e+12
112	8.99883970498e+11
113	7.22209066982e+11
114	9.88950733071e+11
115	5.73116941231e+11
116	2.09933100229e+12
117	4.60850663342e+11
118	3.37796034173e+11
119	4.70275089572e+12
120	3.89972084237e+12
121	1.94766080727e+12
122	6.07579333707e+11
123	6.99698408263e+11
124	2.43799348617e+11
