0	2.95917686877e+12
1	1.02131658472e+12
2	1.08164373101e+12
3	1.96070218707e+11
4	3.52940038556e+11
5	3.80704579437e+11
6	3.38423337496e+11
7	1.23366736009e+12
8	2.03360162629e+11
9	8.90899481983e+11
10	2.8982847307e+11
11	4.29195847437e+11
12	3.9160648629e+11
13	1.31143930041e+13
14	6.1192569984e+11
15	1.75440278675e+11
16	1.35940458178e+12
17	3.52289606296e+11
18	1.25729136262e+11
19	1.4305305419e+11
20	3.35906651692e+11
21	3.71602705635e+11
22	1.63528372996e+11
23	1.6373834589e+11
24	3.94475071219e+11
25	5.25316984258e+12
26	6.11608229021e+11
27	3.36899213086e+11
28	6.15952654017e+11
29	1.47796624256e+12
30	2.68018022394e+11
31	3.69885585662e+11
32	1.82287402424e+11
33	1.48017908002e+12
34	9.17702525889e+11
35	1.15306891002e+12
36	6.80681297525e+11
37	3.7534046015e+11
38	1.19660380138e+11
39	2.60648980046e+11
40	5.1192314821e+11
41	4.16917542997e+12
42	1.86553251732e+11
43	7.53114287558e+11
44	4.40279769782e+11
45	2.25883952198e+11
46	3.15883796689e+11
47	95239883208.1
48	7.10338743108e+11
49	27792689242.1
50	5.452438463e+11
51	6.82925254393e+11
52	1.15404988087e+11
53	5.03291176057e+11
54	1.50277393431e+11
55	2.07264283078e+12
56	4.00315352125e+11
57	4.70339665116e+11
58	2.62320302881e+11
59	75001630048.6
60	61995994165.9
61	6.92976225789e+11
