0	1.22848230189e+12
1	1.39864831775e+12
2	1.00433041883e+11
3	1.45090892409e+11
4	4.0649630653e+11
5	8.78422375662e+11
6	2.60857114068e+11
7	1.72480232495e+11
8	1.72588315578e+12
9	8.95563964829e+11
10	1.11562159878e+12
11	1.26166698233e+12
12	4.60508027274e+11
13	2.17520125625e+11
14	2.64259587123e+11
15	3.59459507224e+11
16	3.86332576551e+12
17	6.14549011877e+11
18	2.54911456894e+11
19	65870486223.5
20	1.08192492585e+12
21	1.34702578675e+11
22	8.97029175179e+11
23	2.98620112928e+11
24	1.04622315086e+12
25	5.73111269289e+11
26	3.20006265025e+11
27	3.80443009815e+12
28	1.37633029996e+11
29	1.92879966518e+12
30	1.53085813151e+11
31	56684098225.7
32	2.03315003951e+11
33	1.53476170516e+11
34	1.05749769079e+11
35	4.73839160882e+11
36	1.66480344326e+11
37	2.73666783985e+11
38	4.85281291722e+11
39	1.58126065984e+12
40	5.68144653311e+11
41	1.63207690576e+12
42	2.26357935514e+11
43	1.04540039981e+12
44	7.7777020638e+11
45	5.53059459885e+11
46	2.26080114957e+12
47	6.20757326766e+11
48	1.23762985869e+12
49	1.170658143e+12
50	6.92972509247e+11
51	1.32309504008e+12
52	2.06006858986e+11
53	1.63240424382e+12
54	61899104920.4
55	4.51012850117e+11
56	4.81751437347e+12
