0	1.35916233525e+12
1	5.24777807209e+11
2	1.19216989282e+13
3	5.88731079571e+12
4	2.37622413607e+12
5	2.5024835852e+12
6	1.38619720206e+12
7	2.39029445316e+12
8	1.50794667058e+13
9	2.11082560231e+13
10	9.90982564822e+11
11	7.26194207538e+12
12	1.54710544378e+13
13	7.34581684688e+11
14	2.19507449154e+12
15	5.69696861239e+12
16	3.748487721e+12
17	8.50227828345e+12
18	3.86385283636e+12
19	1.4825952242e+12
20	3.39365958602e+12
21	7.16930413459e+12
22	4.2079376563e+12
23	3.50162452254e+12
24	6.79034401492e+12
25	3.60708644834e+12
26	1.38844000904e+12
27	3.44152993662e+12
28	8.12154826687e+12
29	5.19333534811e+12
30	6.2789571213e+12
31	9.87078220895e+12
32	6.30828082232e+12
33	2.20208869359e+12
34	9.5631882546e+12
