0	1.17109201208e+12
1	4.4841230483e+11
2	1.12249936369e+12
3	3.59557531843e+12
4	6.29482447785e+11
5	1.99681863181e+12
6	2.11629263409e+12
7	8.32950505967e+11
8	7.3455011965e+11
9	1.54811164297e+12
10	5.38573571006e+11
11	9.52606413068e+11
12	7.5135018294e+11
13	2.46131369605e+12
14	2.62792592026e+11
15	4.46813782763e+12
16	9.71473948145e+11
17	2.56020454866e+11
18	1.67679906645e+11
19	1.09369228906e+12
20	6.56363308713e+11
21	1.38108215582e+12
22	1.11104934861e+12
23	3.40541649061e+11
24	4.64464178192e+11
25	2.97582038371e+12
26	2.43436595325e+11
27	1.70920416392e+12
28	7.33291754724e+11
29	4.02035331148e+11
30	4.66593272911e+11
31	1.05226045649e+12
32	2.43959949102e+11
33	5.1238177637e+11
34	1.25234910377e+12
35	8.74874109979e+11
36	7.1975351193e+12
37	4.68028522335e+12
38	3.15971860387e+11
39	4.2919641374e+11
40	1.49834288855e+12
41	3.1128280274e+12
