0	1.33262227514e+12
1	7.02220933151e+11
2	4.94906004333e+11
3	1.10641792153e+12
4	1.98024948062e+12
5	2.4995963015e+11
6	1.72717788989e+11
7	7.53092028733e+11
8	1.53709414619e+12
9	4.73560255867e+11
10	3.75654276285e+11
11	1.65423607152e+11
12	9.66480236432e+11
13	6.59151484946e+11
14	8.69292542931e+11
15	3.50143738995e+11
16	2.56145364913e+11
17	4.47435892303e+11
18	6.37634109459e+12
19	1.80124177367e+11
20	2.57975742751e+11
21	8.11933847185e+11
22	7.57159856299e+12
23	6.45926415142e+11
24	3.655576692e+11
25	6.76798202438e+11
26	1.40063268479e+12
27	2.78768353439e+12
28	6.63268154226e+11
29	1.3647596012e+12
30	6.86627142448e+11
31	8.60365531302e+11
32	3.77597004371e+12
33	2.49761443194e+12
34	3.54131899832e+11
35	4.67796149009e+11
36	1.60824087306e+12
37	2.44617154921e+11
38	1.03525701256e+12
39	2.35645464063e+11
40	8.58237521788e+11
41	1.29054738629e+12
42	9.46636858141e+11
43	7.65075897709e+11
44	9.04946964655e+11
45	3.29365548899e+11
46	1.51568839952e+11
