0	5.16432861009e+11
1	8.14833113236e+11
2	6.75918519855e+11
3	3.17723930089e+11
4	67417747513.5
5	9.68355445145e+11
6	2.81549517141e+11
7	46215874657.2
8	3.09841843432e+12
9	1.7325058069e+11
10	9.20790318367e+11
11	2.96614174317e+12
12	2.95874588233e+11
13	63954686588.5
14	2.67585807773e+11
15	1.18064839415e+12
16	1.11743005116e+11
17	1.91627449123e+11
18	1.73878270429e+12
19	1.48405723876e+11
20	1.23281084325e+11
21	5.51231452218e+11
22	2.50774063348e+11
23	6.48352568e+11
24	2.9877088526e+12
25	1.79102467686e+12
26	4.30087640731e+11
27	3.01177153046e+11
28	58191745853.2
29	73177329608.2
30	2.13645302029e+11
31	5.53759956491e+11
32	1.38731102009e+11
33	8.9320377818e+11
34	4.43771789189e+11
35	3.66349967294e+11
36	74781397256.2
37	8.61066292707e+11
38	3.14401778644e+11
39	6.00087041889e+11
40	1.52238314469e+11
41	3.43541496598e+11
42	2.57394119498e+11
43	1.05662280492e+12
44	1.01771197596e+12
45	1.89260207608e+12
46	8.12387710226e+11
47	3.26036547223e+11
48	72099461351.4
49	1.56774929853e+11
50	2.01873470713e+12
51	4.28984027947e+11
52	4.49945132855e+11
53	1.79570917197e+11
54	38664615029.1
55	6.89650245063e+11
56	1.57822489666e+11
57	9.22463532452e+11
58	1.47381659071e+11
59	6.66578763245e+11
60	1.02745952686e+11
61	5.14034161129e+11
62	2.63534471748e+11
63	1.74591602258e+11
64	1.78156956896e+12
65	1.1972859358e+11
66	1.00640257064e+11
67	7.89449798075e+11
68	3.8223198514e+11
69	3.99603831543e+12
70	3.56559749467e+11
71	4.17019221741e+11
72	5.03795036103e+11
73	63892797375.8
74	1.83921909978e+11
75	1.76213727707e+12
76	1.17703393756e+12
77	4.99301195134e+11
78	68046541954.4
79	1.17260719129e+12
80	4.00028193371e+11
81	4.14350139613e+11
