0	1.14499588812e+12
1	8.99872801519e+11
2	4.61545102552e+11
3	5.96827600609e+11
4	78015638832.6
5	43401920348.6
6	5.5475370332e+11
7	4.77399819795e+11
8	1.36269485731e+11
9	1.71864248058e+11
10	3.28945998628e+11
11	3.03139585655e+11
12	1.11768889207e+12
13	61675807669.0
14	1.2605731068e+11
15	1.20160571924e+11
16	4.12985718791e+11
17	7.35488507263e+11
18	1.41261863522e+11
19	3.64274403552e+11
20	2.94260879675e+11
21	5.75389995018e+11
22	9.46813313626e+11
23	44231057618.7
24	1.43384480766e+12
25	4.7349082727e+11
26	1.09826166266e+11
27	6.12578587723e+11
28	76184103204.0
29	1.04225313373e+11
30	1.99927382104e+11
31	9.06475697524e+11
32	2.66096998759e+12
33	2.43181227014e+11
34	7.93773724257e+11
35	6.00909573007e+11
36	5.7953328741e+11
