0	4.4802079674e+12
1	7.12708034311e+11
2	1.79083326288e+12
3	3.02260950085e+12
4	3.17869303993e+11
5	5.30997935691e+11
6	7.86692989983e+11
7	4.31835726941e+11
8	8.61806624285e+11
9	6.49169982789e+12
10	3.05587266623e+12
11	7.86762464118e+11
12	9.80879178683e+11
13	2.47835914431e+11
14	74388805586.7
15	1.83909293554e+12
16	1.70816972145e+12
17	6.20280149506e+11
18	1.0920266269e+12
19	2.13698956291e+11
20	2.01515533968e+11
21	2.9038839188e+12
22	5.41268458827e+11
23	2.75042320525e+12
24	3.50731309799e+12
25	9.09737565397e+11
26	2.53820402014e+11
27	2.23760502973e+11
28	2.82383819268e+11
29	3.9510102461e+11
30	3.68074953469e+11
31	1.19575406809e+12
32	6.64437588791e+11
33	6.4139218118e+11
34	1.32677352447e+12
35	1.01354222835e+12
36	4.02372355247e+11
37	2.54419202997e+11
38	4.5481784833e+11
39	2.63290740254e+12
40	2.23490846772e+11
41	5.9415117927e+11
42	6.66487887698e+11
43	6.7651894229e+11
44	1.15999596868e+12
45	6.62485644556e+11
46	3.34217559106e+11
47	3.71107339786e+11
48	4.19185544499e+11
