0	3.59592101651e+11
1	2.7443350094e+11
2	3.36961263771e+11
3	5.7741909835e+11
4	1.15370028085e+12
5	4.53435839062e+11
6	1.91426700238e+11
7	60746705417.5
8	3.12614935638e+11
9	4.59411031029e+11
10	1.65231003709e+12
11	1.18142640042e+12
12	61671591788.8
13	8.73741016076e+11
14	2.90162523846e+11
15	4.22821099423e+11
16	3.24196536836e+11
17	1.58993900321e+12
18	3.5728523505e+11
19	1.09897051904e+11
20	92010089313.8
21	1.25794693137e+12
22	2.14995999299e+12
23	3.04252180544e+11
24	7.61870739262e+11
25	4.55427359513e+11
26	3.08912278907e+11
27	1.82867621094e+11
28	2.45429631532e+12
29	9.96017145617e+11
