0	4.0065819962e+11
1	64906440736.9
2	1.62348093793e+12
3	6.10593870709e+11
4	2.27107311623e+11
5	1.98338160597e+11
6	7.65350877091e+11
7	9.74527274886e+11
8	5.66894469141e+11
9	2.55745379926e+11
10	2.34896795088e+11
11	1.15616253124e+12
12	3.56656858663e+11
13	8.9433927448e+11
14	2.48323321631e+11
15	1.96505370618e+11
16	1.04692350739e+12
17	1.84591178572e+11
18	80990240124.8
19	3.73016681191e+11
20	5.11033022321e+11
21	1.35288138392e+11
22	2.49770587514e+11
23	7.3178210394e+11
24	8.74588132139e+11
25	60955046236.1
