0	1.71317903972e+11
1	1.10924942479e+12
2	6.88438855685e+11
3	8.68632613186e+11
4	1.43882529787e+12
5	5.80871652041e+11
6	5.31054391466e+11
7	5.20412891921e+11
8	1.54060487016e+12
9	1.76135229183e+11
10	6.74486142767e+12
11	2.69238230215e+12
12	4.08070195314e+11
13	1.48811081736e+11
14	2.83683604035e+12
15	1.30863290235e+12
16	19811511454.6
17	4.18194762621e+11
18	2.41113430248e+11
19	2.07737538702e+12
20	1.43363037953e+11
21	4.70786015356e+11
22	1.08478686602e+12
23	1.04303594419e+12
24	6.07306815133e+11
25	1.20825064327e+12
26	1.64265841075e+12
27	1.96638741463e+11
28	3.18505233562e+11
29	3.61429807711e+12
30	2.01162397068e+11
31	1.06582330392e+13
32	2.73031804232e+11
33	7.47492211283e+11
34	5.51975245846e+12
35	2.13764633781e+12
36	4.94230336124e+12
37	4.22798900171e+11
38	3.42684185443e+11
39	1.99145223846e+11
40	1.67392921017e+12
41	4.41714102307e+12
42	3.28199973762e+11
43	1.42447745071e+12
44	5.20142015132e+11
45	7.92871377527e+12
46	1.04833914287e+12
47	1.52868577354e+12
48	4.34364698372e+11
49	2.5906797018e+12
50	5.70508225022e+12
51	2.82657560134e+12
52	7.29661617888e+11
53	8.63700758839e+11
54	4.15107811879e+12
55	4.82821113943e+11
56	3.45340209085e+11
57	8.44451163081e+11
58	9.5599237107e+11
59	8.06773605691e+11
60	1.23256260174e+12
61	3.14303153174e+11
62	1.97583173232e+11
63	7.25282597626e+11
64	4.26058828156e+11
65	1.33152513552e+12
66	1.17641830197e+11
67	8.05589127153e+11
68	7.51000894133e+11
69	2.72076029619e+12
70	8.18038213256e+11
71	1.39732595946e+12
72	4.36194002204e+11
73	7.09302901869e+11
74	3.59630684162e+11
75	4.91422534077e+11
76	3.21707964321e+11
77	5.47601929979e+11
78	8.2313517897e+11
79	1.65941330601e+12
80	2.56562038247e+12
81	4.18518956803e+12
82	9.08927019808e+11
83	1.25629197791e+12
84	5.83209987225e+11
85	3.87549366057e+11
86	3.53009471396e+11
87	1.31448459531e+11
88	3.57107647143e+11
89	1.04056130897e+12
90	7.50125387719e+11
91	2.85172804103e+12
92	1.13992930717e+11
93	4.02998176512e+11
94	4.15626568336e+11
95	1.23079037324e+13
96	1.5603910207e+11
97	2.08196277891e+11
98	5.7362296763e+11
99	1.04760142978e+12
100	1.04947255449e+12
101	9.74388939133e+11
102	8.87837389097e+11
103	1.842152514e+11
