0	517231200509.7735
1	198935280061.0871
2	924324539.766916
3	39490330770.533264
4	54343330945.44222
5	193427036435.66766
6	907224632394.459
7	113276906878.43504
8	172877996519.30972
9	4039553752332.002
10	2027064604372.3416
11	158299316413.97726
12	2050865402164.7354
13	654806006769.3517
14	2139168777954.1855
15	5861717250381.511
16	55815614480.695335
17	31575174241.359722
18	355145608573.2309
19	12578111221026.84
20	911382880768.7117
21	124358758358.84956
22	356219122770.93365
23	153084642157.76575
24	2225413000791.544
25	787848241250.0887
26	6743606862766.843
27	196082131702.72867
28	204931982653.2606
29	99436360677.86615
30	92701084774.15253
31	671665042435.6758
32	247850020521.65012
33	50648761596.61429
34	398561985439.34033
35	1590209388911.9175
36	58408846152.916916
37	3049189164523.1772
38	4236110515295.044
39	149422795899.29224
40	98168983048.14745
41	2656967039486.594
42	6064103877354.45
43	602959611783.5513
44	7539234281574.91
45	1249292812351.6008
46	44410024671.12392
47	1974086196717.5166
48	177878723067.65717
49	47072770811.54807
50	332885212177.1309
51	2193690920747.9177
52	300384083514.4157
53	194581340271.42706
54	203453794046.77072
55	606012179683.5321
56	96932546371.16396
57	6941185691563.732
58	4111509537847.333
59	215098747905.7366
60	120914752752.89684
61	210883160386.58105
62	3442117254789.6284
63	53926655368.5319
64	411533236420.01764
65	54274935740.050545
66	1000902554089.141
67	1428929222969.3433
68	1484909436240.716
69	32775131094.136486
70	207936122450.25888
71	1400120989058.6675
72	940086748124.7013
73	542560891189.4036
74	700628072149.8153
75	892587347410.0919
76	5625935572.534827
77	211884913423.531
78	752409946063.3145
79	414342899447.7803
80	3094651819044.2173
81	8167436084361.327
82	7013577641833.938
83	46730415137.15793
84	656258541866.4296
85	579279836619.235
86	4111592236625.1353
87	1290777903696.5352
88	55132241060.98276
89	18571052354.879463
90	2582286798171.201
91	1089454195509.9803
92	1359869626410.9475
93	22838397392.961704
94	199136620712.17065
95	70479142554.33481
96	187805269509.23273
97	46097158116.132126
98	2275710617239.7266
99	812737395263.0015
100	274012554704.5515
101	44486428350.91065
102	50084526267.910324
103	1955086229769.592
104	2804126656955.7046
105	70169334929.678
106	159180852734.82013
107	633114289716.6138
108	29687790396.71727
109	3313153954527.1357
110	1262657787532.2463
111	7891649169513.069
112	2848947575889.7007
113	47543361827.6488
114	6580623477859.958
115	192337975828.18332
116	1399340756481.914
117	900996116657.4723
118	208200295337.29443
119	631757865286.7697
120	101809839814.65346
121	593140185960.5361
122	1564985011880.696
123	596198024121.5964
124	90801189297.77377
125	7056321165722.151
126	1741240509860.7927
127	3116576347297.548
128	488135542703.52716
129	1698566631029.0266
130	155915662705.34827
131	12428651050518.35
132	2685646706249.2534
133	534625184784.92633
134	6341233732538.642
135	11707579840.155409
136	514208046685.868
137	2586353516196.1045
138	5691987550422.5625
139	106472487470.82819
140	7083013914079.181
141	22021470465.74975
