0	2.92966176234e+11
1	2.28968134559e+12
2	4.55800953051e+11
3	2.76676735871e+12
4	6.44908516683e+11
5	9.12966255665e+11
6	4.23942274877e+12
7	8.43953698026e+11
8	8.00940012667e+11
9	3.98393640903e+11
10	1.49067758653e+12
11	5.71335077735e+11
12	2.03071706843e+11
13	1.53376763881e+12
14	4.09207678759e+11
15	4.57677215451e+11
16	5.37626305623e+11
17	1.62425390485e+12
18	6.31389179582e+11
19	1.74880663697e+12
20	2.46578169712e+12
21	6.9853756196e+11
22	1.53166938956e+12
23	5.05349927438e+11
24	1.42780117617e+11
25	1.63819759329e+11
26	4.1337479278e+11
27	7.65327422378e+11
28	7.5538121573e+11
29	2.15210063738e+12
30	1.14559381154e+12
31	1.51553695263e+12
32	1.1737743223e+12
33	7.56130515707e+11
34	2.57944002586e+12
35	2.40744575622e+11
36	2.20095250875e+11
37	3.09735419115e+11
38	1.65644762568e+12
39	4.64483667028e+11
40	1.85933111469e+11
41	1.05324721399e+11
42	5.80585275521e+11
43	4.49434053242e+11
44	1.65972617609e+12
45	7.23131077743e+11
