0	5.6687527669e+11
1	2.8142610995e+11
2	3.10238396184e+11
3	1.89562487616e+11
4	1.0382039921e+12
5	3.07475367937e+12
6	2.3086848184e+12
7	4.13512739447e+11
8	1.50405181361e+12
9	9.03627520117e+11
10	3.30754045741e+11
11	4.94988505839e+11
12	6.2670796685e+11
13	5.68470943232e+11
14	4.78540466243e+11
15	1.42802226173e+12
16	2.63637035256e+12
17	4.5362203538e+11
18	1.87792624439e+11
19	1.53696213881e+12
20	1.85677229705e+12
21	3.06989939885e+12
22	6.93974671352e+11
23	8.2720629915e+11
24	1.32085828171e+12
25	4.32603236374e+11
26	2.17539959279e+12
27	8.870790573e+11
28	3.39680956699e+11
29	6.08319806117e+11
30	5.88997570007e+11
31	3.54132297951e+11
32	2.53024873981e+12
33	3.99696404681e+11
34	1.15789026467e+12
35	1.45476929515e+12
