0	10181.4951462
1	1360.1170162
2	7677.10801613
3	2450.83174435
4	6611.62760773
5	1270.68500082
6	2073.87982806
7	1714.37494565
8	16566.9013654
9	4859.00806409
10	8644.44848627
11	594.759989306
12	2404.02616395
13	1379.12649191
14	4622.60205361
15	6588.02172565
16	651.343616224
17	4120.30110753
18	789.653329845
19	4768.53864373
20	3666.17123821
21	3610.66108151
22	450.347183725
23	4264.98217573
24	9209.50100463
25	990.494402302
26	623.195183523
27	962.77851903
28	134.945951408
29	622.593799781
30	1040.47348281
31	1651.94374833
32	20990.9711783
33	13264.0663788
34	6427.97830353
35	503.435644446
36	367.384458209
37	723.380807317
38	460.026133311
39	5026.77822038
40	2090.24200767
41	6212.82094829
42	2661.90281373
43	1156.58035067
44	7079.47105279
45	3125.14785531
46	2089.05157794
47	6397.53940068
48	6642.74365624
49	427.596897926
50	999.707351057
51	20943.2576908
52	1277.20543418
