0	3.08489566728e+11
1	4.14682266565e+12
2	4.34072793265e+11
3	6.48942381533e+11
4	1.30871929771e+12
5	3.36568488797e+11
6	5.04950006718e+12
7	4.18337279603e+12
8	1.88507257172e+12
9	4.99270036315e+11
10	2.4528193803e+12
11	2.54220222165e+12
12	2.12221629459e+12
13	2.1310248973e+12
14	1.60393137261e+12
15	1.46617868264e+12
16	1.04499132851e+13
17	4.41786733753e+11
18	6.28104858125e+11
19	1.31363342758e+12
20	5.1090698481e+11
21	5.58643392442e+11
22	1.63384550511e+12
23	3.29841807108e+12
24	3.7963296579e+12
25	2.93207772388e+12
26	8.59217817117e+11
27	2.66232327562e+12
28	2.3576619505e+12
29	1.75321754303e+12
30	2.84197141714e+11
31	7.97900272382e+11
32	3.14061397955e+12
33	9.52861925701e+12
34	1.39996766037e+12
35	1.65688307136e+12
36	2.63765610654e+12
37	2.54793613809e+12
38	3.54761697191e+11
39	3.2273337621e+12
40	1.55247733749e+12
41	5.71875346271e+11
42	9.3530395372e+11
43	1.58419893608e+12
44	4.73727745504e+12
45	2.34162737214e+12
46	6.73367102403e+11
47	6.74882236148e+12
48	5.16924040033e+12
49	5.1245138263e+11
50	1.50877587093e+12
51	2.1689170865e+13
52	2.60688044789e+11
53	1.72073959867e+12
54	7.97681743399e+11
55	1.49700022442e+12
56	3.27204814208e+12
57	3.14712823675e+12
58	1.22747312928e+12
59	6.11093111247e+12
