0	2.10600491584e+11
1	9.40886812518e+11
2	1.85404913354e+11
3	1.95534913843e+11
4	1.24803100986e+12
5	1.06784817144e+12
6	1.48819967977e+11
7	3.051385495e+11
8	42944415731.1
9	4.30492312818e+11
10	2.67409155563e+11
11	1.16602640667e+12
12	4.11832817823e+11
13	3.12282785565e+12
14	6.98041742469e+11
15	3.29879577428e+11
16	7.66547153975e+11
17	2.12508318914e+11
18	2.45249097404e+11
19	1.79891297152e+12
20	2.1759503732e+11
21	1.69021756134e+11
22	8.79001555888e+11
23	4.60005477301e+11
24	4.6943141808e+11
25	3.49916576621e+11
26	7.53686705125e+12
27	1.00573770829e+11
28	1.36978117714e+11
29	1.39211046683e+12
30	1.16483095364e+11
