0	2.53097709919e+11
1	8.22604993265e+11
2	1.38405504638e+11
3	3.66782262126e+11
4	1.98858076507e+11
5	2.32032612057e+11
6	1.59695451336e+11
7	1.38373416949e+11
8	1.27663082112e+11
9	1.81776933869e+12
10	5.36114719714e+11
11	1.93116066302e+11
12	4.08105831607e+11
13	3.81187152695e+11
14	7.59218979352e+11
15	47485495110.2
16	1.52321522799e+12
17	5.35325229107e+11
18	2.25422221328e+11
19	2.70191877367e+11
20	3.20107081874e+11
21	62266057412.4
22	22469485266.1
23	1.2115853684e+12
24	6.74390391158e+11
25	1.1235693639e+11
26	6.43684079068e+11
27	1.61421945572e+11
28	1.56324983517e+11
29	1.25443019574e+11
30	2.03463679616e+11
31	3.19355567134e+11
32	4.73805735863e+11
33	5.46534098711e+12
34	1.3741716053e+12
