0	5.33480794585e+11
1	4.86185202797e+12
2	1.22559630881e+12
3	31531964391.5
4	6.74651412791e+11
5	1.75616784611e+12
6	1.00260188786e+12
7	5.51814687174e+11
8	59434706202.8
9	1.85026873203e+11
10	87388966265.5
11	1.10295664527e+12
12	3.48031932671e+11
13	6.7074255236e+11
14	1.07820707175e+12
15	1.8924285204e+12
16	70622642406.7
17	3.53637933747e+11
18	2.69650638837e+12
19	1.05423679352e+12
20	1.68995487567e+11
21	2.16511991693e+11
22	4.40710239259e+11
23	2.66605416272e+12
24	4.83075868808e+11
25	1.96818404476e+12
26	7.88852102116e+11
27	2.23643310403e+11
28	5.62337572805e+11
29	1.24729760103e+11
30	4.04099749196e+11
31	4.05254332054e+11
32	7.15322131417e+11
33	9.06366562675e+11
34	2.34859074049e+11
35	40411280708.4
36	2.39524321398e+11
37	4.54595949181e+11
38	7.09068577995e+11
39	47026407654.2
40	42211087257.1
41	2.04511591346e+11
42	1.66950865864e+11
43	2.92047305574e+11
44	3.07359744188e+11
45	5.78808965263e+11
