0	18120.9930784
1	2782.98410961
2	1108.67137079
3	4626.79772861
4	15822.1255974
5	994.422940613
6	1896.71684872
7	2308.00841476
8	389.80735687
9	2784.67610887
10	1059.4489466
11	44.7146213337
12	272.747915058
13	810.243431599
14	274.945124653
15	31.7126420267
16	1552.79939316
17	750.992436401
18	1314.14426372
19	2261.75392794
20	2314.2588731
21	3162.63100485
22	1902.84125982
23	1096.00846209
24	340.129737536
25	190.334714538
26	12854.9007417
27	1722.62923758
28	1866.93284018
29	5637.57899427
30	1202.27533741
31	440.602109167
32	268.488735502
33	13375.6348
34	2715.84287914
35	2618.31492525
36	4183.31913118
37	2436.16605596
38	36473.7214333
39	6598.17725557
40	21022.8423536
41	4124.41614077
42	37.3303804023
43	258.077650799
44	1838.15424567
45	1643.07942912
46	494.980521736
47	6186.31666745
48	18711.9327271
49	99.9711642903
50	288.517932474
51	2333.92836002
52	1549.40860341
53	1003.45230459
54	465.744126361
55	2752.47689874
56	1365.22618387
57	1036.94226775
58	33.0087739884
59	588.979637077
60	2899.81203597
61	2679.30877927
62	161.342091074
63	1044.57128108
64	1720.82271512
65	1068.38249738
66	1264.85556446
67	2828.41212285
68	355.155707907
69	219.367526531
70	805.907983733
71	12860.113285
72	11931.5934205
73	4024.027239
74	128.800253087
75	217.348178243
76	17990.4397965
77	1240.36666017
78	3791.20242452
79	381.00279538
80	1089.01415656
81	3898.42680914
82	134.593650695
83	572.854971402
84	234.077345432
85	2035.7241214
86	205.017860785
87	2414.36618234
88	2179.2102157
89	606.285496073
90	43.3509311693
91	2371.19214028
92	2865.59434624
93	1082.8093664
94	14994.5205768
95	1374.86925617
96	10130.2204522
97	246.84250943
98	3088.67229488
99	359.330409274
100	632.26312136
101	2578.60120137
102	6720.42331396
103	536.19622569
104	17132.8326398
105	99.9630664137
106	836.318181677
107	12285.2822514
108	315.581327778
109	821.118212719
110	1767.68297456
111	583.123354369
112	380.162628209
113	10631.6796847
114	48.2968786347
115	3108.94669897
116	301.929524019
117	726.463850872
118	634.702784664
119	321.826143255
120	2291.7596119
121	844.387152643
122	253.919284364
123	88.5812914011
124	7116.45127777
125	3877.234059
126	8117.74230415
127	1183.88815049
128	708.771684402
129	3007.91577026
130	1005.21360452
131	1445.33434533
132	97.3071596409
133	431.658548025
134	6147.28499835
135	5579.86434375
136	16840.8355361
137	3171.22374262
138	4342.1069979
139	531.553906446
140	73.569784776
141	8.71521604882
142	1147.3230018
143	1048.10162599
144	19097.6161777
145	11399.3467421
146	2159.77794638
147	303.225220863
148	351.470652053
149	4102.59330847
150	2206.26164944
151	2023.50162922
152	328.495050498
153	13756.6157239
154	465.349697505
155	147.033721745
156	7188.31162354
157	5407.9201734
158	604.42208655
159	412.449430459
160	9404.25793499
161	129.527155019
162	1423.24875846
163	320.891432464
164	1059.63678497
165	2815.01942496
166	730.650415685
167	641.253332713
168	1256.54020988
169	2878.99788404
170	96.0198914248
171	26852.9017891
172	1781.48468571
173	4266.22442791
174	734.77125136
175	2335.96978925
176	3752.31006903
177	640.31033562
178	1290.46402581
179	1051.00050552
180	1836.78114739
181	139.159677374
182	4561.95669544
183	278.02132781
184	208.419457902
185	1347.34176174
186	320.223978453
187	2362.78024895
188	3551.54946029
189	3915.59497495
190	1341.79630158
191	3620.34365259
192	991.262573326
193	1963.81909328
194	3805.62203727
195	2467.96668251
196	1272.60627786
197	124.567720844
198	579.388700176
199	2192.70308715
200	860.912406255
201	5727.53481159
202	6598.12036164
203	509.824191646
204	1069.71705054
205	1386.79784901
206	485.152019894
207	1127.72728667
208	806.972525031
209	330.864086662
210	367.199709324
211	2663.96698836
212	2584.66287233
213	2433.18173213
214	639.547191664
215	622.479534369
216	768.030976897
217	2346.85893846
218	3917.66308988
219	523.745259773
220	143.283901328
221	6116.66279754
222	42.2846102887
223	217.286482674
224	6428.18367323
225	618.634554145
226	9603.98128177
227	1253.25470935
228	1910.3388514
229	1211.1874254
230	230.535031888
231	2429.25837402
232	6701.08125295
233	970.326706731
234	523.672808237
235	1374.02261244
236	689.983549738
237	3814.57671113
238	3369.67228981
239	2283.7376731
240	1487.51790373
241	7328.39323822
242	10501.0114899
243	768.013436113
244	678.916002309
245	420.92013419
246	130.057944
247	375.347056655
248	3247.93622326
249	8308.91147857
250	79.6898528324
251	2005.94918141
252	9804.56894974
253	432.011685645
254	3979.52018776
255	28.4854902496
256	9039.25291671
257	754.576957627
258	36.5480410538
259	164.614830713
260	1354.79940668
261	2552.6501088
262	619.949650297
263	931.511461792
264	300.669558661
265	1156.89517379
266	3308.60455681
267	1096.23619728
268	5081.4279587
269	307.175396923
270	8315.6357647
271	813.549886378
272	655.269146628
273	24115.9495292
274	659.562298621
275	1483.13375088
276	4098.96029068
277	427.857626555
278	388.54131704
279	1675.06714504
280	4317.81338725
281	1095.55243236
282	1075.28102987
283	158.63184297
284	8132.38162509
285	720.846651357
286	2691.94228305
287	2763.17182631
288	2748.56387636
289	1048.07369483
290	685.630323199
291	72.1492669402
292	915.250644452
293	290.097858636
294	85.5218858773
295	60.3507148485
296	1501.02859503
297	64.8529174175
298	517.318686727
299	2801.66590739
300	863.334872636
301	1795.48269572
302	890.377679713
303	112.119429421
304	3030.27634277
305	77.1823636107
306	455.665526517
307	259.07115538
308	2846.45016047
309	175.517580113
310	205.987429599
311	381.250457067
312	1542.75847729
313	3622.15782421
314	691.545758626
315	405.287583263
316	2624.41498695
317	117.700535385
318	1482.54421955
319	1239.20209847
320	3858.59785753
321	135.515282014
322	3277.50063996
323	1283.42141188
324	2674.14977538
325	2447.75408535
326	1047.05778272
327	1534.81836223
328	1330.25227304
329	2068.77086321
330	120.502332542
331	3402.63077482
332	450.575174378
333	3212.75944622
334	1161.84547468
335	1208.32922628
336	1327.44826733
337	7843.72780765
338	1255.18781332
339	781.355560295
340	6155.35995937
341	10630.1724026
342	132.097387346
343	155.377044125
344	390.30212488
345	590.209626512
346	249.894081807
