0	4.47510598527e+11
1	3.36809193398e+11
2	7.11346174618e+11
3	6.71290606015e+11
4	8.04923915383e+11
5	3.98804770682e+11
6	1.56678201987e+12
7	7.71728777432e+11
8	5.11109957809e+11
9	1.66893365276e+11
10	3.39084334357e+11
11	1.75850353482e+12
12	8.55813612396e+11
13	4.15656970251e+11
14	3.03035570915e+11
15	1.43552865159e+11
16	9.84512272137e+11
17	95690811282.5
18	2.49951440072e+11
19	5.38534492377e+11
20	1.01571105763e+12
21	5.79345669209e+11
22	3.96312462234e+11
23	1.65810523066e+12
24	8.68858565682e+11
25	1.97629496597e+11
26	3.50936933682e+11
27	1.61414566696e+11
28	1.3411537189e+11
29	2.40506528795e+12
30	2.44124073817e+11
31	1.29037329628e+12
32	4.18406808622e+11
33	3.44673635679e+11
34	1.68101397934e+11
35	1.38465799053e+12
36	1.73886397585e+11
37	3.77211145678e+11
38	8.495317152e+11
39	2.8675996254e+11
40	1.24131412069e+11
41	8.75470387061e+11
