0	11662299214.5
1	63565717356.9
2	1.19408166119e+11
3	40246953702.4
4	1.26873139881e+11
5	3.26581703657e+11
6	52141426897.3
7	2.15484389886e+11
8	72583501857.5
9	11425993081.8
10	61525305823.3
11	20196596272.7
12	60281405543.0
13	8486709741.77
14	1.26074324792e+11
15	1.15870058297e+11
16	19573570523.7
17	3.51440620072e+11
18	1.39242567847e+11
19	1.62862011335e+11
20	44924400642.5
21	28558621523.3
22	14245146420.1
23	43548932684.4
24	3.88647846139e+11
25	31387384966.3
26	39229717615.0
27	14704242860.2
28	39224053145.2
29	14802605352.4
30	1.67519535045e+11
31	8546724227.0
32	27229166252.3
33	20884954533.6
34	2.03734157217e+11
35	2.78557912777e+11
36	72550203919.3
37	19187072828.2
38	1.0823166737e+11
39	1.63037582436e+11
40	1.26077399405e+11
41	50536805505.4
42	90126931006.6
43	3.27112022804e+11
44	30485692977.8
45	1.17996504065e+11
46	3.31511699118e+11
47	98985253575.2
48	77707726740.6
49	23125982772.8
50	2.72634218795e+11
51	9658390418.45
52	50196001971.0
53	21260252202.4
54	49128530122.4
