0	6.07852771593e+11
1	7.29894979146e+11
2	4.89332159102e+11
3	1.62824422336e+11
4	3.27704023046e+12
5	3.99457757726e+11
6	8.37683410425e+11
7	1.27198497661e+12
8	4.44203939127e+11
9	1.11415934731e+11
10	4.29703029809e+12
11	2.4072735887e+11
12	6.74261633358e+11
13	2.30068981923e+11
14	2.73029683537e+11
15	1.34706961745e+12
16	7.97924346487e+11
17	1.9791340938e+11
18	3.38233916249e+12
19	4.6851631141e+11
20	1.75036427447e+12
21	2.24407336826e+12
22	3.34097711955e+12
23	2.91942254031e+12
24	1.94302174633e+11
25	1.04613088049e+12
26	2.09836614001e+11
27	8.55078897833e+11
28	6.7013429028e+11
29	1.97715237394e+12
30	3.5300012717e+12
31	85300876453.2
32	4.33236855661e+12
33	7.99673539434e+11
34	9.40575878839e+11
35	1.56183124113e+12
36	1.91792821274e+11
37	2.94646716302e+11
38	7.07154173811e+11
39	8.55613299696e+11
40	3.40734693515e+12
41	1.36626210423e+11
42	5.79146693085e+11
43	1.21056638223e+12
44	2.19877827713e+11
45	2.92473625135e+11
46	1.30952032993e+12
47	1.27921688894e+12
48	1.00471572014e+12
49	2.96060661694e+11
50	3.08008909675e+11
51	3.86681333956e+11
52	6.08196842248e+11
53	5.37396303109e+11
54	8.05442246028e+11
55	6.34171372305e+11
56	1.11217661409e+12
57	1.84859044769e+12
58	6.96207940095e+11
59	1.87662713096e+12
60	6.51190115553e+11
61	7.57998931748e+11
62	1.43605827705e+12
63	3.00031195465e+12
64	3.49454980317e+11
65	4.11704602421e+11
66	2.45447226879e+11
67	1.936746483e+11
68	1.76181811204e+12
69	4.12682247116e+12
70	1.69174619322e+11
71	1.47794740213e+12
72	3.11596009698e+12
73	1.33107243711e+12
74	1.98178955754e+11
75	3.84522709913e+11
76	31288952619.1
77	41039754899.7
78	1.00855169915e+12
79	5.46848237996e+11
80	8.54574553702e+11
81	5.64011441993e+11
82	5.46733177531e+11
83	3.52835620261e+11
84	2.03072859036e+11
85	1.26967971864e+11
86	6.08683141871e+11
87	7.17044386598e+12
88	1.72013132845e+12
89	6.18620607244e+11
90	5.42830151821e+11
91	6.98921021245e+11
92	4.78224418569e+11
93	1.71628766235e+12
94	1.31831623694e+12
95	84743205604.4
96	1.05024936549e+12
97	2.28050577243e+12
98	5.06770555671e+11
99	9.28848428564e+11
100	1.90510798636e+12
101	87797521715.3
102	1.47050109375e+11
103	6.23514729178e+11
104	2.66447202941e+12
105	4.71623590893e+11
106	7.78206306849e+11
107	2.25512491751e+12
108	8.1702726172e+11
109	2.90385310337e+11
110	3.55334081097e+11
111	3.83617786508e+11
112	1.67181535389e+12
113	4.31733868066e+11
114	3.98124241952e+12
115	5.26136435716e+11
116	6.69509113006e+11
117	3.89994021886e+11
118	1.20763474258e+12
119	9.79631204176e+11
120	1.30914800353e+12
121	1.44002097435e+12
122	3.07383059509e+11
123	2.08600360098e+12
124	1.28750761774e+11
125	1.28255989924e+12
126	1.03768662549e+12
127	88155397568.9
128	1.92742361837e+12
129	1.21848184078e+12
130	3.1974602171e+11
131	5.61548100016e+11
132	9.77065258549e+11
133	1.27124542868e+12
134	4.57872284208e+11
135	8.96366982148e+11
136	2.6078486717e+12
137	4.88306064936e+11
138	4.58284452386e+11
139	1.12047154781e+11
140	1.86665424277e+11
141	1.24696172268e+11
142	8.46736015937e+11
143	1.12358476134e+11
144	5.22026709971e+12
145	6.88420774598e+11
146	9.8251178206e+11
147	7.36336686961e+11
148	9.74743716723e+11
149	3.98219176997e+11
150	1.38039821647e+12
151	4.85069572896e+11
152	9.618933218e+11
153	2.61731516265e+11
154	3.98627330452e+12
155	1.39029833698e+12
156	3.5902947704e+11
157	4.71706013543e+12
158	9.03918486685e+11
159	2.58032067111e+11
160	6.15142151091e+11
161	2.45356961895e+11
162	3.87940662171e+11
163	2.31310969611e+11
164	3.34338081297e+11
165	7.1019305512e+12
166	8.59991438312e+11
167	1.46487436233e+11
168	6.60706547608e+11
169	5.23178277806e+11
170	6.48279629445e+11
171	6.28642939387e+11
172	9.77557185896e+11
173	4.75268766524e+11
174	3.26679737256e+11
175	3.54873396468e+11
176	4.60950711116e+12
177	1.16334089886e+12
178	3.0585527712e+11
179	7.3377161911e+12
180	1.19689912169e+12
181	5.48773206804e+11
182	6.26962697354e+11
183	7.81084057222e+11
184	1.77464521157e+12
185	3.51103703768e+11
186	2.10808336292e+12
187	6.51795878954e+11
188	8.84575542734e+11
189	9.75162541037e+11
190	4.06302388444e+11
191	1.44283564623e+11
192	1.98992285242e+11
193	87151303216.4
194	1.15829772805e+12
195	3.57722720337e+12
196	1.0331343299e+12
197	1.16372058117e+11
198	4.68151407032e+12
199	2.43477441771e+11
200	3.18632347026e+11
201	6.18087999283e+11
202	1.08515822878e+12
203	7.35904994014e+11
204	6.80591914726e+11
205	1.11039045479e+12
206	2.47394865788e+11
207	1.09970092595e+12
208	8.41027716996e+11
209	6.57490888984e+11
210	8.31275048932e+11
211	7.39330490055e+11
212	9.4843881554e+11
