0	1.55238056017e+13
1	1.86346087154e+12
2	3.8921401555e+12
3	3.00019025204e+12
4	2.1237772521e+12
5	4.34775936497e+12
6	2.39952150016e+12
7	2.68706427685e+12
8	6.55043896348e+11
9	5.97110687618e+11
10	1.29517094274e+12
11	6.26319877096e+11
12	5.54391527808e+11
13	5.4991088604e+12
14	4.24061975494e+12
15	1.99516142212e+12
16	1.24933701229e+12
17	4.00645730376e+12
18	3.74593741792e+12
19	1.05129349185e+11
20	1.3527283509e+12
21	1.77107661932e+12
22	5.1519731865e+11
23	1.47578827822e+11
24	6.57077414029e+12
25	5.47172615361e+12
26	3.46147345158e+12
27	7.34002680084e+12
28	4.97894144578e+11
29	9.33853077925e+11
30	8.94263789011e+11
31	2.20324096082e+11
32	2.0155358645e+12
33	4.28399967243e+11
34	2.49538975326e+12
35	4.16000144381e+12
36	3.81918441949e+12
37	2.71663233819e+12
38	3.37205658845e+12
39	1.73549080081e+13
40	9.20336806e+11
41	1.69855035716e+11
42	3.8507819078e+11
43	8.20397623741e+12
44	5.83182711544e+11
45	1.27874894783e+12
46	6.04389087852e+11
47	3.57072409112e+12
48	5.96167438823e+12
49	5.78207903049e+11
50	1.23365983684e+12
51	2.85284323118e+12
52	3.62775041708e+11
53	1.57595970475e+12
54	1.12379448353e+12
55	4.09329179973e+11
56	8.46969228393e+11
57	2.09860462469e+11
58	2.21832910624e+12
