0	37139695013.5
1	3.57009605265e+11
2	44356094094.2
3	5.49333174678e+11
4	3.10002635096e+11
5	85675238082.4
6	3.88431188993e+11
7	1.97806384718e+11
8	5.10891937333e+11
9	7.29709732933e+11
10	1.31486770975e+12
11	4.03753691952e+11
12	3.09249139854e+11
13	1.11823608279e+12
14	1.84491153536e+11
15	5.40425373688e+11
16	4.76223168755e+11
17	9.31271831818e+11
18	3.60307941897e+11
19	1.2485352352e+12
20	9.71508438462e+11
21	3.54644733003e+11
22	1.9773730456e+11
23	8.97500301966e+11
24	1.91187212789e+11
25	2.53154508885e+11
26	1.44973660707e+11
27	1.11902831584e+11
28	1.71192236284e+11
29	3.49411812901e+11
30	3.18193036085e+11
31	1.37184661012e+12
32	5.79719362133e+11
33	3.78697389141e+11
34	4.04586947938e+12
35	2.27234214723e+11
36	2.76778369706e+11
37	2.82557813868e+11
38	1.85701707414e+11
39	1.33277399711e+11
40	5.65549434364e+11
41	2.79077468473e+11
42	3.13292479536e+11
43	6.46865852172e+11
44	7.2604970214e+11
45	4.16512972624e+11
46	2.96110068869e+11
47	2.89536218765e+11
48	1.06339456421e+12
49	2.91936684015e+12
50	74952150372.1
51	57998925173.5
52	8.33765005515e+11
53	2.90071336695e+11
54	2.44858305665e+11
55	3.48388867679e+11
56	2.8159462168e+11
57	3.16136960965e+11
58	1.30074900689e+12
59	5.80999604178e+11
60	1.1398329347e+11
61	1.04451800354e+12
62	4.35591143378e+11
63	78133247173.6
64	6.03171204103e+11
65	3.13732867327e+12
66	8.60148320324e+11
67	2.30259613744e+11
68	8.82250723595e+11
69	1.59982460575e+12
70	84398507698.8
71	2.69525357382e+11
72	4.51002280096e+11
73	2.99121080138e+11
74	3.71908597818e+11
75	4.21180161122e+11
76	6.31318337555e+11
77	6.99220039953e+11
78	1.77814475398e+11
79	8.78475653535e+11
80	4.97134747003e+11
