0	2.47886176216e+12
1	5.92169472925e+11
2	3.07660841261e+11
3	2.63230517282e+12
4	3.50488689058e+12
5	1.20135119501e+12
6	1.19316230079e+11
7	1.35950040484e+12
8	3.13411055744e+12
9	6.84644251764e+11
10	1.15830890198e+12
11	5.08783124479e+12
12	1.64505719574e+12
13	1.31843107964e+12
14	1.22308448402e+12
15	2.72237592538e+12
16	1.6246526255e+12
17	8.59304987654e+11
18	2.75226864084e+12
19	3.31176913741e+12
20	6.81815577713e+11
21	8.14250173231e+11
22	2.24427668756e+12
23	6.51755717686e+11
24	9.38906643056e+11
25	2.50975434123e+11
