0	28054396149.4
1	2.97831263903e+11
2	45530077811.9
3	1.12488045358e+11
4	4.66249051905e+11
5	74962571953.2
6	2.38972360819e+11
7	1.23963125979e+11
8	1.73611994662e+11
9	3.3860838856e+11
10	1.04898802264e+11
11	2.24645183848e+11
12	3.48216445781e+11
13	4.43732762439e+11
14	3.13550548083e+11
15	43952684106.0
16	1.14247791443e+11
17	54650649699.8
18	1.57889705474e+11
19	1.60548565663e+11
20	86752948990.3
21	3.12690137007e+11
22	1.56938374553e+11
23	1.2711481087e+11
24	1.44248287023e+11
25	5.28853352169e+11
26	2.80574690357e+12
27	3.19039470493e+11
28	73190876564.1
29	3.04034009401e+11
30	2.74858973676e+11
31	2.07543922754e+11
32	45606226333.8
33	1.3939965771e+11
