0	2.47671987172e+11
1	3.1582343531e+11
2	1.76895660958e+12
3	3.58864621373e+12
4	1.46402737146e+11
5	1.01697001022e+12
6	4.7916734551e+11
7	1.05086608772e+12
8	4.88347622855e+11
9	1.17879537337e+12
10	2.47914740361e+11
11	5.52836545286e+11
12	5.14166371167e+12
13	7.56361767896e+11
14	72699526508.8
15	3.1902948883e+11
16	5.14157700029e+11
17	2.12983834289e+12
18	1.3104163816e+12
19	7.25703040131e+11
20	4.08980287813e+11
21	6.01883125432e+11
22	4.21777516848e+11
23	6.54901039834e+11
24	5.54489474925e+11
25	1.41691381771e+12
26	3.5360908161e+12
27	7.20128535328e+11
28	6.40039601188e+11
29	2.17981239233e+12
30	7.55161376413e+11
31	2.48211417499e+11
32	5.33413250526e+12
33	6.58904892412e+11
34	4.77996636375e+12
35	4.675654574e+11
36	2.96222392924e+12
37	9.8896092133e+11
38	1.82328219704e+12
39	1.61065088137e+12
40	1.30475438565e+12
41	5.90504308099e+11
42	6.22538943552e+11
43	1.39679682945e+12
44	5.6554069488e+12
45	6.48129873002e+11
46	9.01531157572e+11
