0	2.28758645255e+11
1	1.98222150875e+13
2	1.45304605048e+12
3	6.23035351279e+12
4	1.03004313794e+12
5	8.78131899731e+11
6	2.46912008149e+11
7	6.62043213411e+12
8	2.98347118277e+11
9	1.21788482431e+12
10	4.16074155374e+12
11	6.59560011097e+12
12	1.02414109302e+13
13	6.51659478188e+11
14	1.27983165854e+12
15	9.75118544751e+11
16	2.04423501676e+12
17	3.61874326607e+12
18	1.37342418274e+12
19	1.01281600427e+11
20	3.03772048312e+12
21	1.34507070154e+11
22	8.3015986304e+11
23	1.11457746326e+12
24	1.81653686034e+12
25	5.14357966726e+12
26	7.36688315414e+11
27	3.55914371269e+12
28	6.91471228573e+11
29	3.91649199779e+11
30	1.26834674329e+12
31	5.29363551243e+12
32	9.93597434039e+11
33	3.733593658e+12
34	8.94289376198e+12
35	1.48756930697e+12
36	4.04087283628e+12
37	4.0134303181e+12
38	5.8187889434e+11
39	1.26794803447e+12
40	5.37834754047e+12
41	1.73266644088e+12
42	8.18088474632e+11
43	1.0663010651e+12
44	4.4223596136e+11
45	2.26200723719e+12
46	4.66773740075e+12
47	1.21392946668e+12
48	1.05265078367e+12
49	1.37489872705e+12
50	2.40925849763e+12
51	7.95855262657e+11
52	2.06119371292e+12
53	8.87595802614e+11
54	6.98082085343e+11
55	5.79701484675e+12
56	3.92886741247e+11
57	1.93706684101e+12
58	2.27693059196e+12
59	7.77775449713e+12
60	1.02931352805e+12
61	1.53344138207e+12
62	1.09842814884e+12
63	1.39047492612e+12
64	6.05977749763e+11
65	1.57652076104e+12
66	2.451336317e+12
67	1.46046083958e+12
68	4.02624941128e+12
69	1.55162667182e+12
70	1.25893517453e+12
71	8.23499564995e+11
72	1.52612465567e+12
73	1.9152096682e+12
74	8.98027519165e+11
75	8.24698936889e+12
76	8.86857649356e+11
77	3.81236540859e+11
78	1.75613877423e+12
79	2.66594432327e+11
80	2.04155071674e+13
81	6.06117373711e+11
82	4.64483123522e+12
83	8.07771682927e+11
84	4.81593543904e+12
85	7.95890551162e+11
86	4.12304200685e+11
87	1.66214024505e+12
88	1.2017165533e+12
89	5.66502232022e+11
90	3.97812588856e+11
91	1.45507664918e+12
92	7.49140163285e+11
93	1.5964631491e+11
94	1.32272508928e+12
95	1.79397829209e+12
96	1.10966974112e+13
97	6.9066399611e+11
98	6.33904667445e+11
99	2.36951173051e+12
100	1.24182322123e+12
101	5.55833326632e+12
