0	5.15368332842e+11
1	1.11377547669e+12
2	91117426121.0
3	2.39403613276e+11
4	3.96726778656e+11
5	2.29991338892e+11
6	3.54771787992e+11
7	4.16479841659e+11
8	5.00667140772e+11
9	2.58534522153e+12
10	5.45770519814e+11
11	5.92995070992e+11
12	2.1633641614e+11
13	66132093478.5
14	9.04355832626e+11
15	1.54647923384e+12
16	2.32775055029e+11
17	1.51625423626e+11
18	1.12001886879e+11
19	2.11140609817e+11
20	1.89207386689e+12
21	7.20562109636e+11
22	51333472645.0
23	1.3756013411e+11
24	6.4534838518e+11
25	1.19552900689e+11
26	2.18614366343e+11
27	6.60374593764e+11
28	1.63196587167e+11
29	1.87339874128e+11
30	4.21867790618e+11
31	3.64151184596e+11
32	4.71639996609e+11
33	4.20359189622e+11
34	2.17370525047e+11
35	5.96332781932e+11
