0	2.33668323548e+11
1	3.8440780702e+11
2	1.85936643311e+12
3	6.94818888405e+11
4	1.3609285386e+12
5	4.92429115412e+11
6	4.4432664515e+11
7	3.35079823498e+11
8	55596656847.1
9	2.57888308827e+11
10	1.57236937391e+12
11	1.68670707776e+11
12	1.92698526042e+11
13	34138943416.1
14	5.98021595589e+11
15	42556196296.3
16	2.25088069081e+11
17	3.66722403536e+11
18	33917607390.9
19	2.75656847554e+11
20	1.70697085012e+11
21	8.03100249961e+11
22	3.67161855544e+11
23	3.50291490109e+11
24	1.94236785599e+11
25	2.08344403363e+11
26	3.52182332999e+11
27	5.36038735173e+11
28	3.47451051743e+11
29	4.87096810698e+11
30	1.10215934166e+11
31	1.25444675377e+12
32	1.10861025425e+11
33	4.40752273496e+11
34	49189849949.3
35	9.91263220956e+11
36	4.94052375271e+11
37	2.82127955653e+11
38	3.07402075856e+11
39	1.36951938874e+11
40	1.65130623566e+11
41	1.76747909576e+11
42	6.79169992147e+11
43	1.50697456374e+11
44	1.99354210923e+11
45	82232620864.7
46	3.23093553188e+11
47	1.3733963047e+12
48	3.66281281579e+11
49	63385667765.9
50	3.31552662849e+11
51	1.04222295557e+12
52	1.50003574499e+12
53	2.07529414295e+11
