0	3.63513492338e+11
1	89321684384.9
2	35071199267.6
3	3.50163616745e+11
4	2.62859820182e+11
5	1.39881283041e+12
6	36936203475.6
7	6.50904248855e+11
8	28643987332.9
9	87034068751.6
10	2.11344157351e+11
11	7.00506782208e+11
12	1.15233706808e+11
13	3.40047924446e+11
14	2.02572877709e+11
15	1.47832575862e+11
16	9.67475288795e+11
17	1.03169468415e+11
18	1.57665079436e+11
19	3.39056732422e+11
20	6.38928804096e+11
21	3.37320200936e+11
22	8.40755818674e+11
23	97838382058.7
24	1.10754073826e+11
25	5.76620343649e+11
26	1.98350089395e+11
27	8.34769986245e+11
28	1.9374026418e+12
29	94100036503.3
30	5.27141275306e+11
31	7.76594981592e+11
32	87335370706.1
33	1.50919544617e+12
34	4.74750524191e+11
35	8.84868930518e+11
36	93458332120.4
37	1.32416127123e+11
38	2.61879041912e+12
39	5.45860751832e+11
40	1.56007650913e+12
41	7.38262387989e+11
42	3.03179465524e+11
43	2.60139753001e+11
44	1.39870965598e+11
45	1.60837158413e+11
