0	3.07654680916e+11
1	2.01839786274e+12
2	7.07967391197e+11
3	4.48203614551e+12
4	8.58354303495e+11
5	4.78494142351e+11
6	5.18628993207e+11
7	3.25258911114e+11
8	4.4091787139e+11
9	4.15567474536e+11
10	1.18760465412e+12
11	8.3748292416e+11
12	1.31822602405e+12
13	1.80775008139e+12
14	6.90176454419e+12
15	1.94334189399e+12
16	5.46424386531e+12
17	76701063918.0
18	5.02918290264e+11
19	1.74693136318e+12
20	3.47997278945e+12
21	5.93108002245e+11
22	9.12451015602e+11
23	1.32388428498e+12
24	2.75622735777e+12
25	7.98842014693e+11
26	1.1146136543e+12
27	3.92498460765e+11
28	6.93486738269e+11
29	1.61532542922e+12
30	2.69099826614e+12
31	2.17350176246e+11
32	3.5481914205e+12
33	9.9929208331e+12
34	6.33636536831e+11
35	1.600047776e+12
36	8.42528305908e+11
37	1.59037592307e+12
38	1.48131228282e+12
39	2.2126813844e+11
40	2.93503840937e+11
41	1.98596105692e+11
42	8.29586366086e+11
43	3.72701553742e+11
44	8.242190358e+11
45	1.33356728555e+12
46	2.24871930286e+12
47	1.95033667257e+12
48	4.63367922046e+11
49	1.00094771564e+12
50	5.81230995304e+11
51	9.99284655808e+11
52	8.66079057192e+11
53	5.56251182936e+11
54	1.52633140932e+12
