0	2.6863674493e+12
1	1.27804153802e+11
2	4.3728975113e+11
3	5.83425152752e+11
4	1.14881079431e+12
5	1.12872531134e+12
6	2.92377796097e+11
7	4.79416309517e+11
8	4.25450849685e+11
9	3.07979982556e+12
10	74831489433.7
11	3.74424394375e+12
12	7.7076367847e+11
13	1.55209595941e+12
14	7.26373142488e+11
15	7.38144433577e+11
16	2.86321092878e+11
17	2.7376279228e+11
18	5.30368082753e+11
19	1.95852438849e+12
20	1.03852258466e+12
21	2.68143507765e+11
22	3.23206899654e+11
23	4.34368272145e+12
24	1.90069680326e+11
25	5.65998782583e+11
26	1.37395929296e+12
27	4.16768397065e+11
28	8.73208278912e+11
29	1.41248522919e+12
30	1.45314421985e+11
31	4.45600141064e+11
32	9.8234174746e+11
33	97558936600.1
34	2.51168805572e+12
35	77804360220.3
36	7.10007474281e+11
37	6.47017745336e+11
38	4.83877853601e+11
39	2.90785846344e+12
40	92453922865.5
41	9.61366658582e+11
42	62158809652.2
43	1.09497050292e+11
44	2.42535064843e+12
45	32211826403.9
46	2.2675327742e+11
47	6.9279826783e+11
48	3.23709641344e+12
49	6.95827323648e+11
50	2.17288433038e+11
51	63129847153.0
52	8.31236878622e+11
53	5.08521299718e+11
54	5.57394406258e+11
55	5.05614704487e+12
56	2.68835758654e+12
57	2.87721861612e+11
58	1.67316118477e+11
59	1.63707208346e+11
60	1.12198819537e+11
61	1.03821926135e+12
62	1.88787292791e+11
63	5.19526448396e+11
64	1.83000733129e+12
65	9.10049529867e+11
66	5.77009161034e+12
67	1.88428670198e+12
68	1.38577888474e+11
69	2.45963920608e+11
70	2.25976915923e+11
71	7.96941074216e+11
72	6.12444021211e+11
73	1.48858950801e+11
74	94495787102.7
75	7.18865385022e+11
76	1.16218477469e+12
77	2.95450896725e+11
78	4.46075990512e+11
79	2.20846589088e+12
80	1.01999813975e+12
81	3.6252994058e+11
82	1.62390184026e+11
83	1.03297860183e+12
84	70462857072.0
85	3.11859269576e+12
86	1.99888164979e+12
87	2.86645259263e+11
88	5.90236999988e+11
89	9.14685085209e+11
90	1.50474574773e+12
91	1.37549709457e+12
92	1.31930830563e+12
93	9.09180762126e+11
94	9.97935897341e+11
95	1.12443927143e+12
96	3.62759393704e+11
97	7.91390554218e+11
98	1.34869758839e+12
99	4.21396630683e+11
100	1.1046205854e+12
101	1.20903787537e+11
102	4.0476288529e+11
103	4.1986093277e+11
104	1.20011207585e+12
105	9.70985613035e+11
106	6.29899662813e+11
107	1.29080517205e+12
108	5.42491093102e+11
109	1.22590093395e+12
110	1.71231608315e+11
111	2.15546982078e+11
112	1.02511507643e+12
113	3.25178923503e+11
114	1.62674839705e+12
115	1.25418753327e+11
116	1.70218984071e+12
117	4.92449119926e+11
118	7.39062401241e+11
