0	1.20351932863e+12
1	2.89654254405e+11
2	9.51972119043e+11
3	3.30430267299e+11
4	1.89240432789e+12
5	7.24254310085e+11
6	58770361823.8
7	4.94595579317e+11
8	8.91654377051e+11
9	65833132094.9
10	1.20682666733e+12
11	1.88813816384e+12
12	4.72014732333e+11
13	8.11183866058e+11
14	35941778896.0
15	1.07827106867e+12
16	2.11809248945e+12
17	7.09124777893e+11
18	3.21811008981e+12
19	2.62650725156e+11
20	7.19580694888e+11
21	2.22073465586e+12
22	4.0988266743e+12
23	9.54336567909e+11
24	1.44299571015e+12
25	3.01176420084e+12
26	4.90928203164e+12
27	1.48026467409e+12
28	8.41302741655e+11
29	4.72080259597e+11
30	3.34590035336e+11
31	3.89345802451e+12
32	1.14398377017e+12
33	1.09387994146e+12
34	5.08241931843e+11
35	4.01831811187e+11
36	6.38840958569e+11
37	2.21124382999e+12
38	1.2377776278e+12
39	1.50554508033e+12
40	1.59571628536e+12
41	1.00710836128e+12
42	3.46242027332e+11
43	1.64024869986e+12
44	3.24149226596e+11
45	1.90706091194e+11
46	1.66977474527e+12
47	4.54433026258e+11
48	6.05620648082e+11
49	4.80616413171e+12
50	1.113328505e+12
51	1.79945390103e+12
52	1.33399979883e+12
53	6.32675116669e+11
54	62074264544.9
55	5.523173651e+12
56	2.98623814208e+11
57	6.9393821723e+11
58	1.98777781518e+12
59	2.54124265597e+12
60	1.41611959577e+12
61	4.68156067924e+11
62	1.92659905213e+12
63	3.16184323458e+12
64	3.67119047638e+11
65	1.54251036871e+11
66	4.61946068008e+11
67	7.0736852731e+12
68	9.24763613482e+11
69	7.58029606111e+11
70	3.66752006515e+12
71	4.33124727046e+11
72	3.49687523207e+12
73	2.54396889914e+12
74	5.05607880124e+11
75	5.82511991607e+11
76	1.94948507753e+11
77	2.08269006499e+11
78	1.25906228271e+11
79	1.64265587481e+12
80	1.8214237425e+12
81	1.8459243027e+11
82	5.00081433893e+11
