0	3.64935846377e+12
1	9.25013704616e+11
2	7.82885469141e+12
3	3.06986233085e+12
4	1.75338765971e+12
5	2.81308297995e+12
6	7.75971495712e+11
7	1.30994052724e+12
8	2.01282304936e+12
9	3.84589463756e+12
10	3.21453267123e+12
11	2.47741812647e+12
12	2.75076091398e+12
13	8.2306047696e+11
14	3.42065482778e+12
15	9.53986908014e+11
16	1.67527523519e+12
17	3.01388878219e+12
18	1.27361780528e+12
19	1.99701542447e+12
20	9.88615595237e+11
21	3.262495341e+11
22	1.29814856496e+13
23	2.91382792147e+12
24	2.14775433163e+12
25	6.46639494572e+11
26	8.27718849834e+11
27	2.11627922611e+12
28	2.62392833698e+12
29	4.51557348062e+12
30	1.23938863221e+12
31	7.79321809566e+12
32	4.171535867e+12
33	6.20720126767e+11
34	7.5430608909e+12
35	2.02968834557e+12
36	2.06855911711e+12
37	5.76286487865e+11
38	5.99364419464e+12
39	3.68849266231e+12
40	92377558850.5
41	2.66734712814e+12
42	3.36214621039e+12
43	2.1285526432e+12
44	4.7759865781e+11
45	6.15380485438e+11
46	2.57215746096e+12
47	2.37397353458e+12
48	9.41120901179e+11
49	2.95191750458e+12
50	6.02453725294e+12
51	1.84357616371e+12
52	7.44859314877e+11
53	3.27959838576e+12
54	1.78266863541e+12
55	5.01371738073e+12
56	1.34571426296e+12
57	4.99579601283e+12
58	7.41840233029e+12
59	3.05244246806e+12
60	5.81161738029e+11
61	7.88620209188e+11
62	2.83236033581e+12
63	3.6162983592e+12
64	6.19591913809e+12
65	5.57394743636e+11
66	7.5378582937e+11
67	1.40292203873e+12
68	9.53842861382e+11
69	4.6154753006e+12
70	1.5271865517e+12
71	3.23618913007e+12
72	2.66828234471e+11
73	1.26784356243e+12
74	2.32610461728e+12
75	1.23892385677e+12
76	1.26966143392e+12
77	1.02427324922e+12
78	3.80404095964e+11
79	5.26044613525e+12
80	2.61937962165e+12
81	1.15036997278e+13
82	3.97104732801e+12
83	1.40137482294e+12
84	2.64568017147e+12
85	3.09465048325e+12
86	8.4470492574e+12
87	2.88796027679e+12
88	2.73460603235e+12
89	1.73700889072e+12
90	4.57835698369e+11
91	9.68328674875e+11
92	3.74251396294e+12
93	1.56106863772e+12
94	2.62177019527e+12
95	1.1082283168e+12
96	4.33881276704e+12
97	8.40225940998e+11
98	5.60969363731e+11
99	6.54437773896e+12
100	4.57917648054e+12
101	1.26479747063e+13
