0	5.0144611413e+12
1	4.00473933189e+12
2	5.87657858928e+12
3	1.85372716005e+12
4	4.15528219438e+11
5	5.42365076355e+12
6	4.236630407e+12
7	3.21568595691e+12
8	1.0453913949e+12
9	5.89760288555e+12
10	4.24160804396e+11
11	4.7438676106e+12
12	4.09386240672e+11
13	5.04624012443e+12
14	2.00267569083e+11
15	6.92414550436e+12
16	2.77116706331e+11
17	2.17229919544e+12
18	1.79436624021e+12
19	1.14311107069e+12
20	3.01763752054e+12
21	7.62381657415e+11
22	2.05708421035e+12
23	2.6768855156e+11
24	6.20868715092e+11
25	2.29841181087e+11
26	1.25287642579e+11
27	1.7064436869e+12
28	2.11216078178e+12
29	4.90404295042e+11
30	1.32640003825e+12
31	4.33079450948e+11
32	1.84759291644e+12
33	5.75636360708e+11
34	4.02788540177e+11
35	6.87446526394e+11
36	3.66057715901e+12
37	1.05740674437e+12
38	5.3772299631e+11
