0	6.94538234326e+11
1	2.64661138549e+12
2	8.17513708912e+12
3	3.24302049281e+12
4	2.220753487e+12
5	6.60485979774e+12
6	1.07998768062e+12
7	2.23732655968e+12
8	2.3024314681e+12
9	1.88876161179e+12
10	1.31497579565e+12
11	2.61565793606e+12
12	3.23017653362e+11
13	1.19785008018e+12
14	2.30448523651e+12
15	4.10702219594e+12
16	1.89361304316e+12
17	1.07028161459e+12
18	1.35112862708e+12
19	4.39566623757e+12
20	1.52625633963e+12
21	2.93798451206e+12
22	1.28888001788e+13
23	2.17399010303e+12
24	4.06407945865e+11
25	7.16233333686e+11
