0	1.66129775576e+12
1	1.20436210881e+12
2	2.89391653893e+12
3	4.7337322815e+11
4	1.16002059256e+12
5	3.40234879627e+12
6	4.99232860841e+12
7	1.03635850525e+13
8	3.70729706843e+12
9	6.38394379704e+12
10	6.84723407811e+12
11	2.76532802091e+12
12	6.74547559016e+11
13	4.62031846665e+12
14	2.43206729088e+12
15	3.42832915289e+12
16	1.80593533593e+12
17	1.72365895019e+12
18	5.83688983458e+11
19	1.56565475637e+12
20	7.86158422816e+11
21	2.67496282141e+12
22	8.79138555645e+11
23	6.07225724534e+12
24	2.5024809379e+11
25	1.70798027973e+12
26	1.32715260184e+12
27	1.21530496168e+12
28	1.52087751162e+12
29	4.01966786592e+12
30	4.33627597578e+12
31	5.25684467502e+12
32	9.39236928752e+11
33	1.68111967975e+11
34	1.71983295885e+12
35	1.56848068566e+12
36	1.02867971873e+12
37	8.33387848653e+11
38	1.35019721693e+13
39	1.01435011783e+12
40	2.67466334482e+12
41	6.35601360078e+12
42	2.86133598921e+12
43	1.67270370749e+12
44	1.44493507115e+12
45	5.68970412495e+12
46	8.29080809835e+11
47	3.94887712057e+11
48	2.58161886886e+12
49	6.0232901977e+12
