0	4.55350771909e+11
1	7.80524184329e+11
2	1.11451726896e+12
3	6.03171904207e+11
4	1.21241380096e+11
5	3.34219503259e+11
6	1.21941479894e+11
7	2.33946068513e+11
8	3.55359696286e+11
9	3.36255509628e+11
10	1.68292331913e+12
11	1.39555576257e+12
12	3.18874861148e+11
13	3.12015302882e+11
14	5.64661081236e+11
15	1.21005723024e+12
16	3.56685885587e+11
17	1.16298922111e+11
18	1.33827463981e+12
19	3.89114667142e+11
20	8.35640044652e+11
21	61869742360.1
22	4.40227966246e+12
23	1.318923782e+11
24	4.4663504213e+11
25	1.28356671205e+11
26	3.3434029742e+11
27	79821752927.4
28	1.22041397167e+12
29	1.83598896724e+11
30	1.45698939962e+12
31	71419618004.0
32	3.10597546201e+11
33	3.98179164382e+11
34	73336702169.3
