0	5.59879160831e+12
1	1.8096992321e+12
2	6.52917027589e+12
3	1.33917515397e+11
4	7.987352113e+11
5	5.73472023569e+12
6	1.09724926451e+12
7	4.20038397219e+11
8	2.79779213986e+12
9	2.51663183809e+12
10	2.23490132093e+12
11	3.23030684562e+11
12	2.05582016038e+12
13	3.40613515633e+12
14	5.34924590773e+12
15	1.0230425084e+13
16	9.6736342102e+11
17	3.04870654504e+12
18	4.39117542032e+11
19	3.50374939124e+12
20	5.07131564414e+12
21	4.30008727255e+12
22	1.71210384099e+12
23	1.3930366113e+12
24	1.95633947221e+13
25	1.55906885244e+12
26	1.29589706197e+11
27	1.85370811434e+12
28	1.26338607626e+12
29	2.37899247829e+12
30	9.89838206505e+11
31	2.06498403763e+12
32	1.75367275758e+12
33	2.78740899955e+12
34	1.0188089431e+13
35	3.02981772011e+12
36	6.95591995235e+11
37	1.51273567076e+12
38	5.01857971825e+12
39	1.59298876623e+12
40	2.53934060821e+12
41	6.12758813672e+11
42	1.22745547526e+12
43	4.24336502008e+12
44	1.75147243332e+12
45	8.76606439008e+11
46	7.80593544292e+11
47	5.03092168619e+11
48	7.13126544585e+12
49	2.9077941676e+12
50	8.08831391962e+12
51	7.84686078648e+11
52	8.26433128437e+11
53	4.27341997544e+11
54	1.36289170962e+12
55	6.85356778646e+11
56	5.66049690058e+12
57	7.47808457086e+12
58	7.12136958752e+12
59	4.34022388054e+11
60	1.16999102283e+12
61	4.95697959146e+12
62	2.88116981349e+12
63	1.30139309324e+12
64	5.01659679495e+12
65	8.44730887412e+12
66	4.21846882204e+11
67	7.43111915456e+12
68	3.50203748147e+12
69	4.35974730188e+11
70	2.7278945292e+12
71	5.0056936835e+12
72	1.78956252492e+12
73	1.36463235846e+13
74	2.12732464255e+12
75	1.18910031777e+12
76	1.58969652565e+12
77	2.10452332418e+12
78	2.38854887783e+12
79	3.6456757518e+12
80	3.02268380767e+12
81	8.56357200505e+11
82	1.12656477076e+12
83	2.52182412487e+12
84	1.5685170701e+12
85	4.61305907666e+11
86	3.5928338967e+11
87	5.76710873389e+12
88	1.62138692472e+12
89	3.27619092488e+12
90	8.32399899121e+12
91	1.70146996925e+12
92	2.49680591956e+12
93	9.67273091236e+11
94	4.75983630237e+11
95	1.16163714673e+13
96	7.44855679531e+12
97	2.69552160581e+12
98	4.20106135281e+12
99	1.58534081549e+12
100	4.31519853171e+12
101	1.906979071e+12
102	2.47064980837e+12
103	6.89679270963e+12
104	6.86824744353e+11
105	4.49056011642e+11
106	5.47267068141e+12
107	1.172597509e+12
108	2.0686001291e+12
109	1.51283951005e+12
110	4.08265074777e+12
111	1.13748248067e+12
112	2.53344923445e+12
113	7.10052283218e+12
114	1.54441879269e+12
115	3.04677088098e+12
116	5.21785414902e+12
117	6.95826278432e+11
118	4.45586257924e+12
119	8.98991894753e+11
120	3.82438666376e+12
121	1.84891398777e+12
122	3.17533680409e+12
123	3.17105200526e+12
124	1.11664047967e+12
125	2.80941814147e+12
