0	3.58867055931e+12
1	1.35216537191e+12
2	4.90992927444e+11
3	3.91195961387e+12
4	1.8807785418e+12
5	1.2423065024e+12
6	3.1496686722e+12
7	5.27921049197e+11
8	5.19795135102e+11
9	2.8741827414e+12
10	3.0052111124e+11
11	1.8304908714e+12
12	7.02220203237e+11
13	1.63326048865e+12
14	1.3060286978e+12
15	5.59484196916e+11
16	4.92630187035e+11
17	4.73204032799e+12
18	1.30032160367e+12
19	3.46838343778e+12
20	4.51303852299e+11
21	2.55464879961e+12
22	1.51353631263e+12
23	1.02852571021e+12
24	7.94397082546e+11
25	3.20506625057e+12
26	1.88815410164e+12
27	2.29331326347e+12
28	1.89610352115e+12
29	9.76069301279e+12
30	2.96155842238e+12
31	1.12340178774e+12
32	2.22831059021e+12
33	4.73693760309e+12
34	1.87446502203e+12
35	1.91641107605e+12
36	3.30530558148e+11
37	1.31875118712e+12
38	5.73922076274e+11
39	2.41191976284e+12
40	1.69950370875e+12
41	3.64522591554e+12
42	5.84453370256e+11
43	4.3815797827e+12
44	8.39492095137e+11
45	8.60716131658e+11
46	2.7754130177e+12
47	1.41573283932e+12
48	1.33371321897e+12
49	3.20563140555e+12
50	1.38684259045e+12
51	3.34751403432e+11
52	1.86908842394e+12
53	2.80152117798e+11
54	1.60150948911e+12
55	8.56654797312e+12
56	2.02624536371e+12
57	5.43405752898e+11
58	1.22398527765e+12
59	2.98737745632e+12
60	1.52062965611e+12
61	4.57683156741e+12
62	9.42462820905e+11
63	4.9280438582e+12
64	2.6468688083e+12
65	6.80283832449e+12
66	1.87527700221e+12
67	8.37514629613e+11
68	1.39044246316e+12
69	9.19572509358e+11
70	1.42600099441e+12
71	3.13660777477e+12
72	4.13648611803e+12
73	7.72843780035e+11
74	9.17668075432e+11
75	4.19468152165e+12
76	4.2305199337e+11
77	4.005979929e+12
78	1.23569473135e+12
79	2.21139325343e+12
80	2.3272007228e+11
81	2.20884642006e+12
82	1.37131686616e+12
83	3.51031655298e+11
