0	1.01888882349e+11
1	1.5951883889e+11
2	1.24594059204e+12
3	1.14273152398e+12
4	2.91905934462e+11
5	1.29066376309e+11
6	8.34243602314e+11
7	1.72502695675e+11
8	9.23970655431e+11
9	1.43033803964e+11
10	2.12141849423e+11
11	58277543410.7
12	8.85845046914e+11
13	3.02239111353e+11
14	1.38662443183e+11
15	71648692243.0
16	1.64026493836e+11
17	3.03939438566e+11
18	3.00993691437e+11
19	90736728097.4
20	9.20968613781e+11
21	1.77172328283e+11
22	95059826273.8
23	1.87285944537e+11
24	5.78534178846e+11
25	4.66482626629e+11
26	23847500441.7
27	2.51911535892e+11
28	1.98907184422e+12
29	75811464639.0
30	9.48202937645e+11
31	3.9205833124e+11
32	74020127640.6
33	5.73088404702e+11
34	3.7283819372e+11
35	29491131906.2
36	6.95416531645e+11
37	3.47974268313e+11
38	3.39214890069e+11
39	83256121101.7
40	9.64348354691e+11
41	2.57373116941e+12
42	3.93444365079e+11
43	2.58858049509e+11
44	6.07253443403e+11
