0	4.8933434949e+11
1	1.728999001e+11
2	1.09624007057e+12
3	6.96446782407e+11
4	1.13355986903e+11
5	4.43344732903e+11
6	1.42113216292e+11
7	4.04938465867e+11
8	2.45799106731e+12
9	70615849133.3
10	6.32382208746e+11
11	3.51791408846e+11
12	3.32548681359e+11
13	1.90009272393e+11
14	3.22229347615e+11
15	1.18930171787e+11
16	1.16151343618e+11
17	2.27796790693e+11
18	3.05482617872e+11
19	1.43021702154e+11
20	6.21038676951e+11
21	1.67122595788e+11
22	3.40164480468e+11
23	1.94659039474e+11
24	1.50898969168e+11
25	1.03721067766e+11
26	68339429733.2
27	7.05955729666e+11
28	2.2879585328e+11
29	1.56042294626e+12
30	8.34718950944e+11
31	4.14433083299e+11
32	3.01277955362e+11
33	1.13020504065e+12
34	1.94022386679e+11
35	94238494848.8
36	2.97124453443e+11
37	4.08502789676e+11
38	8.95184528992e+11
39	1.21051008764e+12
40	1.23128366609e+12
41	5.93955410464e+11
42	2.83699225136e+11
43	2.13744920326e+12
44	1.10915867815e+12
45	4.64581192769e+11
46	1.0042493507e+12
47	6.76563853219e+11
48	6.89830199507e+11
49	1.93424977456e+11
50	5.58486744746e+11
51	1.04556916574e+11
52	1.9952457702e+11
53	1.26238956835e+12
