0	1.0903081743e+12
1	1.83405741162e+11
2	1.80480398842e+12
3	1.50416804285e+11
4	6.29185367998e+11
5	1.62800929846e+12
6	4.23553709085e+11
7	1.80944349369e+11
8	87256816079.0
9	89493085013.8
10	4.76688070182e+11
11	2.39692698541e+12
12	1.94306025699e+11
13	84190161631.9
14	2.09811070228e+11
15	1.77159126924e+12
16	5.00667148643e+11
17	7.66579506952e+11
18	5.4741364287e+11
19	37975275383.2
20	1.85469029667e+11
21	2.32162490679e+11
22	5.8402476194e+11
23	2.44695800201e+11
24	1.29705510134e+11
25	4.99888815547e+11
26	8.09855701206e+11
