0	2.01992152531e+11
1	9.95285834051e+11
2	7.22275552601e+11
3	1.63401815602e+13
4	3.2498338128e+12
5	1.85481983129e+12
6	2.2148970869e+12
7	9.3513960676e+11
8	1.0044455908e+13
9	1.01359884787e+13
10	4.12255874866e+12
11	1.97249450716e+12
12	3.50530680611e+12
13	5.07083926065e+11
14	6.41450397087e+12
15	7.3620128071e+11
16	8.67515495566e+12
17	7.18900111682e+12
18	1.42588522978e+12
19	9.20168363536e+11
20	4.71542981249e+12
21	5.98779077628e+11
22	6.60963325594e+12
23	5.6010721518e+12
24	5.30221439168e+11
25	1.95129781526e+12
26	2.04070819264e+11
27	2.56177064287e+12
28	1.07806807693e+13
29	2.26087971954e+11
30	8.91468358029e+12
31	1.01380753453e+13
32	1.06770877885e+13
33	1.48052247711e+12
34	5.26842603226e+11
35	3.57379051927e+12
36	4.786331521e+12
37	2.84124742932e+12
38	5.45181146968e+11
39	8.57510080236e+11
40	2.16377739886e+12
41	1.17262259409e+12
42	2.14971956876e+12
43	3.65764396693e+12
44	5.55168679836e+12
45	1.94567060955e+12
46	2.14488344131e+12
47	2.72780484172e+12
48	5.17488864076e+11
49	6.08400022074e+12
50	9.34849414048e+11
51	5.02310999459e+12
52	2.78117470372e+12
53	2.95710736968e+12
54	1.77753083067e+11
55	1.71334462546e+12
56	6.01336565379e+12
57	1.59761134203e+12
58	5.10661327597e+11
59	1.13203421396e+12
60	1.87948333634e+12
