0	1.35984148774e+12
1	5.86375426979e+12
2	8.74038833057e+11
3	2.12791557053e+12
4	1.10719862958e+12
5	3.58905046784e+12
6	4.86110411229e+12
7	8.54476889051e+11
8	8.62752312903e+11
9	8.01859926405e+12
10	2.55750066829e+12
11	9.89559852858e+11
12	1.24031576454e+12
13	2.39415412365e+12
14	1.9647454228e+12
15	1.76378980737e+12
16	3.86726515588e+12
17	1.34734028634e+11
18	9.11550426435e+11
19	5.08950013052e+11
20	1.22379225919e+12
21	1.5639729157e+12
22	9.85700572115e+11
23	1.50898780134e+12
24	1.32016983479e+12
25	1.20821989834e+12
26	4.03918655376e+11
27	1.43072277317e+12
28	8.40304375726e+12
29	1.4344154866e+12
30	5.47128966586e+11
31	2.06632681248e+12
32	2.14165423675e+12
33	5.24166956967e+11
34	3.78534188146e+12
35	1.5912508002e+12
36	4.84465858415e+11
37	2.25069305521e+11
38	7.21454348466e+11
39	3.40699680483e+11
40	1.74732737703e+12
41	5.27649898901e+11
42	2.9828946371e+11
43	2.86620076239e+12
