0	8.35541912921e+11
1	3.31978194122e+12
2	4.30860881531e+11
3	5.62448371737e+11
4	2.11383629951e+11
5	5.19081219311e+11
6	7.10110572098e+11
7	5.48200438675e+11
8	2.94830154885e+12
9	1.89120191237e+12
10	3.75114764295e+11
11	2.55233399018e+12
12	3.34270630955e+12
13	8.04949992464e+11
14	1.79659106724e+12
15	8.8598506956e+11
16	4.4951207049e+11
17	7.53931138411e+11
18	4.13845181452e+11
19	9.903293898e+11
20	3.39109548858e+11
21	3.48728924268e+12
22	1.47481043783e+12
23	3.01383743516e+12
24	5.20170784711e+12
