0	2.81532856845e+11
1	1.44841459836e+12
2	2.86706193267e+11
3	5.0661820674e+11
4	5.36997272679e+11
5	1.50907002925e+12
6	1.50471345833e+12
7	5.47585616425e+11
8	2.60725015988e+11
9	3.73404198512e+11
10	64449408887.0
11	40848005291.4
12	3.07358981897e+11
13	1.07149898676e+12
14	2.38969963231e+12
15	2.55097486307e+11
16	1.74270203026e+11
17	6.36558772308e+11
18	46393730636.8
19	1.76021732168e+11
20	2.06690153082e+11
21	1.41361583742e+12
22	9.21056995119e+11
23	5.57268449084e+11
24	2.47080172567e+11
25	8.40040759512e+11
26	97471739149.3
27	2.2817784151e+12
28	1.17645727075e+11
29	35034306168.0
30	8.57859223311e+11
31	5.55133542234e+11
32	1.60974446714e+12
33	3.50829172439e+11
34	1.51895668456e+12
35	76474125262.0
36	1.61142508861e+11
37	1.92054614125e+11
38	4.11985857918e+11
39	3.3817492272e+11
40	5.38857645666e+11
41	2.22104293546e+11
42	5.18439727148e+11
43	2.08851989061e+12
44	2.52139384588e+11
45	43709073708.3
46	34178543635.8
47	1.66426940958e+11
48	5.29204248664e+11
49	1.10082843624e+12
50	54231225726.9
51	46009252894.1
52	2.34943423645e+11
53	3.75986235802e+11
54	6.140828186e+11
55	1.61811177094e+11
56	1.72918953641e+11
57	1.23409666239e+12
58	3.43772682297e+11
59	1.86487952007e+12
60	5.1272253082e+11
61	2.87840537015e+11
62	1.39390724912e+11
63	7.74480837986e+11
64	6.97535245945e+11
65	2.81259424724e+12
66	1.69146727353e+11
67	1.40739996108e+11
68	89761008743.4
69	4.19295648071e+11
70	1.90741884448e+11
71	6.15544790971e+11
72	3.67663521293e+11
73	4.60888152794e+11
74	5.70008930361e+11
75	5.63518294306e+11
76	1.12637959401e+12
77	2.7012274509e+11
78	1.3517096873e+12
79	2.31258532905e+11
80	3.50820331489e+11
81	65107350577.1
82	3.84195080472e+12
83	1.21728676593e+12
84	2.09096467131e+11
85	3.54606245114e+11
86	7.14463764091e+11
87	1.80842890142e+11
88	1.29578758697e+12
89	5.01328433535e+11
90	2.6038962729e+11
91	2.32387835227e+11
92	8.54951041477e+11
93	6.82274202898e+11
94	83033379006.2
95	1.0679515688e+12
96	2.49720876755e+11
