0	2.80798869706e+11
1	4.39423952353e+11
2	1.37764013096e+12
3	98430989940.3
4	9.86699095869e+11
5	2.69291078561e+11
6	41553555021.3
7	5.61491575834e+11
8	2.49120699337e+11
9	1.26828538213e+11
10	1.38837896088e+11
11	1.08393378053e+12
12	36562190708.2
13	2.2272800013e+11
14	53430142392.9
15	5.08972015409e+11
16	6.79760240008e+11
17	36463181680.2
18	1.43350992359e+12
19	2.35089606424e+11
20	99795786197.3
21	8.46144945789e+11
22	1.14739988221e+12
23	4.07960697566e+11
24	1.10538597397e+11
25	6.36741156458e+11
26	2.08847876854e+11
27	2.50153095174e+11
28	2.44547058136e+11
