0	3.06528362403e+11
1	1.6418395495e+11
2	5.84601413659e+11
3	2.42826450587e+11
4	1.9934185243e+11
5	1.93268245981e+11
6	80766087381.5
7	9.6330232289e+11
8	1.51837905868e+11
9	2.05496212176e+11
10	2.79399838761e+11
11	3.92514020641e+11
12	1.07846902001e+11
13	2.13181157478e+11
14	1.24082435057e+11
15	73391314829.1
16	1.93521492623e+11
17	1.49364046891e+11
18	1.48239103324e+11
19	2.69258913695e+11
20	67853336580.8
21	65847130099.0
22	99033348292.4
23	25747196626.1
24	41729110644.4
25	1.28266502665e+11
26	76388952512.6
27	2.53122679455e+11
28	8.3919612399e+11
29	2.041904471e+11
30	5.74614085541e+11
31	2.81805248452e+11
32	80263208967.3
33	1.70616799902e+11
34	1.61775679776e+11
35	3.20292381241e+11
36	70031782968.3
37	1.84925006479e+11
38	1.77766978967e+11
39	1.87444354943e+11
40	1.66070417134e+11
