0	2.1934355447e+12
1	1.49354555582e+12
2	4.05770711049e+12
3	6.79717047999e+11
4	1.11209098385e+12
5	1.40315965156e+12
6	3.20318876621e+12
7	2.5929345188e+12
8	1.22351221325e+12
9	2.12367975655e+12
10	1.89083889783e+12
11	7.29356786435e+11
12	6.34870304531e+12
13	6.89270750454e+12
14	1.02965620823e+13
15	1.71878350188e+12
16	6.19635058339e+11
17	5.15399452068e+12
18	1.19059961258e+12
19	2.56654762434e+12
20	6.45795569255e+11
21	2.89795821985e+12
22	3.14413854771e+12
23	3.13284032195e+12
24	5.12359264489e+11
25	5.37244301542e+12
26	4.15975787271e+11
27	7.00231966121e+12
28	3.32178718976e+12
29	2.04140842381e+12
30	3.45268026381e+12
31	2.08176973261e+13
32	7.06191991014e+12
33	1.30840237596e+12
34	1.69393063909e+12
35	7.55682803996e+11
36	1.21034731389e+12
37	4.16303194259e+12
38	2.4893426522e+12
39	2.83181895938e+11
40	7.52617145451e+11
41	8.67710395819e+11
42	4.35844911132e+12
43	1.06394130889e+12
44	1.21463282709e+12
45	1.15062620484e+12
46	1.121319234e+12
47	1.80199207175e+12
48	5.94075925399e+12
49	5.74722177986e+11
50	6.19377326169e+12
51	1.56972738692e+12
52	6.52986552982e+12
53	3.02730994695e+11
54	6.74768369883e+11
55	1.13422434183e+12
56	3.19786907973e+12
57	5.08607740587e+11
58	7.39092291806e+11
59	1.39140899009e+12
60	5.79012893427e+11
61	1.02920633164e+12
62	6.71229441336e+11
63	7.20280709586e+12
64	1.29748938418e+13
65	4.22102115396e+12
66	2.84082271373e+11
67	3.75119211878e+11
68	1.91029353187e+12
69	5.08449151748e+11
70	2.07347236849e+12
71	3.84795474663e+12
72	2.29389822239e+11
73	2.77374038571e+12
74	6.30407549381e+12
75	2.68935968651e+12
76	1.96788580987e+12
77	1.27984333213e+12
78	1.47082056934e+12
79	4.66063497962e+12
80	7.48786474501e+11
81	1.44898882732e+12
82	6.71964116748e+11
83	7.18582049294e+12
84	7.03002920273e+11
85	2.31702473683e+12
86	1.03510659422e+12
87	3.88776180781e+12
88	5.71178267274e+12
89	6.11859164806e+11
90	2.35385619672e+11
91	1.44936103201e+12
92	7.88736473269e+12
93	5.86746540448e+12
94	1.01250830169e+12
95	2.08138054786e+12
96	1.08042150882e+12
97	3.05585211907e+11
98	1.37569821904e+12
99	9.84534941392e+11
100	7.5622755515e+11
101	5.33571175015e+12
102	9.00205853859e+11
103	2.30419503363e+12
104	1.40399364097e+12
105	4.19353554831e+12
106	1.32811141102e+12
107	1.92289406998e+13
108	7.21891220202e+11
109	4.47942866857e+12
110	3.96150539806e+12
111	1.91476416769e+11
112	4.11326852895e+12
113	6.71533770695e+11
114	7.88971527336e+11
115	2.28329083037e+12
116	1.29951003192e+12
117	4.15231570085e+12
118	9.58969621732e+11
119	1.09713826153e+12
120	8.09127458887e+11
121	2.62159318039e+12
122	2.73108177698e+11
123	1.74278068845e+12
124	1.95585487727e+12
125	2.15123094915e+12
126	1.00920512179e+12
127	1.74374728558e+11
128	3.59069144604e+12
129	3.25338992008e+12
130	5.28152905888e+11
131	4.73501513143e+11
132	1.95874463872e+12
133	4.04421537509e+12
134	2.09530631855e+12
135	1.63314491711e+12
136	37858008680.3
137	2.88046995376e+11
138	1.43903685562e+12
139	3.89346925104e+12
140	2.5814060601e+12
141	2.53482314263e+12
142	8.91507156199e+11
143	1.45010895528e+11
144	2.35767245064e+12
145	2.99974078665e+12
146	1.23871340029e+12
147	3.80909002089e+11
148	8.13681036181e+12
149	6.04241209208e+11
150	2.2578019633e+12
151	2.42045445695e+12
152	9.43656296964e+12
153	1.05052800017e+12
154	1.17142386975e+12
155	2.88665521112e+12
156	2.77897338864e+11
157	9.48395850499e+12
158	7.11270140499e+12
159	1.33026546205e+12
160	1.88453533358e+12
161	6.66766956177e+11
162	5.94207877511e+11
163	1.43131119037e+12
164	5.92765122273e+12
165	2.42002390376e+12
166	3.90562607209e+12
167	1.01134741939e+12
168	1.38434563e+12
169	2.0341554737e+12
170	6.66956716995e+11
171	5.49923182744e+12
172	7.65403045354e+11
173	3.0948713528e+12
174	9.63095505374e+11
175	6.96937031506e+11
176	1.95754135586e+13
177	2.12329304844e+12
178	1.0260266863e+12
179	3.35693364654e+12
180	7.2315884099e+11
181	4.5281734946e+11
182	1.11709838104e+12
183	5.45752327987e+11
184	3.41257603644e+12
185	6.79109106513e+11
186	5.28119461367e+12
187	6.05794507136e+11
188	1.4172235665e+11
189	3.4622846578e+12
190	4.83167498955e+12
191	1.8210603734e+12
192	4.65669104067e+12
193	2.17959687935e+12
194	5.63120161957e+12
195	2.67784215494e+12
196	5.46230592856e+11
197	3.47493303147e+12
198	1.77994236481e+12
199	2.11352414719e+11
200	1.89222598249e+12
201	3.43743731628e+11
202	2.1216720892e+12
203	1.76421705312e+13
204	8.54812563982e+11
205	3.7750456365e+12
206	8.18342931609e+12
207	7.76757307636e+11
208	1.05387419514e+12
209	4.0808221501e+12
210	1.23041073784e+12
211	5.43509373907e+12
212	1.74249632553e+12
213	7.85170712356e+11
214	7.67629120657e+11
215	1.75300149048e+11
216	1.13092044564e+12
