0	3.51345525276e+11
1	3.3554477592e+11
2	2.68930086057e+11
3	2.35592564786e+11
4	4.03997121296e+11
5	1.29714531913e+12
6	2.34474343231e+11
7	7.2382509495e+12
8	1.17379723701e+12
9	1.8588365252e+12
10	4.79533846983e+12
11	2.03336001412e+11
12	1.9322619068e+11
13	1.85072638223e+12
14	1.23763995895e+11
15	1.93603921243e+11
16	1.11614395799e+12
17	5.16861085817e+11
18	5.06144071754e+11
19	3.31109626036e+12
20	2.50313342329e+12
21	8.51250007168e+11
22	1.00233972523e+12
23	2.4248605832e+11
24	3.43934815489e+12
25	2.02682762404e+12
26	1.5423618967e+12
27	7.19695740781e+11
