0	3.74894518362e+11
1	9.61186792856e+11
2	6.20929219385e+11
3	1.20082779981e+11
4	1.42277556601e+11
5	8.31705192933e+11
6	1.43044750867e+12
7	1.05792615548e+11
8	4.0194199995e+12
9	45516426379.5
10	1.29695358335e+12
11	8.77245179854e+11
12	7.33955861429e+11
13	4.41048781169e+12
14	9.20310391452e+11
15	2.1886209055e+11
16	3.69649063962e+11
17	1.10202880349e+11
18	1.74949214258e+12
19	1.17141043632e+12
20	8.66646342043e+11
21	3.3639834669e+11
22	1.1029073921e+11
23	1.63782030401e+12
24	7.1236581523e+11
25	2.23252643196e+11
26	1.92495467552e+12
27	5.54148117776e+11
28	1.07511864131e+12
29	1.56732108361e+11
30	3.58586312515e+11
31	7.971588282e+11
32	2.62155698709e+11
33	6.59125391007e+11
34	2.08451052499e+11
35	2.72527640352e+12
36	9.86809160745e+11
37	1.96257665035e+12
38	2.3366184846e+11
39	2.39136927095e+12
40	72865188435.6
41	1.86055157524e+11
42	1.13675314163e+11
