0	2.74452679904e+11
1	1.37030126644e+12
2	9.06204746129e+11
3	2.03238319267e+12
4	3.81140130557e+12
5	1.57774443329e+11
6	1.41062678998e+12
7	2.01115868939e+12
8	1.59642542144e+12
9	6.94036743589e+12
10	1.23506364566e+12
11	3.31127857402e+12
12	2.80337501032e+12
13	5.20498189089e+11
14	2.81467429606e+11
15	6.26858745587e+12
16	1.1623179397e+12
17	2.81850374707e+11
18	3.39432867764e+12
19	7.75054862271e+11
20	2.31760066854e+12
21	1.52961008656e+12
22	4.36155614354e+12
23	1.96281187364e+12
24	4.29919979214e+11
25	2.03853850779e+12
26	3.63843773984e+11
27	5.56577663531e+11
28	5.98662636002e+11
