0	5.34675392299e+12
1	3.29750821068e+12
2	2.95138332788e+12
3	1.74604152835e+12
4	7.18253540495e+12
5	3.43100722057e+12
6	5.94358783362e+12
7	1.67960013145e+12
8	1.26197797535e+13
9	8.24469455818e+12
10	4.25467335341e+12
11	3.27777991375e+12
12	1.22944098356e+13
13	7.10343673443e+12
14	9.69854770086e+11
15	5.14697876205e+11
16	2.08808815799e+12
17	1.49871453973e+12
18	4.17270252421e+12
19	3.38608537037e+12
20	2.89924517215e+12
21	1.29457032004e+13
22	1.96072017662e+12
23	2.42643024225e+13
24	3.28524082195e+12
25	6.63195119015e+12
26	4.12159403197e+12
27	5.70572592427e+12
28	1.44785295695e+11
29	4.31556855026e+12
