0	1.00664234584e+12
1	3.32899184469e+11
2	1.5600680971e+12
3	1.16566361752e+12
4	1.94090758648e+11
5	3.24785140022e+11
6	2.3316747098e+12
7	1.09552528526e+12
8	3.94778661998e+12
9	9.42996552682e+11
10	6.12452059153e+11
11	3.72058870348e+11
12	1.48278339727e+12
13	4.25942344984e+11
14	1.98964314321e+11
15	3.1984138312e+12
16	2.23573963329e+12
17	1.70152393185e+12
18	1.53326064272e+11
19	1.86115727316e+11
20	6.97713782711e+11
21	4.0523841393e+11
22	1.04873101851e+12
23	2.58778797421e+11
24	1.19529467877e+11
25	4.27783435526e+12
26	1.1034023797e+11
27	1.73586995659e+11
28	1.03913224515e+12
29	9.2328317997e+11
30	4.94491099781e+11
31	7.20927861813e+12
32	2.98385548242e+12
33	1.4537026699e+12
34	1.17944423319e+12
35	4.32578240557e+11
36	1.54630724827e+12
37	1.16308607677e+12
38	2.65430315395e+12
39	2.77058692884e+11
40	7.59394715114e+11
41	1.54995720633e+12
42	4.29488506114e+11
43	2.66833777596e+11
44	5.01819169835e+11
45	1.17797807295e+12
