0	3.3740714446e+11
1	1.40360233223e+11
2	6.69733549385e+11
3	86846352744.0
4	2.22826096585e+11
5	1.52414338306e+12
6	7.91181445074e+11
7	2.65675232234e+11
8	3.18355280393e+11
9	2.34466465708e+11
10	74347019268.3
11	1.11165119079e+11
12	2.03107352578e+11
13	3.39667228184e+11
14	4.32770197053e+11
15	5.50902430281e+11
16	61794906968.2
17	21589605860.4
18	1.58393607374e+11
19	3.46098815776e+11
20	1.60138989194e+11
21	3.31520938219e+11
22	1.56356269051e+11
23	1.99338692806e+11
24	80992017240.8
25	5.50690337988e+11
26	1.64507548082e+11
27	1.66508459648e+12
28	2.20570641926e+11
29	7.01659442651e+11
30	2.66127127635e+11
31	3.57261311968e+11
32	1.87748758903e+11
33	3.48745422412e+11
34	95447025944.3
35	2.16085343487e+11
