0	1095.74582349
1	702.120289922
2	67.6971367734
3	836.663550947
4	1230.88458848
5	188.741036755
6	98.193287893
7	942.022948915
8	1566.44869481
9	1447.61908884
10	935.888015458
11	3093.20031245
12	7263.38689805
13	1605.37846592
14	108.551072778
15	560.360733847
16	522.509344347
17	577.654624116
18	2621.21346683
19	1301.19383594
20	1365.98356449
21	11368.7006
22	1222.97542631
23	2289.83487581
24	322.642075211
25	512.997015425
26	408.370818687
27	1095.19367347
28	655.500447883
29	462.986845027
30	592.8062989
31	1016.93774206
32	1680.36824124
33	1160.23255992
34	551.868901095
