0	1.74707780324e+11
1	9.84137674254e+11
2	4.88349414184e+11
3	3.41916617391e+11
4	2.27233608783e+11
5	3.43227739299e+11
6	1.38407817795e+12
7	5.58657780689e+11
8	5.6061255047e+11
9	6.79365194879e+11
10	2.62074037326e+11
11	5.85480308109e+11
12	3.7404429032e+12
13	6.54035075111e+11
14	6.04608036699e+11
15	4.41178263083e+11
16	5.6640987666e+11
17	1.36673576729e+12
18	1.42323222764e+11
19	1.93064436647e+11
20	2.08476043337e+12
21	4.02119836835e+11
22	5.73447764474e+11
23	4.2066844768e+12
24	1.26850509583e+12
25	4.60768772594e+12
26	9.42928017202e+11
27	3.81215181478e+11
28	6.5723540788e+11
29	8.80693499578e+11
30	5.02313266909e+11
31	1.77214863112e+12
32	1.84279037317e+12
33	1.6211388854e+11
34	6.15612844375e+11
35	4.13408154481e+11
36	2.17837594702e+12
37	2.22877156514e+11
38	2.7402559434e+12
39	2.50383272433e+12
40	3.93334078259e+11
41	2.20729023186e+12
42	4.52696675855e+11
43	6.90015422478e+11
44	1.31759548325e+12
45	5.39162465824e+11
46	5.55693325283e+11
47	4.45080170354e+11
48	4.16595329012e+11
49	7.25918922532e+11
50	6.08909920795e+11
51	94212045139.1
52	7.18908053008e+11
53	3.27326576082e+11
54	7.5982853791e+11
55	4.79935479342e+11
56	1.75148902062e+11
57	9.53396102693e+11
58	4.78670614599e+11
59	4.34154851018e+12
60	2.01783516646e+12
61	2.73189303495e+12
62	7.05945318234e+11
63	4.3215492109e+11
64	2.17846207311e+12
65	2.60032813398e+11
66	1.01933225132e+13
67	6.54715756947e+11
68	1.05857214326e+12
69	7.20261508347e+11
70	3.74685230136e+12
71	7.4064684492e+11
72	3.07701279105e+11
73	4.92011693629e+11
74	6.3541458574e+11
75	1.76940820893e+11
76	5.05960345222e+11
77	1.49989150652e+11
78	1.73646047729e+12
79	2.63371117587e+11
80	4.69489277337e+11
81	6.84264126995e+12
82	3.18102922109e+12
83	1.65119881836e+11
84	3.24084274118e+12
85	9.39001219781e+11
86	3.36322389381e+12
87	7.54820968495e+11
88	2.04190763832e+11
89	1.5396990243e+11
90	3.09201147057e+11
91	2.37071377289e+11
92	6.94992679872e+11
93	2.00138933712e+12
94	1.26303341685e+12
95	4.7379234936e+11
96	3.28628006119e+11
97	2.62179981848e+11
98	4.8821148653e+11
99	2.99632119347e+11
100	1.2687811798e+11
101	6.67068447248e+11
102	1.84280719983e+11
103	75460298737.8
104	5.07553272567e+11
105	2.68257706638e+12
106	4.68701787928e+11
107	1.04616691064e+12
108	6.77218503769e+11
109	2.35360139516e+11
110	5.55586976938e+11
111	5.48665633885e+11
112	3.52426329498e+11
113	3.74516972956e+11
114	1.63559970325e+12
115	2.19952633525e+11
116	4.85645702595e+11
117	2.19657457632e+12
118	4.19146106323e+11
119	1.24403425526e+11
120	3.78212358218e+11
121	66279574862.6
122	2.86915013094e+11
123	4.21700688686e+11
124	1.45449788976e+12
125	1.09286209007e+12
126	2.21443765925e+12
127	2.48220615417e+12
128	4.20849389186e+11
129	1.65105664855e+11
130	4.71016539016e+11
131	7.09316942036e+11
132	7.78366876129e+11
133	2.04821996089e+12
134	4.2079217361e+11
135	2.80895819597e+11
136	4.75210482433e+11
137	3.67104646822e+11
138	1.49284216146e+12
139	4.99908787775e+11
140	2.33992249005e+11
141	2.44154113365e+11
142	6.04571575157e+11
143	1.9351966496e+11
144	3.98157286722e+11
145	3.75496501686e+11
146	3.61205197054e+11
147	6.53301136141e+11
148	6.58960838356e+11
149	1.60618338948e+12
150	2.56451939835e+11
151	1.02088384018e+12
152	2.43372869872e+12
153	1.75921244837e+11
154	1.03899802306e+11
155	2.48384573138e+11
156	3.37269517953e+11
157	8.61460277754e+11
158	5.66332614798e+11
159	1.00266332353e+11
160	4.11687196869e+11
161	5.44003730231e+11
162	4.86431040971e+11
163	2.62029605637e+11
164	1.26229665691e+12
165	1.93157311695e+11
166	9.50433335942e+11
167	1.03335683567e+12
168	2.50113970852e+11
169	4.50111338869e+11
170	2.87661991913e+11
171	1.23573509672e+12
172	5.32944407662e+11
173	1.97073963236e+12
174	6.79175247823e+11
175	3.65373873274e+11
176	4.04434688237e+11
177	3.94176936535e+11
178	7.81670209293e+11
179	1.20496424143e+11
180	1.73423362796e+11
181	6.99034821802e+11
182	3.89149972509e+12
183	4.83207262381e+11
184	2.38137066514e+11
185	1.75237583607e+12
186	1.86711475635e+12
187	5.00153918265e+11
188	1.64101887948e+12
189	1.35071566986e+12
190	1.08201968796e+12
191	2.70371594641e+11
192	2.26367536663e+11
193	1.51865148593e+12
194	5.53004619229e+12
195	2.74618365641e+11
196	2.88230795067e+11
197	1.80432690209e+12
198	2.82666615962e+12
199	9.79141496689e+11
200	5.25213902335e+12
201	8.28510288571e+11
202	4.19179006102e+11
203	5.14689502732e+11
204	7.00546616181e+11
205	4.78985588116e+11
206	3.82125442265e+11
207	4.6268122443e+12
208	4.43085822475e+11
209	2.17028573189e+12
210	1.35244775013e+11
211	1.5075926219e+11
