0	4.28251825964e+11
1	1.46065907793e+11
2	29062001536.8
3	1.04973715153e+12
4	2.60589428545e+11
5	5.52989592635e+11
6	8.16051193112e+11
7	2.17973521616e+11
8	1.34375141941e+12
9	1.13059142678e+12
10	5.76352309835e+11
11	3.24163656764e+11
12	1.42561064285e+12
13	8.38652110358e+11
14	3.15203305867e+11
15	2.79972905419e+11
16	86808520621.1
17	8.17488162067e+11
18	1.76614049522e+12
19	1.28402326878e+11
20	1.77690050041e+11
21	39416872294.6
22	8.57527925887e+11
23	1.36178237638e+12
24	3.46481690041e+11
25	2.59412944064e+11
26	3.33322285701e+11
27	1.07485597711e+11
28	1.52855505711e+11
29	1.09792284147e+12
30	2.37880675571e+11
31	2.80925875067e+11
32	5.55095236032e+11
33	8.24339902816e+11
34	4.9854166528e+11
35	9.46587244284e+11
36	1.17843232973e+11
37	2.55970206082e+12
38	3.63194854887e+12
39	1.72193919421e+11
40	7.40780203529e+11
41	9.80989880947e+11
42	3.93387888345e+11
43	1.21556490182e+12
44	1.00070993999e+11
45	2.13780086067e+11
46	1.74260126152e+11
47	6.19096641443e+11
48	4.65388075012e+11
49	1.49132111182e+12
50	84332106896.0
51	4.33731020707e+11
52	3.28734573876e+12
53	8.92360802067e+11
54	1.24609314309e+12
55	1.56373692556e+12
56	2.45307564385e+11
57	3.74245326028e+12
58	1.22719590983e+12
59	4.69659022358e+11
60	2.01434712518e+11
61	1.23881575329e+11
62	1.15787167688e+11
63	42972704247.4
64	1.13516219407e+11
65	1.34087604672e+12
