0	1.82728914483e+11
1	2.03392529952e+11
2	8.43024779911e+11
3	50548407716.7
4	2.98658606976e+11
5	2.88179676674e+11
6	3.03908183735e+11
7	1.80636706945e+11
8	5.32230461047e+11
9	82193097784.1
10	1.74658279159e+12
11	34498975634.6
12	1.81017494813e+11
13	1.37389013337e+12
14	1.92056345495e+11
15	1.77492433208e+11
16	91486408671.5
17	1.53540015767e+11
18	1.53170257818e+11
19	2.12317203927e+12
20	4.03662441079e+11
21	2.74586587702e+11
22	2.18339760394e+12
23	60416034841.3
24	3.20872289283e+11
25	3.04820189804e+11
26	1.54583262766e+12
27	3.52529148098e+11
28	1.37058610665e+11
