0	3.82572567127e+11
1	4.7589078873e+11
2	1.69449229251e+12
3	1.69541040908e+12
4	3.50327119599e+12
5	6.10931546554e+11
6	9.4438017091e+11
7	2.33740018704e+11
8	1.2283872057e+12
9	5.63923173058e+12
10	2.59069104958e+11
11	4.03053509581e+11
12	4.97515158273e+12
13	2.95269630991e+12
14	1.2013292823e+12
15	2.42074942597e+12
16	1.04145757883e+12
17	1.59499911125e+12
18	3.8042093638e+12
19	1.02290971379e+12
20	7.5662802068e+11
21	2.13324068682e+12
22	2.57823651596e+13
23	1.01279903671e+13
24	3.44675757017e+11
25	1.12362669271e+12
26	7.44587861572e+11
27	1.25608859958e+12
28	1.85367977279e+12
29	3.48713839825e+12
30	2.36581522119e+11
31	3.03264379131e+12
32	1.80795560651e+12
33	6.63983797761e+11
34	8.20523851448e+11
35	1.54518144412e+12
36	3.55642922641e+11
37	1.29066951516e+12
38	2.88185229955e+12
39	1.0378461855e+12
40	3.16710588284e+11
41	2.56566604712e+12
42	7.09876029829e+11
43	4.13684866725e+12
44	92062803041.4
45	3.42660075893e+12
46	4.11145174725e+12
47	1.30834312739e+12
48	8.67856392296e+11
49	3.65727759743e+12
50	6.87636369349e+11
51	1.80100503333e+12
52	4.50350017916e+11
53	1.37926469143e+11
54	3.14020763746e+11
55	2.81976799936e+11
56	6.34943760358e+11
57	9.69403593602e+11
58	2.34351089109e+12
59	7.3483451911e+11
60	1.37378567357e+12
61	1.2215459256e+12
62	3.71582749959e+12
63	2.19905110092e+12
64	1.11819984568e+12
65	9.52794216007e+12
66	5.08868941805e+12
67	3.92253689204e+12
68	1.39092695517e+12
69	5.51629178492e+11
70	2.91405089703e+12
71	8.40871490121e+12
72	8.00533955106e+11
73	3.32987984373e+11
74	2.13423951569e+12
75	2.36773251459e+12
76	1.10045003195e+12
77	2.76980850515e+12
78	7.47131566015e+11
79	6.90968384745e+11
80	4.77411342755e+11
81	4.14556902428e+12
82	1.73945697137e+12
83	5.46519043908e+11
84	6.71962065e+11
85	1.27130730954e+12
86	2.41354308045e+11
87	3.53764193282e+12
88	3.43740506188e+12
89	2.16171620066e+12
90	2.02859897371e+12
91	2.43674911703e+12
92	9.68126990894e+11
93	3.86590677422e+12
94	2.09862295744e+12
95	2.8683178762e+12
96	3.7025246292e+12
97	4.12246995657e+11
98	2.11820377399e+13
99	3.47233076493e+11
100	8.87212774075e+11
101	3.66927999915e+12
102	5.55365466759e+12
103	7.14909861463e+11
104	7.00801053669e+11
105	8.94962817349e+11
106	2.72819468212e+12
107	3.94167781365e+11
108	1.27006228099e+12
109	2.73775831577e+12
110	1.27478923285e+12
111	1.80297660505e+12
112	5.54232371392e+11
113	1.46840719345e+12
114	9.96514395832e+11
115	1.94363524197e+12
116	5.62384897465e+12
117	1.45309170365e+12
