0	1.04048292805e+12
1	1.08980000881e+12
2	9.30613536775e+11
3	1.44110245949e+12
4	1.96014681628e+12
5	2.52313881887e+12
6	1.44946140595e+12
7	4.90904183315e+11
8	1.79215780071e+12
9	1.03800111362e+12
10	2.18856685664e+12
11	5.62627472686e+11
12	5.66503973492e+12
13	6.29181832614e+12
14	2.09954765849e+12
15	6.88986580537e+11
16	9.33990224644e+11
17	2.8876986526e+12
18	3.22250289364e+12
19	3.66185552488e+12
20	3.40285060049e+12
21	4.81153514067e+11
22	5.83148936861e+12
23	4.54644700967e+11
24	1.13481387899e+11
25	7.98427042449e+11
26	2.54571402397e+12
27	3.9865747309e+12
28	1.5342629155e+12
29	2.98858325995e+12
30	9.05202017613e+11
31	7.09405836704e+11
32	1.35130409606e+13
33	1.44003589894e+11
34	1.02997618452e+11
35	5.33322954461e+12
36	3.98090337438e+11
37	2.6152250656e+11
38	2.73209134995e+12
39	1.66732417011e+12
40	1.45775671178e+12
41	1.06758522814e+12
42	1.29843272876e+12
43	7.62006634415e+11
44	1.79738548659e+12
45	9.79898991962e+11
46	1.38118711613e+12
47	4.14461287273e+12
48	1.6758416025e+12
49	3.04283726288e+11
50	2.01191562243e+12
51	2.06021801295e+12
52	8.95306069574e+12
53	6.41481757461e+11
54	4.20912424193e+12
55	3.25681739357e+11
56	3.92945462634e+12
57	1.12265344367e+12
58	1.02420586657e+12
59	4.00842644074e+11
60	6.84911648888e+11
61	3.93347965187e+11
62	4.2141305121e+12
63	1.3977422e+12
64	2.56747362932e+11
65	1.85475136619e+11
66	3.30544308365e+11
67	2.57313338219e+12
68	4.38150650783e+12
69	7.6977645974e+12
70	3.8436537201e+12
71	9.94903437241e+11
72	4.04352073355e+11
73	2.35362004176e+11
74	1.59546553306e+12
75	5.29752312568e+11
76	5.31715646228e+12
77	1.43407016068e+12
78	1.62319692029e+12
79	1.26826039795e+12
80	1.03112614604e+12
81	1.79829343937e+11
82	7.4399430431e+11
83	1.50252478528e+12
84	6.03904402868e+11
85	6.8179516867e+11
86	3.14368272976e+11
87	8.95643454627e+11
88	5.41694528366e+12
89	2.56188174056e+12
90	3.13439224402e+12
91	3.42981461938e+12
92	3.92567011199e+11
93	1.95970956297e+11
94	4.39908640503e+11
95	6.85412144706e+11
96	2.70966045966e+12
97	4.80473839557e+11
98	1.50745908662e+12
99	2.06118458003e+12
100	6.75603952686e+11
101	2.50864598729e+12
