0	7.86875701715e+11
1	5.80668892499e+11
2	1.70867839841e+12
3	3.21194838271e+11
4	4.07285326292e+12
5	6.34110013703e+11
6	1.09046631176e+12
7	4.59044469632e+11
8	2.26055848326e+11
9	3.72184637474e+12
10	9.00935559523e+11
11	6.05462290196e+11
12	2.14265557282e+12
13	1.70000513768e+12
14	4.453053665e+11
15	1.53033967582e+12
16	2.36967787276e+11
17	4.52572466713e+11
18	3.00220822545e+11
19	1.23922809823e+12
20	2.36944957309e+11
21	3.68756087986e+11
22	4.90124727584e+11
23	6.95704620752e+11
24	6.39038875514e+11
25	4.54852532384e+11
26	42577612287.6
27	2.86126157167e+11
28	7.16603348717e+11
29	1.32552173915e+11
30	2.92122997155e+11
31	1.86446339968e+12
32	2.87891174742e+12
33	2.18058651751e+11
34	1.0150561363e+11
35	1.56851454644e+12
36	5.29730998757e+11
37	5.18469167837e+11
38	5.03957510492e+11
39	3.74146436133e+11
40	2.0344774224e+11
41	9.30490042429e+11
42	2.08496696605e+12
