0	5.92926759596e+11
1	2.24434657006e+11
2	2.1218894198e+12
3	2.53182599706e+11
4	24951726168.0
5	6.73456075181e+11
6	18603466728.4
7	2.35250145067e+11
8	1.94058927496e+11
9	3.19014017689e+11
10	4.63822385771e+11
11	1.78621102497e+11
12	52841581752.6
13	2.94245460667e+11
14	5.18955674589e+11
15	1.63596767809e+11
16	1.56018539698e+11
17	3.0218557415e+11
18	3.66187963978e+11
19	2.03647369959e+11
20	28236855896.2
21	43375486820.8
22	57361644692.4
23	5.52265498027e+11
24	6.61672711778e+11
25	4.48558411304e+11
26	4.53660814579e+11
27	4.18144587514e+11
28	1.85459918972e+11
29	2.260528019e+11
30	1.91298767951e+11
31	6.92995552053e+11
