0	3.04769159116e+13
1	2.81111498039e+11
2	3.30948819623e+12
3	6.27021586514e+12
4	5.19694152855e+12
5	1.42540955906e+13
6	6.93646111623e+12
7	2.28124469777e+12
8	6.19415992046e+12
9	2.02507312536e+13
10	1.83478231342e+13
11	4.08010665106e+12
12	1.83218186013e+13
13	2.42985640156e+12
14	1.84675121672e+12
15	5.09800961543e+12
16	4.22961572672e+12
17	4.24293044112e+12
18	4.3610036974e+12
19	5.99992324339e+12
20	6.83555726593e+12
21	2.2966648186e+12
22	5.0349095582e+12
23	1.90487382452e+13
24	7.53787262293e+12
25	1.22436102009e+13
26	1.32302666912e+13
27	1.83825719744e+13
28	2.33667004563e+13
29	4.53027776804e+12
30	2.20096778747e+13
31	9.19818477988e+12
32	4.09671470638e+11
33	2.84833381112e+12
34	4.60927467952e+12
35	5.92591928274e+12
36	3.29623801024e+13
37	3.52767233321e+12
38	1.43382110767e+13
39	1.14603330054e+13
40	3.64433504962e+12
41	3.77835980705e+12
42	5.43742725e+12
43	4.66140591884e+12
44	7.06077050978e+12
45	4.5372003337e+12
46	5.94717551197e+12
47	8.72179604608e+13
48	1.2425904761e+13
49	1.24462903858e+13
50	3.681666759e+12
51	2.25193814983e+12
52	2.36836595963e+12
53	2.01416079033e+12
54	2.35217748289e+13
55	5.57141870328e+12
56	3.46699955617e+12
57	1.58460683994e+13
58	5.7800470404e+12
59	2.69311547014e+12
60	9.48064093751e+12
61	1.7411426759e+12
62	3.87547895305e+12
63	7.77884382552e+12
64	4.23206360558e+12
65	2.41031577049e+12
66	1.24106625798e+12
67	1.49944053812e+12
68	3.93882632025e+12
69	3.04588910995e+12
70	6.74205187572e+11
71	7.35229468429e+12
72	1.36937138234e+13
73	5.42270274415e+12
74	3.08573206719e+12
75	8.65700749663e+12
76	1.22467337035e+13
77	2.8066505105e+13
78	4.34166404335e+12
79	9.87467345208e+12
80	7.88234901098e+12
81	8.80092924995e+12
82	6.04543299229e+11
83	1.67590564125e+12
84	8.04907269497e+12
85	9.82044724286e+12
86	1.38776311062e+13
87	8.14394288841e+12
88	2.36211658992e+12
89	3.92645846119e+12
90	1.57408439765e+13
91	3.89450776494e+12
92	7.44966709111e+12
93	9.5937681776e+12
94	1.49059521102e+13
95	1.41446675797e+12
96	6.80818750349e+12
97	1.21091339726e+12
98	7.39670337945e+11
99	1.93134567695e+12
100	5.20221615246e+11
101	1.21790797351e+13
102	9.15445736921e+12
103	2.61529768145e+12
104	5.99392917237e+12
105	3.87625309224e+12
106	2.34827811491e+12
107	7.81498431553e+12
108	1.03585121831e+13
109	4.62985524455e+12
110	9.14361430803e+12
111	4.21034647929e+13
112	6.31968674507e+12
113	2.50743502525e+12
114	1.44099968108e+13
115	5.39586034283e+12
116	1.16549881995e+13
117	6.05167364294e+12
118	5.50447875399e+12
119	5.11454235906e+12
120	3.6241541177e+12
121	9.37948607864e+11
122	3.30736105166e+12
123	4.44432453342e+12
124	5.16496717417e+12
125	5.04505283295e+13
126	1.34571659282e+13
127	1.19262352999e+13
128	3.0720108156e+13
129	2.49141496062e+12
130	6.82141304509e+11
131	5.06151992505e+12
132	1.38183811293e+12
133	1.64408166421e+12
134	1.03692110682e+13
135	1.31675409243e+12
136	1.69609718955e+12
137	2.7564329704e+12
138	4.35094516572e+12
139	2.24858682274e+13
140	6.49106602315e+12
141	3.60085113523e+12
142	6.09413668707e+12
143	5.47749619222e+12
144	4.35809879608e+13
145	1.00463021087e+12
146	6.07110372514e+12
147	2.3007939493e+12
148	1.25621922341e+13
149	1.36801829334e+12
150	7.88932673459e+12
151	8.69490103611e+12
152	2.53028382904e+12
153	2.04043412292e+12
154	2.05926031571e+13
155	2.35796040224e+12
156	1.26452241143e+12
