0	3.36843371998e+11
1	2.46288948312e+11
2	1.29387885346e+11
3	3.32506234904e+11
4	9.16191120509e+11
5	3.37677473344e+11
6	97237425435.0
7	2.37327332495e+11
8	7.38859070133e+11
9	53155850908.9
10	1.20790895384e+12
11	1.72951360434e+11
12	4.67468980986e+11
13	2.27939642476e+11
14	2.96921870374e+11
15	2.22698637995e+11
16	2.32691673299e+11
17	1.75983104794e+11
18	1.61786302921e+11
19	1.9760550226e+11
20	1.13954165811e+11
21	61692995757.4
22	45612045429.4
23	5.93505587113e+11
24	2.95792730621e+11
25	1.88202886223e+11
26	1.2678806675e+11
