0	2.29957485017e+11
1	5.37171745016e+11
2	4.97521232844e+11
3	4.29419796976e+11
4	2.812034631e+12
5	1.3878347755e+11
6	2.01893432971e+11
7	1.07964312527e+12
8	1.67891080207e+12
9	4.60766360945e+11
10	2.41779227565e+11
11	4.18675116363e+11
12	3.74018567584e+11
13	1.11688607664e+12
14	1.15154747804e+11
15	1.02352564454e+12
16	2.97304470237e+11
17	7.29838480215e+11
18	35030384526.1
19	7.23217052803e+11
20	3.48414748477e+11
21	1.54273363468e+11
22	6.695207998e+11
23	81264292806.5
24	1.72210066052e+11
25	7.04556995199e+11
26	2.81307070909e+11
27	4.05470470725e+11
28	1.44039228782e+11
29	6.53417378585e+11
30	3.26838190254e+11
31	2.1567693277e+11
32	6.80424069175e+11
33	94785262096.6
34	4.25185122892e+11
35	1.24225420789e+12
36	6.86147061143e+11
37	3.01425961615e+12
38	81936707474.9
39	1.20556039293e+12
40	5.59805285736e+11
41	2.79897072477e+12
42	1.54089614931e+12
43	2.39930729006e+11
44	2.98151560047e+11
45	1.60736885473e+12
46	5.36982250725e+11
47	1.00760038426e+12
48	7.32924592244e+11
49	2.89501634238e+12
50	1.06858874395e+12
51	2.088021297e+11
52	8.69060025431e+11
53	1.36908235623e+12
54	4.70211887113e+11
55	1.00814087732e+12
56	3.67178427024e+11
57	3.39583471822e+11
58	4.79408540544e+11
59	4.17974904885e+11
60	7.83545161481e+11
61	3.27713438275e+11
62	1.28497580847e+11
63	1.50222285995e+11
64	1.57881330731e+11
65	1.23134299991e+12
66	3.20758554465e+11
67	1.17060661598e+12
68	1.079054664e+12
69	4.54570341395e+11
70	1.52720853136e+12
71	4.06526529748e+11
72	1.25656128611e+12
73	2.4063866711e+11
74	2.90386566124e+11
75	9.28761637005e+11
76	1.56446234154e+12
77	1.47921741075e+12
78	5.53907346985e+11
79	2.29164318237e+11
80	1.7830407678e+11
81	6.54183863525e+11
82	3.9038599722e+11
83	2.01017436858e+11
84	1.12349187743e+12
85	2.67796937298e+11
86	6.60950959464e+11
87	1.0103390553e+11
88	1.60755910838e+12
89	8.6946061847e+11
90	2.19425875172e+12
91	6.85634194711e+11
92	1.28445454206e+11
93	1.87814534096e+11
94	1.16134640757e+11
95	1.73283989234e+11
96	2.83203946408e+11
97	3.55866523211e+11
98	1.53725493482e+11
99	1.68915435856e+11
100	1.95881422979e+11
101	1.33191196874e+12
102	8.88626299353e+11
103	2.05067740023e+11
104	1.29273279461e+11
105	5.10868095427e+11
106	8.72654829138e+11
107	1.91439121537e+11
108	1.14125814217e+12
109	2.01685321088e+11
110	3.05760975889e+11
111	1.37941964303e+12
112	2.90640792855e+11
113	4.15932375947e+12
114	2.79689664719e+11
115	4.0215783451e+11
116	1.76459779062e+12
117	8.3545082711e+11
118	1.97390119115e+11
119	1.73977913164e+11
120	89962637510.9
121	1.20534700005e+11
122	8.20906937366e+11
123	2.81148702916e+11
124	4.92165232822e+11
125	3.61458413345e+11
126	1.10712209837e+11
127	1.06439134318e+11
128	4.65430706273e+11
129	2.14982104077e+11
130	94457728733.5
