0	2.62030264722e+12
1	6.83862915209e+11
2	3.25977182714e+12
3	1.76495525365e+11
4	3.04831713667e+12
5	1.68907797753e+11
6	71523871736.2
7	1.22537182686e+12
8	6.90144917003e+11
9	1.74674453542e+12
10	9.93337877796e+11
11	9.36670328927e+11
12	1.35633560789e+12
13	2.09701716014e+12
14	3.70799378451e+12
15	2.51625745529e+11
16	4.23603411149e+11
17	9.89794240012e+11
18	9.37635326908e+11
19	3.75641663205e+11
20	1.04492622462e+12
21	2.12728110658e+12
22	1.51383206874e+12
23	3.49397758363e+12
24	3.33120676065e+11
25	1.17020718745e+11
26	1.6994332311e+11
27	1.7532313965e+12
28	1.97471985839e+11
29	5.74159108945e+11
30	8.49707514259e+11
31	1.95340473051e+12
32	1.02498183349e+12
33	8.6916263712e+11
34	9.57315854855e+11
35	1.83720141567e+12
36	3.29412179244e+12
37	1.14779856099e+12
38	4.31327608471e+11
39	1.49170928301e+12
40	2.24216025505e+13
41	1.40667945611e+12
42	2.56800618778e+11
43	9.39494324203e+11
44	1.21849576112e+12
45	1.61770632846e+12
46	1.84199605845e+11
47	3.76041188581e+11
48	6.96517367464e+11
49	1.1530864415e+12
50	1.9521450144e+11
51	4.76934183284e+11
52	1.33331197031e+12
53	4.57064038419e+11
54	3.90046493212e+12
55	6.55376197013e+11
56	3.81336468948e+11
57	1.77408917592e+11
58	1.65522687699e+12
59	7.39170491994e+11
60	1.36545043116e+12
61	7.73734794556e+11
62	5.33418141909e+11
63	1.65400027946e+12
64	1.1201492882e+12
65	6.7944242788e+12
66	9.08213077469e+11
67	2.22345619309e+11
68	1.14494740094e+12
69	3.3028700658e+12
70	4.44750039421e+11
71	1.09910596314e+12
72	9.94253947842e+11
73	4.10515770841e+11
74	3.87528093678e+12
75	1.94242196042e+12
76	1.41355360214e+12
77	2.37085050797e+12
78	1.54223883571e+11
79	3.51633290107e+12
80	3.88036369839e+12
81	7.25469414113e+11
82	6.06100070095e+11
83	1.12185832174e+12
84	3.74608847272e+12
85	1.97693888012e+12
