0	1364.71977144
1	7743.56765412
2	6927.02585353
3	5066.48634097
4	346.880415329
5	10853.8082914
6	22544.142714
7	784.773973812
8	6870.85113037
9	465.567864672
10	1453.27123317
11	250.59961572
12	2503.65833893
13	1376.47741106
14	1707.70506457
15	866.304963213
16	17465.8166504
17	90.5233046934
18	5696.86827936
19	1141.14944037
20	5606.35118871
21	2344.61448084
22	1378.78204737
23	2146.03328646
24	11230.0322548
25	3078.78600659
26	3195.82763171
27	2567.01451345
28	589.982294393
29	9831.8441862
30	3856.04961333
31	1076.12612989
32	4842.52159791
33	3608.7846979
34	1286.8077888
35	1183.94964024
36	697.241107611
37	852.832512602
38	4829.95728126
39	5223.94217031
40	10425.3044621
41	1032.80068057
42	606.785171496
43	589.148850092
44	8695.49916641
45	4686.35223098
46	524.439370089
47	2871.22519062
48	2247.55051602
49	2731.86338113
50	826.878496432
51	663.920964861
