0	8.43173453445e+11
1	3.76304973657e+12
2	1.02122489446e+13
3	4.81349570595e+11
4	2.58146169029e+12
5	1.39353969092e+12
6	2.51280961832e+12
7	1.74446462616e+12
8	9.97659227147e+11
9	1.34924444193e+12
10	1.43303910145e+13
11	2.63926117068e+12
12	7.36988881193e+12
13	3.82556603522e+11
14	1.28770579519e+12
15	2.99877364728e+12
16	7.32824950793e+11
17	6.22448464309e+11
18	2.13895232065e+12
19	1.02645461159e+13
20	4.34352236687e+11
21	1.24103112872e+13
22	7.89113020617e+12
23	6.3220693305e+11
24	1.86888194254e+11
25	5.45034852854e+11
26	3.36070815043e+12
27	2.24932377679e+12
28	6.66895784985e+12
29	3.07918257467e+11
30	8.6732901142e+11
31	1.52147665126e+12
32	6.40903807698e+11
33	1.29400806498e+12
34	1.92489511515e+12
35	3.20485267071e+12
36	2.40716316858e+12
37	7.04402836739e+11
38	6.31826169429e+11
39	1.9458763838e+12
40	7.00852372129e+11
41	1.31230710779e+12
42	3.25879561002e+11
43	1.33866108351e+12
44	2.23243449178e+11
45	3.91445200219e+12
46	3.09308181925e+12
47	2.51117849555e+12
48	2.37038971122e+11
49	1.77601056556e+12
50	4.22139319692e+12
51	1.27736694496e+12
