0	6.47949225652e+12
1	3.67803614319e+12
2	2.16625037674e+12
3	1.48280093302e+12
4	3.93273841042e+12
5	2.25727782411e+12
6	1.56833838396e+12
7	4.84417708464e+12
8	4.35144316325e+12
9	5.6590241254e+11
10	3.95430668469e+12
11	1.98228329896e+12
12	4.63945396762e+12
13	4.33296925206e+12
14	4.51085870404e+11
15	8.68004326468e+11
16	6.00471960122e+11
17	4.46677682996e+12
18	6.77623861487e+11
19	2.01409570941e+12
20	4.3202053257e+11
21	1.68476897626e+12
22	2.5463534909e+12
23	2.81948320185e+12
24	1.86372485804e+12
25	1.80289594984e+12
26	2.72576642203e+12
27	1.85241186487e+11
28	7.10667933867e+12
29	9.90939020205e+11
30	1.72484661002e+12
31	4.08541613855e+12
32	8.20599546057e+11
