0	97254013387.0
1	1.87728539667e+11
2	70050604715.0
3	3.14866623411e+11
4	1.85412754951e+12
5	5.3553867791e+11
6	2.34439507643e+12
7	3.37327612476e+11
8	3.3329775248e+11
9	5.23444334728e+11
10	3.27935182157e+12
11	4.30982067161e+12
12	3.35201805456e+11
13	6.16697970407e+11
14	9.92344455731e+11
15	1.47852535756e+11
16	1.0788940232e+12
17	3.5253450123e+11
18	1.46539065442e+12
19	8.0784294795e+11
20	5.27873790484e+11
21	8.7430153518e+11
22	2.87145521338e+11
23	84388986011.0
24	7.46705373468e+11
25	7.75562219163e+11
26	1.37773505242e+12
27	5.69576930825e+11
28	23125788367.7
29	6.3720506488e+11
30	7.50509556947e+11
31	3.74384539939e+11
32	1.9732144369e+12
33	5.91895307792e+11
34	3.63029267394e+11
35	1.95469594522e+11
36	2.67310415131e+11
37	1.23959319099e+11
38	2.96742265178e+11
39	3.94301351855e+11
40	7.18565035513e+11
41	5.9852505641e+11
42	1.73680879671e+12
43	1.01545106755e+12
44	2.77821226439e+11
45	6.00555763165e+11
46	1.23194395009e+12
47	2.85621609273e+11
48	7.82554924135e+11
49	3.21412716407e+11
50	2.20083593189e+12
51	7.71289509451e+11
52	5.55732440503e+11
53	3.43265802801e+11
54	1.37145571554e+12
55	97467931240.6
56	6.54132746239e+11
57	2.38562662883e+11
58	1.68611765409e+12
59	6.47969554542e+12
60	2.84376545474e+11
61	6.44100329234e+11
62	2.76628449249e+11
63	2.26577398851e+11
64	1.51827780261e+12
65	4.8322174656e+11
66	7.76402283108e+11
67	92257010502.0
68	1.18741478172e+12
69	1.02183057151e+12
70	4.32957027868e+11
71	6.85432506205e+11
72	6.62307418521e+11
73	5.79239047115e+12
74	1.46573168853e+11
75	1.13948232059e+12
76	5.58817435426e+12
77	5.04238804122e+11
78	1.20793288547e+11
79	3.41700927301e+11
80	8.00828338205e+11
81	2.6942171809e+12
82	1.31556112746e+11
83	1.16537549212e+11
84	8.87002874552e+11
85	2.12329135242e+11
86	4.78042162447e+11
87	3.7925136297e+11
88	5.75114634165e+11
89	59840588907.0
90	1.44753429276e+12
91	1.43794792621e+12
92	2.76308720884e+12
93	8.96177383351e+11
94	1.56414478131e+11
95	78071726364.8
96	6.57038723479e+11
97	1.35746071722e+12
98	3.16993246051e+12
99	3.79060111379e+11
100	6.40662639245e+11
101	1.93879855109e+12
102	1.09003159306e+11
103	5.58275693569e+11
104	7.5850198083e+11
105	4.25566042383e+11
106	2.67573877103e+12
107	7.31984308879e+11
108	1.38184128975e+11
109	1.57312721966e+12
110	2.22981259001e+12
111	8.63132533782e+11
112	7.86214313582e+11
113	6.06046734319e+11
114	2.20843014724e+11
115	1.27345362495e+11
116	1.90196442783e+12
117	7.45971074214e+11
118	1.33389184457e+12
119	1.0336901598e+12
120	1.71379014592e+12
121	1.83021883584e+11
122	1.3540140633e+12
123	1.5640550747e+11
124	6.86233148724e+11
125	1.99133687761e+11
126	2.30639444948e+11
127	84360204997.9
128	1.14474244145e+11
129	2.13364429046e+12
130	6.98770074554e+11
131	5.6452048759e+11
132	2.23674317228e+11
133	1.5514258031e+12
134	2.16425490515e+12
135	3.23620826523e+11
136	4.07912502613e+11
137	4.31196358919e+11
138	1.50578687283e+12
139	1.44481655878e+12
140	3.50961746957e+11
