0	3.26573460007e+11
1	3.48587061645e+12
2	80973436187.9
3	48856249112.9
4	1.13130442683e+12
5	3.05706582451e+11
6	29080671371.2
7	6.98876429426e+11
8	4.23535902905e+11
9	1.49032099844e+11
10	4.80788857331e+11
11	89605805505.9
12	1.80168360504e+11
13	1.17423224243e+11
14	4.67945988986e+11
15	19995125324.6
16	1.03417580976e+11
17	2.61389823984e+11
18	2.8326415725e+11
19	4.56141539794e+11
20	45862596868.0
21	5.83493452574e+11
22	73026782985.2
23	1.13117891172e+11
24	1.74338330306e+11
25	88248670854.9
26	2.2535405414e+11
27	1.18695731611e+11
28	81077862826.8
29	72913178527.4
30	99855987533.3
31	4.67167595476e+11
32	1.96406432688e+12
33	57433427867.9
34	2.34005180521e+11
35	2.50128183067e+11
36	1.61707210837e+11
37	1.43028520615e+11
38	72724616555.9
39	73868221090.3
40	2.46975627186e+11
41	56040291917.2
42	2.39723107612e+11
43	80735353063.1
44	7.91238234405e+11
