0	1.48902942166e+11
1	1.92967550865e+11
2	2.39964469192e+11
3	6.1055970302e+11
4	3.64976101351e+11
5	1.34860745033e+12
6	6.41431396487e+11
7	4.05114471427e+11
8	2.36075460105e+12
9	4.82344678687e+11
10	1.86708508645e+11
11	1.96997104537e+11
12	3.73974943071e+11
13	3.19749219122e+11
14	7.40537942421e+11
15	2.24495201855e+11
16	9.11776321184e+11
17	7.60816165976e+11
18	9.67532579925e+11
19	7.20299773217e+11
20	4.54021919569e+11
21	3.84010981396e+11
22	7.24399701754e+11
23	3.77217953733e+12
24	9.15789657522e+11
25	3.10883399943e+12
26	8.44710151531e+11
27	1.48934296424e+12
28	6.40180265622e+11
29	1.15821988761e+12
30	2.32534515512e+11
31	2.77018073153e+12
32	6.13383500505e+11
33	2.29425927007e+11
34	2.15609399866e+11
35	2.62187306028e+12
36	6.97852405504e+11
37	5.98177292051e+11
38	85415152986.8
39	2.68021229726e+11
40	2.71960499033e+11
41	7.27594543099e+11
42	4.63092597325e+11
43	2.61009028809e+11
44	4.37584794504e+12
45	7.19137737142e+11
46	1.2402279551e+12
47	1.34420529894e+12
48	1.4987407863e+11
49	1.49069737894e+12
50	2.35185951455e+11
51	3.00937849117e+11
52	4.47288102812e+11
53	2.62821513066e+11
54	7.94990044614e+11
55	7.27548357292e+11
56	5.91790386892e+11
57	7.52171011895e+11
58	8.23632858693e+11
59	2.54980330467e+12
60	6.02638531284e+11
61	1.2088104038e+11
62	2.57628597427e+11
63	6.76978407842e+11
64	1.23139953438e+12
65	1.03316734353e+12
66	1.86073248461e+11
67	1.08633050816e+12
68	1.14382512241e+12
69	3.69758379202e+11
70	3.99585154022e+11
71	3.55247338652e+11
72	5.95134731571e+11
73	2.22218339996e+11
74	1.39455063532e+12
75	2.03319410758e+12
76	3.59210342943e+11
77	3.64764390812e+11
78	3.25616312489e+12
79	5.09818857166e+11
80	3.96136872322e+11
81	38015170574.2
