0	2.25277445327e+11
1	90119220359.0
2	4.63675176298e+11
3	7.13301772718e+11
4	4.17490087097e+11
5	1.64575445775e+12
6	3.06559660573e+11
7	3.98895955387e+11
8	3.18581484005e+11
9	2.73351833115e+11
10	1.19846325028e+12
11	5.93661502614e+11
12	1.2346256747e+12
13	3.21431147013e+11
14	5.84891366638e+11
15	1.99894345255e+12
16	2.47941712076e+11
17	3.66035936383e+11
18	1.04678155388e+12
19	23415494048.7
20	1.14898840902e+11
21	1.53559063157e+11
22	5.17582487631e+11
23	4.55214380924e+11
24	43935940870.6
