0	1.40392735416e+11
1	41991065737.7
2	4.05433693441e+11
3	6.02070857444e+11
4	1.20396108835e+12
5	2.55960277662e+12
6	2.18324618875e+12
7	1.85323642536e+11
8	3.13804728415e+11
9	5.05412704297e+11
10	1.52072580591e+11
11	1.87396464273e+12
12	1.82495406038e+11
13	1.35862364542e+12
14	1.84694355034e+11
15	2.24745373025e+11
16	4.3582814018e+11
17	83567780172.9
18	3.55318256485e+11
19	1.65164555737e+11
20	1.04757476563e+12
21	3.15887720893e+11
22	1.11925674283e+12
23	6.26311554376e+11
24	2.34980184352e+11
25	4.19030033229e+11
26	2.74069671416e+11
27	2.06294088623e+12
28	2.75463231804e+12
29	9.63843586203e+11
30	2.58562401706e+11
