0	1.72455899473e+11
1	3.65799410101e+11
2	1.04768676067e+11
3	43982174814.0
4	3.50221437075e+11
5	3.09238526411e+12
6	65977146750.4
7	1.91557963075e+12
8	3.73576134492e+11
9	4.43683924552e+11
10	5.65253580329e+11
11	3.99670278151e+11
12	38674027232.7
13	2.23608284677e+12
14	5.1220761903e+11
15	9.95148870555e+11
16	2.54104707546e+11
17	1.6081487508e+12
18	6.49496114544e+11
19	3.15512772e+11
20	1.39150771724e+12
21	2.46522793968e+11
22	5.86667130474e+11
23	2.80830600674e+11
24	2.62507600595e+12
25	3.62729080821e+12
26	4.48557766438e+11
27	1.70846720527e+11
28	81030538060.9
29	1.41920692601e+12
30	5.72431173139e+11
31	2.2825960679e+11
32	1.3893335432e+12
33	3.70319685524e+11
34	3.05336740874e+11
35	9.36095957233e+11
36	2.29111275558e+11
37	1.61191758005e+11
38	2.68175382698e+11
39	1.44531355049e+11
40	1.00974910527e+12
41	2.09305085078e+11
42	4.11170788825e+11
43	8.02865562292e+11
44	2.95081489865e+11
45	3.40562650395e+11
46	3.69437531526e+11
47	1.37270710911e+11
48	4.8604510845e+11
49	2.18271710094e+11
50	7.72648546935e+11
51	3.72468355346e+11
52	7.81444474397e+11
53	4.70932350811e+11
54	1.97776343011e+12
55	1.136571884e+12
56	4.02895848676e+11
57	3.07402496814e+11
58	3.86051043248e+11
59	2.4028179489e+11
60	3.30394835451e+11
61	1.76665282935e+11
62	98880284290.7
63	1.12637104728e+12
64	4.70542634432e+11
65	9.35142187339e+11
66	8.04013022662e+11
67	2.21884806485e+11
68	5.08228487232e+11
69	3.99322010111e+11
70	1.11810593424e+12
71	5.87551726499e+11
72	1.27423137465e+12
73	3.45944147209e+11
74	3.36798158167e+11
75	1.71736380802e+11
76	7.70423484613e+11
