0	5.89724472029e+11
1	1.89936791013e+12
2	4.97422778289e+11
3	5.51130147373e+11
4	3.92543092413e+11
5	1.23900247685e+12
6	4.69909967111e+11
7	3.47798150863e+12
8	1.25790883478e+12
9	3.86473800008e+11
10	1.18477642228e+12
11	1.13998310484e+12
12	1.5817637308e+12
13	1.35253614949e+12
14	1.3201116889e+12
15	8.24912640752e+12
16	2.84621877058e+12
17	1.12409525747e+12
18	2.03043675871e+12
19	1.70140039695e+12
20	2.08041011387e+12
21	1.6395033824e+13
22	4.1875381372e+11
23	3.13026954241e+12
24	3.97756375905e+11
25	2.2683022264e+11
26	2.81839335784e+11
27	2.11067486666e+12
28	3.52912983365e+11
29	1.31552872213e+12
30	4.6341278293e+11
31	5.1959391464e+11
32	2.7577836957e+11
33	7.39783053948e+11
34	2.41447457242e+12
35	6.63558454474e+11
36	3.18567754451e+11
37	1.00078855305e+12
38	7.83549918872e+12
39	8.51660372292e+11
40	1.81729911465e+11
41	2.22674000123e+13
42	4.43241051651e+11
43	2.034834608e+11
44	1.49176000536e+12
45	1.21735199072e+12
46	56607657263.0
47	7.9322863496e+11
48	1.88824444965e+12
49	3.80902502527e+11
50	7.87011861576e+12
51	5.46913804556e+11
52	1.22658885399e+12
53	8.85999766575e+11
54	2.47091357273e+12
55	4.18068055566e+11
56	1.2297218787e+12
57	1.27301352264e+12
58	3.7624114899e+12
59	1.3096596337e+11
60	8.03714072885e+11
61	6.02738189715e+12
62	6.29469960274e+11
63	5.16446911064e+11
64	1.03057507817e+12
65	3.47318475109e+12
66	1.91799391935e+12
