0	2.52610720593e+11
1	7.16213436989e+11
2	66257591864.8
3	8.04475806926e+11
4	87204833911.6
5	2.66620538382e+11
6	4.47261113983e+11
7	2.81914482475e+11
8	1.99985535861e+11
9	2.65691740011e+11
10	1.62379013787e+11
11	1.74210692193e+11
12	1.23182410669e+11
13	3.35259818541e+11
14	2.58641806745e+11
15	2.54199138909e+11
16	47127945700.8
17	4.79662886964e+11
18	1.55071989546e+12
19	3.58126795699e+11
20	1.00436494855e+11
21	1.23204787582e+11
22	39823105354.8
23	2.91395139885e+11
24	40760272899.4
25	1.14401561622e+12
26	2.54352446251e+11
27	2.86309049141e+11
28	5.54242360365e+11
29	1.0038767006e+12
30	1.68684446641e+11
31	5.56832875868e+11
32	1.20316303968e+12
33	2.23776823708e+11
34	1.45864258325e+11
35	2.11111871224e+11
36	2.56586902563e+11
37	1.70570637062e+11
38	5.93002138447e+11
39	57699485530.2
40	1.33415969643e+11
41	87880215356.1
