0	5.43225536706e+11
1	2.73001101214e+11
2	5.28432665819e+12
3	5.96686753678e+12
4	2.41973615278e+11
5	3.68790124776e+11
6	2.43507199443e+12
7	2.07850944023e+12
8	9.08980572868e+11
9	3.5941843362e+11
10	8.17086189727e+12
11	2.85383157003e+11
12	81246689990.8
13	1.68093501523e+12
14	5.12271921894e+12
15	5.94297283058e+11
16	35632813998.5
17	4.83442396545e+11
18	1.35244968637e+12
19	8.50788537808e+11
20	5.87052752004e+12
21	1.69422019021e+12
22	4.0419326573e+11
23	2.39977193506e+11
24	1.7025691796e+12
25	2.36473865422e+12
26	1.27138808973e+12
27	1.01504303991e+12
28	4.91091909007e+12
29	6.71632559995e+11
30	3.89465690017e+12
31	1.52169808626e+12
32	6.07893985346e+12
33	2.1702180931e+11
34	1.9512250273e+12
35	1.62014782235e+12
36	1.03349791094e+12
37	7.90066307456e+11
38	1.56449404763e+12
39	2.23167794824e+11
40	1.10401129095e+12
41	2.94474994798e+11
42	6.55628499793e+11
43	5.65442345135e+12
44	4.65113956481e+11
45	1.09579599524e+12
46	6.79569126929e+11
47	5.0571955362e+11
48	8.2627641878e+11
49	4.25327378201e+11
50	9.80996711086e+11
51	2.15964476182e+11
52	1.10039839513e+11
53	1.51171215341e+11
54	9.62240863126e+11
55	4.68581079794e+12
56	1.38230122527e+12
57	87174370118.2
58	1.37559692155e+11
59	4.39066439309e+11
60	4.56281808303e+11
61	1.56544548343e+11
62	1.61532404484e+12
63	5.17028850205e+11
64	2.8320026737e+11
65	7.21581708371e+11
66	3.18703537339e+11
67	3.01771698527e+11
68	4.12176625709e+11
69	1.14761758073e+12
70	7.84835410199e+11
71	1.7391888231e+12
72	3.35438398313e+12
73	4.04698343741e+11
74	3.07386608225e+11
75	2.31086469194e+12
76	1.27027164371e+12
77	4.82176885325e+11
78	2.35440263828e+12
79	3.87044370119e+11
80	1.14886725981e+12
81	46812467149.1
82	6.41978601571e+11
83	6.8647068641e+11
84	6.18271083076e+11
85	2.9524152298e+12
86	1.35674882068e+12
87	1.11327716333e+12
88	1.97934269096e+11
89	3.42635389195e+11
90	2.91449642966e+12
91	5.32772831046e+11
