0	8.93924923238e+11
1	3.1396793988e+11
2	1.295948922e+12
3	1.72259365311e+12
4	4.51520196505e+11
5	5.56547385845e+11
6	3.46946744707e+11
7	7.03003202592e+11
8	3.93575105336e+11
9	4.5384999037e+11
10	3.30277076258e+11
11	2.40208239143e+12
12	3.61803696901e+12
13	1.41190115235e+12
14	5.09632387936e+11
15	1.48628817981e+11
16	2.8814568478e+12
17	2.32198425401e+11
18	5.69773085029e+11
19	2.03717350679e+11
20	2.48958072074e+11
21	76735670942.5
22	2.4458823906e+11
23	4.93997743235e+11
24	2.1886345895e+12
25	7.79425767528e+11
26	6.19735966819e+11
27	3.6127187155e+11
28	1.82754166689e+12
29	2.18044844364e+12
30	46436658418.6
31	4.58422956814e+11
