0	8.17884952975e+12
1	1.33090263093e+12
2	1.30989148288e+12
3	1.94459429604e+12
4	1.01186708095e+12
5	2.02919296108e+11
6	2.26818997774e+12
7	2.88716302167e+12
8	8.0589430501e+11
9	7.90585510274e+11
10	3.4203867049e+12
11	2.54612594996e+12
12	2.00137557533e+11
13	3.91202739285e+11
14	1.19012498449e+12
15	7.33080603561e+11
16	1.02221727471e+12
17	9.22389406841e+11
18	95049011570.2
19	1.32364026972e+12
20	7.56427682843e+11
21	6.65477262019e+11
22	4.00009765024e+11
23	4.34832705623e+12
24	2.12963125588e+12
25	1.11010144379e+12
26	8.71817196655e+11
27	3.18347596414e+11
28	2.47846205397e+12
29	1.20084620459e+11
30	5.06334925914e+12
31	2.01173568136e+12
32	4.00716388703e+12
33	3.34374132909e+11
34	1.33499683957e+12
35	4.09083348843e+11
36	7.17623921399e+11
37	1.05110246044e+12
38	2.30104469354e+11
39	15154379263.9
40	2.46306791436e+11
41	9.82553579678e+11
42	1.42675103453e+12
43	4.98467315247e+11
44	2.51662034762e+11
45	3.98322125311e+11
46	9.19683561847e+11
47	1.07918597794e+12
48	2.17172964661e+12
49	5.31568514163e+11
50	5.20671320389e+11
51	1.57196272596e+12
52	1.85609194933e+12
53	3.93341555889e+12
54	3.62923436873e+12
55	2.29202283055e+12
56	9.25832827642e+11
57	1.5265235674e+11
58	1.69366828551e+12
59	6.9719703117e+11
60	1.04537979492e+12
61	1.93064283932e+12
62	1.41813030287e+12
63	1.1193780505e+11
64	4.88814927099e+12
65	3.13582340977e+11
66	2.88927672505e+12
67	4.49577532462e+11
68	1.35656633724e+12
69	5.39019283907e+11
70	1.88527000689e+11
71	1.31468518724e+12
72	5.47939174179e+11
73	2.652117409e+12
74	4.79205756175e+11
75	3.70490990064e+11
76	1.16609765354e+12
77	2.44491248262e+11
78	98859155022.8
79	1.15904787521e+12
80	7.02671537107e+11
81	4.82218637828e+12
82	1.55595377843e+12
83	4.13117116945e+12
84	7.54148353079e+11
85	7.6706991289e+11
86	4.33482075981e+11
87	2.13185057141e+12
88	2.51078713175e+12
89	1.25622495878e+12
90	6.10091992195e+11
91	4.39224449368e+12
92	5.94465753489e+12
93	5.28082970734e+12
94	9.01686794718e+11
95	2.23623069515e+12
96	1.97745604003e+12
97	4.3577463572e+11
98	3.69250565541e+11
99	6.85229663877e+11
100	9.6679982629e+11
101	3.17119425769e+11
102	3.7851843568e+11
103	3.35430048719e+11
104	5.96893285067e+11
105	2.41206260342e+11
106	1.4282401585e+12
107	2.75229533226e+11
108	2.17718160348e+11
109	4.6114028612e+11
110	2.65234068255e+12
111	1.51268666583e+12
112	3.53890980451e+11
113	6.46012209383e+11
114	67719035607.9
115	1.79975782169e+11
116	4.70541125288e+11
117	1.35331749819e+12
118	7.92420942259e+11
119	7.29423878775e+11
120	9.83325004489e+11
121	1.41737942218e+11
122	7.39965029761e+11
123	6.44073263404e+11
124	2.460208413e+11
125	2.71128012023e+11
126	6.0588641393e+11
127	4.25720759208e+11
128	6.72207927258e+11
129	2.74613741636e+12
130	5.50568566033e+11
131	2.30943785856e+11
132	1.7773523359e+12
133	1.01856717886e+12
134	1.30553846944e+12
135	3.66062510544e+11
136	7.05903980987e+11
137	6.36516579731e+11
138	1.62385193492e+12
139	2.39235183483e+11
140	2.46784839549e+12
141	5.72711101408e+11
142	7.68957700678e+11
143	3.67442337851e+11
144	3.10386758506e+12
145	1.9960351653e+11
146	2.12431333047e+11
147	1.23441903484e+12
148	1.36634720529e+12
149	9.10569467382e+11
150	1.40751087263e+11
151	1.63975755892e+11
152	1.14655928128e+12
153	1.85692108294e+12
154	5.10513205467e+11
155	2.63481185854e+12
156	1.23248819006e+13
157	1.69929994569e+12
158	2.01205233815e+11
159	2.57423713259e+12
160	2.10892433777e+11
161	1.20229656534e+12
162	2.84696884415e+11
163	3.68389278957e+12
164	2.57219344824e+11
165	9.17583486739e+11
166	2.63229327636e+12
167	2.56232850254e+11
168	2.18466528978e+12
169	1.47759368123e+11
170	1.29048956673e+12
171	2.31546628357e+11
172	1.38015778201e+11
173	4.50357687293e+12
174	2.05445655757e+12
175	2.07720059012e+12
176	2.16881922693e+11
177	6.14595184583e+11
178	3.08259878712e+11
179	5.0058580345e+11
180	2.8907026243e+12
181	4.51550938966e+11
182	2.27682310554e+12
183	8.2356009531e+11
184	6.14243633866e+11
185	2.51567077743e+11
186	3.66392502391e+12
187	5.98669710192e+11
188	1.56704612768e+12
189	2.52471917775e+11
190	9.17347266605e+11
191	5.58393887954e+11
192	2.59247563818e+12
193	6.18470537517e+11
194	2.32066289918e+11
195	5.60441768464e+11
196	2.70390075523e+12
197	3.03346942564e+12
198	1.09788384064e+12
199	1.22049707257e+12
200	2.13032723171e+12
201	9.95703859147e+11
202	1.00762270662e+12
203	1.0931631239e+12
204	8.35655440214e+11
205	5.1916584461e+11
206	6.76038215691e+12
207	7.90576518885e+11
208	47971348355.2
209	1.09270589729e+11
210	1.44729928001e+11
211	1.1457186254e+12
212	1.65565359127e+12
213	2.21746101037e+11
214	4.65742716686e+12
215	5.71095768401e+12
216	7.78423588801e+11
217	4.56818370499e+12
218	4.91894097588e+11
219	1.622364491e+11
220	2.07534260446e+12
221	84371509060.3
222	1.42436276467e+11
223	1.08508765789e+12
224	6.21058429265e+11
225	6.9244413349e+11
226	2.33894981635e+11
227	4.32502169729e+12
228	1.52985685905e+12
229	78796209312.4
230	8.74672514708e+11
231	5.3432082238e+11
232	1.98367851502e+11
233	2.304524423e+12
234	5.72187319919e+11
235	1.1509040507e+12
236	2.99582968162e+12
237	8.56718987997e+11
238	8.49114856111e+11
239	5.37719775449e+11
240	6.96631245191e+12
241	3.13577934826e+12
242	1.79065804005e+12
243	4.11240180091e+11
244	2.90422228439e+11
245	1.63087647851e+12
246	1.5374198733e+12
247	1.73813554424e+12
248	4.84509157304e+11
249	3.87957360285e+12
250	5.09315614344e+11
251	8.03265794557e+11
252	5.5112504437e+11
253	1.01616262006e+11
254	1.12396148855e+12
255	2.37026399834e+12
256	1.0483180266e+12
257	4.21092141901e+12
258	2.9367021741e+12
259	7.43435241247e+11
260	3.09867474942e+12
261	1.14787216555e+12
262	2.32105478259e+12
263	2.10643468156e+11
264	2.25168332414e+11
265	4.75116544012e+11
266	3.58349140735e+11
267	4.88529638254e+11
268	5.02687748529e+11
269	1.79917861964e+12
270	4.04547921116e+12
271	2.2593522662e+12
272	1.28367398382e+12
273	1.12535913756e+12
274	5.01698834046e+11
275	3.36294966705e+12
276	3.02628349832e+12
277	6.39942413275e+12
278	1.09986171551e+12
279	2.65371588372e+12
280	2.8456996249e+12
281	4.54424729489e+11
282	1.51721799619e+11
283	4.63223267936e+11
284	7.81646016906e+11
285	1.29628834212e+12
286	3.35179848447e+11
287	4.80564955247e+11
288	2.28149177671e+11
289	2.98183531035e+11
290	1.6405692997e+12
291	5.17627386013e+12
292	7.2278368261e+11
