0	2.04386195876e+11
1	1.2816648519e+12
2	1.5379114573e+11
3	2.43050785342e+12
4	1.28873470183e+12
5	7.27239042809e+11
6	1.61719238508e+12
7	4.07826060761e+11
8	1.36145001227e+12
9	2.33854603949e+11
10	5.10440243108e+11
11	3.31216573576e+11
12	3.85185327224e+11
13	4.79375952341e+11
14	1.03380495292e+11
15	4.79801198131e+11
16	1.54766682231e+12
17	1.0006067983e+12
18	3.26431485636e+11
19	8.23933164419e+11
20	2.54072748275e+12
21	1.48149002531e+12
22	1.10265817849e+12
23	8.4016223137e+11
24	3.25199298953e+12
25	9.1225628179e+11
26	3.84437806399e+11
27	4.1305571968e+11
28	94523746063.3
29	1.83006223113e+11
30	1.16262094807e+11
31	5.76029798845e+11
32	2.80426551443e+11
33	5.68950500224e+11
34	6.52220895354e+11
35	6.06641700423e+11
