0	3.30099878904e+11
1	2.6568574803e+11
2	1.62691023937e+11
3	3.42994672311e+11
4	8.77416460111e+12
5	1.5077316723e+12
6	7.87096155414e+11
7	5.41409050413e+11
8	8.62083634256e+11
9	1.76050332379e+12
10	4.91779309078e+11
11	3.13914914232e+11
12	1.01994994102e+11
13	7.58462182e+11
14	8.1011809239e+11
15	5.69177118578e+11
16	4.07947753376e+11
17	5.70089225471e+11
18	6.15572770652e+11
19	9.38813525891e+11
20	8.83287678614e+11
21	3.1855989578e+12
22	4.8375474979e+11
23	9.51758447064e+11
24	6.82882997435e+11
25	2.23868357683e+12
26	8.74832972689e+12
27	1.15648661748e+12
28	3.47713074934e+11
29	1.39903420733e+11
30	1.11269808413e+12
31	2.79549740778e+12
32	4.82747364337e+11
33	1.73723575844e+12
34	3.64904262387e+12
35	6.62232619895e+11
36	4.33328915986e+12
37	1.49832740498e+12
38	1.60557757042e+12
39	1.29122144131e+12
40	4.00625504974e+12
41	2.27834526158e+12
42	1.20345226632e+12
43	9.6898505248e+11
44	3.15297565561e+11
45	1.32101297301e+12
46	8.29983429028e+11
47	6.39761737191e+11
48	5.38331370565e+12
49	1.48910860338e+12
50	6.15572634194e+11
51	5.84451747185e+11
52	9.88964389233e+11
53	6.07769833982e+11
54	4.58459908452e+11
55	3.14232173673e+11
56	7.37834534824e+11
57	1.1713238347e+12
58	7.02580194839e+11
59	6.90161825742e+12
60	8.83941575807e+11
61	4.2260994682e+11
62	1.24100450262e+12
63	9.91577783762e+11
64	2.03630646424e+12
65	5.75826321663e+12
66	4.05889103526e+11
