0	55463598823.0
1	2.53059808653e+11
2	88867899656.2
3	61719430378.7
4	3.18196903364e+11
5	2.72125430108e+12
6	1.6560005399e+12
7	1.67418131259e+12
8	2.43123569709e+11
9	3.92644061448e+11
10	2.1205855815e+11
11	1.4362396199e+11
12	52690546587.5
13	3.06109806405e+11
14	7.68843201593e+11
15	4.63349468772e+11
16	2.28092780341e+11
17	4.41258235167e+11
18	2.00733287418e+11
19	1.86177012953e+11
20	5.90026040453e+11
21	1.82874721712e+11
22	1.08260455236e+12
23	3.22383806623e+11
24	1.31697753104e+11
25	2.88940162169e+11
