0	5.51053269412e+12
1	4.95138140924e+12
2	2.62666381372e+12
3	5.43871042593e+11
4	3.97353661302e+11
5	2.32031724345e+12
6	1.32676511877e+12
7	1.37013822652e+12
8	4.24500754941e+11
9	1.72231219719e+12
10	1.99403692517e+12
11	8.41301809655e+11
12	9.12980973699e+11
13	6.18651505746e+11
14	3.39365426329e+12
15	2.37968439705e+12
16	2.82496198335e+12
17	8.08772013357e+12
18	2.24608689103e+12
19	3.72807284789e+11
20	2.40194153567e+12
21	1.62494236617e+12
22	1.0332450792e+13
23	2.06656019594e+12
24	9.35491580087e+12
25	2.51642155912e+12
26	3.04122576163e+12
27	2.85459167663e+12
28	1.69589706861e+12
29	1.23112895857e+12
30	1.15586334695e+12
31	6.18308078746e+12
32	7.24098557043e+12
33	2.65549318695e+12
34	1.66574052543e+13
35	7.24698174757e+11
36	1.07179947419e+12
37	1.35794846904e+12
38	2.41611104796e+12
39	3.13704621009e+12
40	2.83036038146e+12
41	8.60854666707e+11
42	2.27752344749e+13
43	2.5798291172e+12
44	9.03244668763e+12
45	3.81662448572e+12
46	2.21075296333e+12
47	1.57419663336e+12
48	5.30877265438e+12
49	1.50445175983e+11
50	6.9779583324e+12
51	2.73023317092e+12
52	5.83612597076e+12
53	2.41708608095e+12
54	7.52769869346e+11
55	2.61829317853e+12
56	8.05710203304e+12
57	2.6872083121e+12
58	3.01268391892e+12
59	2.74719415111e+12
60	8.55244938279e+12
61	9.21930898077e+12
62	5.13432033416e+12
63	1.47668471864e+12
64	1.14875228854e+12
65	1.86421070642e+12
66	1.28882226426e+12
67	3.09381237236e+11
68	5.91862004213e+11
69	2.14164888554e+12
70	1.09304132896e+12
71	2.7924775755e+12
72	1.24338361116e+12
73	1.80554908625e+12
74	9.62557015405e+12
75	2.99972550941e+12
76	9.11546220742e+11
77	2.13771927175e+12
78	1.00854274107e+14
79	4.03015109046e+12
80	1.86098266523e+12
81	4.95322423299e+11
82	8.66846037063e+12
83	1.88484747874e+12
84	1.47170045429e+12
85	1.56799512782e+12
86	4.84097890889e+12
87	6.25418836851e+12
88	5.73033186196e+11
89	7.55266952363e+12
90	1.37772240803e+12
91	9.2722918516e+11
92	1.85579391038e+12
93	1.821660882e+12
94	6.94577944324e+12
95	8.46737872193e+11
96	4.03364790689e+11
97	5.05839292799e+12
98	2.94044597972e+12
99	3.40819859493e+11
100	6.80776099219e+11
101	3.52245080729e+12
102	7.3426897266e+11
103	3.92783584314e+11
104	4.96989809143e+12
105	4.8591648162e+11
106	6.68988397839e+11
107	6.05183587146e+12
108	3.12837572227e+11
109	1.93345487203e+12
110	4.72419063934e+11
111	4.56382892845e+12
112	7.55548363315e+11
113	2.16244202066e+12
114	2.11797391091e+11
115	1.56410937112e+12
116	1.81773130087e+12
117	2.31851761141e+12
118	3.23298022599e+12
119	1.51918204745e+12
120	9.74567071545e+11
121	8.89745535786e+11
122	2.44043569213e+12
123	1.08264827542e+12
124	1.16782442519e+12
125	7.02926636222e+12
126	8.67426015144e+11
127	1.2280638188e+12
128	7.02492823019e+11
129	3.86799805702e+11
130	9.30978438904e+11
131	1.07863343056e+12
132	3.9465029184e+12
133	1.49452061029e+12
134	2.05657908744e+12
135	1.06743029092e+12
136	1.14640566137e+12
137	2.91789807859e+12
138	3.23262621113e+12
139	1.59474259991e+12
140	6.08895839262e+11
141	2.84143412757e+11
142	1.49368153696e+12
143	2.76833709593e+11
144	8.2217372672e+11
145	5.3304583355e+12
146	1.27443751379e+12
147	1.12008000837e+12
148	1.05981440556e+13
149	6.06673767615e+12
150	2.5324057914e+12
151	2.01484453429e+12
152	3.69955470298e+12
153	1.04361008389e+12
154	4.82489095669e+11
155	6.26029880546e+11
156	1.210929832e+12
157	3.2649730793e+11
158	2.24627214813e+12
159	5.93674805559e+11
160	4.30992162768e+12
161	3.60065794162e+12
162	3.2347388058e+12
163	7.29374641663e+11
164	1.93714780753e+12
165	4.87264702949e+12
166	4.59650548017e+12
167	8.37120890292e+12
168	1.52194802964e+12
169	2.32370270323e+12
170	8.7448631259e+11
171	1.04451067467e+12
172	1.42262611768e+12
173	1.26736032333e+12
174	9.89758457292e+11
175	3.47955489466e+12
176	2.17039665218e+12
177	8.42868340413e+12
178	1.61071049541e+12
179	1.73148802225e+12
180	1.22984296753e+12
181	9.33275590774e+12
182	4.72399785616e+12
183	1.71369005748e+12
184	5.37050376355e+12
185	7.36307939707e+12
186	9.20289905235e+11
187	1.44931343816e+12
188	1.25460182905e+12
189	1.9323264394e+12
190	8.31476642848e+11
191	2.13051343972e+12
192	2.96321361296e+11
193	4.04324515248e+11
194	6.23732453446e+11
195	3.27452444111e+11
196	1.012617549e+12
197	1.46003423647e+13
198	8.31150981156e+11
199	1.39996526821e+12
200	1.17674527826e+12
201	4.60276908432e+12
202	1.54518396841e+12
203	4.17589687845e+12
204	9.82194993176e+11
205	3.52509872393e+12
206	3.12513723425e+12
207	8.46564971177e+11
208	1.26356666549e+12
209	5.10155889697e+12
210	4.65911678233e+11
211	8.0736060906e+11
212	9.24422122946e+11
213	4.28299356812e+11
214	3.74485246917e+12
215	1.50885700458e+12
216	3.17176302726e+12
217	5.12937700882e+12
218	9.06357557868e+11
219	1.89046284476e+11
220	9.15196509182e+12
221	1.18907560888e+12
222	6.03446444716e+11
223	2.68647513629e+11
224	2.15614458022e+11
225	5.39992278728e+12
226	5.06522720814e+11
227	6.58616999137e+11
228	3.12897255207e+12
229	9.71766274448e+12
230	1.39011564381e+12
231	9.1856378321e+12
232	4.05956877275e+11
233	7.00313784225e+11
234	4.03300089426e+11
235	1.9287439835e+12
236	3.53522472895e+12
237	3.88878699693e+11
238	1.2295068054e+12
239	1.98636751905e+12
240	3.81993876336e+12
241	5.66099920836e+12
242	3.36802892663e+11
243	2.31489649846e+12
244	2.2852172304e+12
245	7.93707086254e+12
246	1.90583899804e+13
247	1.32026727805e+12
248	4.7421574826e+12
249	1.11483836022e+12
250	1.50436811624e+12
251	1.07266534379e+12
252	4.74711211026e+11
253	1.15522165929e+12
254	6.68894799349e+11
255	2.4780793112e+12
256	1.46377194893e+12
257	2.27330538208e+11
258	1.40784781608e+13
259	2.25633594995e+11
260	2.75773466054e+12
261	3.4632798226e+12
262	1.01438818382e+12
263	5.85536115108e+12
264	3.32310421102e+12
265	3.47608371502e+12
266	2.70151316915e+12
267	1.35393819654e+12
268	4.3148538204e+12
269	1.12844244867e+12
270	1.52867635164e+13
271	4.76175543999e+12
272	3.80132589349e+12
273	1.51171286934e+12
274	2.01305503558e+12
275	1.31429802435e+12
276	1.12240800329e+13
277	1.11534979953e+12
278	1.8651375972e+12
279	1.89392905504e+12
280	1.6446548108e+13
281	3.20557401966e+12
282	2.72985148967e+12
283	1.44954504541e+12
284	2.648261601e+12
285	2.77621085882e+12
286	1.43602547398e+12
287	1.47132508693e+12
288	6.05745309581e+11
289	1.77513123127e+12
290	7.35784619351e+11
291	2.17187659623e+12
292	7.8286045943e+11
293	6.10208678528e+12
294	3.96388706423e+11
295	9.58159055387e+11
296	1.81048037863e+12
297	1.11604486618e+12
298	3.18843585614e+12
299	3.899482181e+12
300	2.39294389668e+12
301	1.26843106138e+12
302	8.58927810666e+11
303	3.07474765994e+11
304	1.44949963229e+13
305	5.39026489794e+11
306	1.6274029396e+12
307	1.37218952717e+13
308	3.44567626897e+12
309	5.68038198716e+11
310	3.93855839407e+12
311	3.25545278851e+12
312	2.02071024588e+12
313	1.07983256468e+13
314	3.43060731095e+12
315	3.51924200088e+11
316	1.46316514747e+12
317	4.19619368381e+11
318	1.66041692803e+12
319	3.12484911369e+12
320	5.72944520357e+12
321	3.97914912692e+11
322	2.27104161526e+11
323	1.23894829818e+13
324	1.06443261434e+12
325	3.44323026942e+12
326	1.22106026691e+12
327	2.06653696025e+12
328	1.9904667195e+12
329	1.34002148475e+12
330	1.00630523135e+12
331	1.72898086339e+13
332	1.56871901419e+12
333	1.75725821143e+12
334	2.13752018003e+11
335	1.69656914709e+12
336	4.46916178145e+12
337	2.07526261897e+12
338	4.56287265783e+12
339	6.98927641024e+12
340	4.83000711659e+11
341	2.06721711566e+12
342	9.65856281544e+11
343	1.14627452878e+12
344	3.76915941041e+11
345	1.23108091815e+12
346	1.03328060624e+13
347	1.23874029161e+12
348	2.62235088161e+12
349	7.41360619538e+11
350	8.0519171936e+11
351	2.512646338e+11
352	5.26493783248e+12
353	1.01569263408e+13
354	1.87475361714e+12
355	7.03468986336e+11
356	4.15480673514e+11
357	1.2202865113e+12
358	1.41302866133e+12
359	4.88729900076e+11
360	4.11260806121e+12
361	5.40941286254e+11
362	4.3914165063e+12
363	8.90457284162e+11
364	1.48491210406e+12
365	1.62421595211e+12
366	8.39739246227e+12
367	3.04774484968e+12
368	1.75941006555e+13
369	5.8223709257e+12
370	1.15359575289e+12
371	6.46316554864e+11
372	1.2952896262e+13
373	1.12084032821e+12
374	2.88850204639e+12
375	8.7664386165e+11
376	2.0597308211e+13
377	1.81122616846e+12
378	1.63240642445e+12
379	2.94050758603e+12
380	4.85890567008e+11
381	1.2226822136e+13
382	2.42527931444e+12
383	2.01064037309e+12
384	1.43087436888e+11
385	2.05980269655e+12
386	2.01720361284e+12
387	2.108759511e+12
388	1.0004537681e+12
389	2.4564294736e+12
390	1.55336608573e+12
391	2.09711903013e+12
392	2.94814701371e+12
393	1.92727698721e+11
394	9.83214403414e+12
395	7.45445669821e+11
396	6.24739995503e+11
397	4.77814077826e+12
398	8.27631660745e+11
399	1.45349452004e+12
400	6.40328506137e+11
401	2.78202618513e+12
402	2.02450719406e+12
403	1.74414114929e+13
404	2.23585886663e+12
405	4.67251819701e+11
406	8.92783937369e+11
407	4.1502506975e+12
408	7.30893428506e+11
409	1.49022039581e+13
410	2.9062081194e+12
411	8.79196346451e+12
412	1.06647620855e+13
413	8.17304330021e+11
414	2.11302520642e+12
415	1.64315261591e+12
416	9.09053149459e+11
417	1.28234128542e+13
418	1.16373075438e+12
419	1.81538231018e+12
420	4.07955334987e+11
421	1.00235611763e+12
422	1.73548728538e+12
423	2.31786481078e+12
424	3.45001738524e+12
425	3.78473259865e+12
426	1.07137887181e+12
427	2.42810608107e+12
428	5.31220983771e+11
429	3.6081840099e+12
430	4.55205159044e+11
431	2.25291400378e+12
432	2.24674387229e+12
433	3.58008633053e+11
434	8.65824088826e+12
435	1.44820893002e+12
436	2.96651681325e+12
437	9.05638508863e+12
438	3.76388257034e+12
439	1.20646302346e+13
440	1.02650115097e+13
441	9.54314083946e+11
442	7.7000767274e+11
443	3.08005868117e+12
444	5.31630337703e+12
445	7.56548661848e+12
446	9.24063393282e+11
447	1.72789812205e+12
448	2.0059040811e+12
449	1.32522801356e+12
450	1.08344615492e+12
451	7.49708234292e+11
452	5.96483247119e+12
453	3.72493225762e+11
454	2.4719455011e+12
455	4.87390452565e+11
456	4.83126675529e+12
457	2.54603184737e+12
458	1.45722756223e+11
459	4.73824896271e+12
460	2.24721027374e+12
461	9.44414347687e+11
462	1.69414153316e+12
463	7.95425664084e+11
464	5.57654649988e+11
465	1.1533893896e+13
466	3.24961278968e+12
467	2.56987448226e+12
468	1.41856798179e+12
469	3.00554394396e+12
470	6.66035058938e+12
471	1.30632682826e+12
472	2.61890220023e+12
