0	76805444844.0
1	6.40024959885e+11
2	2.00789176754e+11
3	6.04735019742e+11
4	1.10631442612e+11
5	3.30362700798e+11
6	1.11552121521e+11
7	2.27667053735e+11
8	1.68506186831e+11
9	6.79788376597e+11
10	2.77733105411e+11
11	2.72771520566e+11
12	4.58669889968e+11
13	2.64692429183e+11
14	55275398850.1
15	4.38676523962e+11
16	1.26296994373e+12
17	1.35344928631e+11
18	5.19576955075e+11
19	1.24376579342e+11
20	1.73460077611e+12
21	2.3397281852e+11
22	1.0827460916e+12
23	1.59305517423e+11
24	5.50622729013e+11
25	3.37468232616e+11
26	3.98968772322e+11
27	4.50254835485e+11
28	9.35127045787e+11
29	1.35915018345e+11
30	3.91744039247e+11
31	7.52421461601e+11
32	3.72109858814e+11
33	2.6224687379e+11
34	4.23211284697e+11
35	3.96641541274e+11
36	4.39470971889e+11
37	2.7971627874e+11
38	3.16476875303e+11
39	2.04336005317e+11
40	89369026187.2
41	2.12858291716e+12
42	1.49867761175e+11
43	9.56438035972e+11
44	1.09632534546e+11
45	2.57768972816e+11
46	4.19418615896e+11
47	5.97901745551e+11
48	4.34898408402e+11
49	1.17234490377e+11
50	2.64318595719e+11
51	2.45787727049e+11
52	1.57174099231e+11
53	1.02644153025e+11
54	5.29908560135e+11
55	1.28960864553e+11
56	38982930794.7
57	2.09177264035e+11
