0	1.05775488812e+12
1	7.54335215109e+11
2	5.36336661513e+11
3	7.06200875261e+11
4	1.5148568042e+11
5	4.24722541498e+11
6	5.13808451501e+11
7	2.39281584149e+12
8	2.42146784343e+11
9	3.66327635348e+11
10	7.46274269992e+11
11	2.43456660573e+12
12	1.39425871838e+12
13	6.19523407998e+11
14	5.92251809703e+11
15	1.35812442524e+12
16	4.15607430932e+11
17	1.14809972699e+12
18	6.09359917339e+11
19	42543527392.3
20	6.04581486854e+11
21	1.73260883695e+11
22	1.43847481574e+12
23	4.00853543357e+11
24	1.54375219999e+12
