0	6.65247994123e+11
1	2.19465214064e+11
2	2.20818389369e+11
3	6.07045431077e+12
4	9.40959981804e+11
5	1.32278454935e+12
6	8.06326423339e+11
7	1.67624417572e+11
8	2.2921826234e+12
9	2.62430036608e+12
10	83955441658.7
11	93505391887.0
12	3.66908528595e+11
13	1.7252217241e+11
14	9.51894857219e+11
15	2.92257785591e+12
16	5.30942167255e+11
17	7.7990012505e+11
18	2.98375405958e+11
19	3.15833198821e+11
20	1.20250898266e+11
21	5.85080427131e+11
22	6.7158441458e+11
23	5.85162179701e+11
24	6.76673722312e+11
25	7.31753507869e+11
26	5.67195209153e+11
27	7.72046457803e+11
28	1.42977076268e+11
29	7.62942384592e+11
30	2.15336779559e+11
31	5.9577668989e+11
32	1.8045747149e+11
33	69653745984.7
34	6.94065638484e+11
35	5.22637568808e+11
36	2.71051566383e+12
37	4.04343213494e+11
38	5.43723654457e+11
39	1.39542181644e+12
40	1.43204357884e+12
41	3.81323028589e+11
42	1.76231593473e+12
43	5.82376643844e+12
44	4.25740654583e+11
45	2.74222300684e+11
46	5.11091197462e+11
47	4.81443502265e+11
48	2.18984733488e+12
49	2.10736808537e+11
50	2.30822506674e+11
51	7.8476564607e+11
52	4.56212484208e+11
53	77754470425.5
54	5.26508462843e+11
55	2.15156043347e+12
56	82344035603.4
57	2.78054675977e+11
58	6.25089689735e+11
59	3.89417228976e+11
60	2.11481041894e+11
61	1.22904783777e+12
62	5.95363366813e+11
63	1.56539491137e+12
64	7.63507115756e+11
65	7.39322252341e+11
66	3.59148325697e+11
67	9.84633986771e+11
68	1.71177402197e+12
69	1.26991793831e+12
70	5.79069880935e+11
71	54364772274.4
72	5.49165584155e+11
73	2.40272197922e+12
74	1.52942172478e+12
75	2.0763779683e+11
76	4.79668582355e+11
77	1.41574966234e+12
78	2.77268274574e+11
79	3.32738900488e+11
80	8.84969653373e+11
81	2.05013926867e+12
82	3.06976000568e+11
83	2.01263132774e+12
84	2.60192845052e+11
85	1.09080360931e+12
86	9.98616751622e+11
87	9.06669972022e+11
88	2.48039938887e+11
89	6.30971636292e+11
90	3.95141156249e+11
91	1.53902719707e+12
