0	7.41478203756e+11
1	5.36528940745e+11
2	1.58270462716e+12
3	3.99448098896e+12
4	3.34279281351e+11
5	4.8794044992e+12
6	1.75363570467e+11
7	1.61424847915e+12
8	3.41187307687e+11
9	3.97899514736e+12
10	5.82341796814e+11
11	1.31395032744e+12
12	3.1615454066e+11
13	3.55593702352e+12
14	2.15865722078e+12
15	2.45375348404e+12
16	2.63795027787e+11
17	1.97978106716e+12
18	1.1158682278e+12
19	8.54304933575e+11
20	80974151072.1
21	7.0714295076e+11
22	1.45355043761e+11
23	3.54351196666e+12
24	3.59475166017e+11
25	7.20711657629e+11
26	3.96795248828e+12
27	1.26851530193e+12
28	1.22955097547e+12
29	3.05983178831e+11
30	2.26789928162e+12
31	1.26746035356e+12
32	3.23017093479e+12
33	1.44919728477e+12
34	3.08967033887e+11
35	6.00148151391e+11
36	4.32022954862e+11
37	1.11038240375e+12
38	1.28901780167e+12
39	4.40213429099e+11
40	2.07732750037e+12
41	2.90841551617e+11
42	6.73241366791e+11
43	1.40090038981e+12
44	5.98363849442e+11
45	1.5102911488e+12
46	3.12387764815e+12
47	9.17282601673e+11
48	2.88828607396e+11
49	5.41988781393e+12
50	3.63807480438e+11
51	1.71720499319e+12
52	1.62174607322e+12
53	2.83334767684e+12
54	1.02514001008e+12
55	1.89390910707e+12
56	2.39011857779e+12
57	9.46729690242e+11
58	2.12678693649e+11
59	7.94126117453e+11
60	1.45729854345e+12
61	8.10384242007e+11
62	6.31260973441e+11
63	8.21752638797e+11
64	1.59162172493e+12
65	6.72159584539e+12
66	1.14519110792e+12
67	1.22846361989e+11
68	7.86663595253e+11
69	2.12430466765e+12
70	1.13232201469e+13
71	7.91976508043e+11
72	2.94326611847e+11
73	3.99720732598e+11
74	7.45811249547e+11
75	1.75378815879e+12
76	1.29067281135e+12
77	1.69818830756e+12
78	4.9299968768e+11
79	7.02001345435e+11
80	1.58095906515e+12
81	1.12786808132e+12
82	1.12092145387e+12
83	36745884097.0
84	1.90149967318e+12
85	1.66284429723e+11
86	8.21994428666e+11
87	8.62407609872e+11
88	4.03685115229e+12
89	1.50535122984e+12
90	1.88381926178e+12
91	6.14260221184e+11
92	4.94965660385e+11
93	2.95337837506e+11
94	7.3683681284e+11
95	8.74386155078e+11
96	2.59544597127e+12
