0	2.73397419553e+11
1	2.29046445046e+11
2	1.79149979087e+12
3	81229809375.0
4	7.0996569265e+11
5	5.30371380098e+11
6	1.26955010999e+12
7	1.59841942188e+12
8	5.67732080996e+11
9	3.01620502283e+11
10	5.64119561097e+11
11	2.71977487457e+12
12	3.07771353728e+11
13	1.11530671774e+12
14	9.07363629784e+11
15	3.43162755573e+11
16	7.03586454885e+12
17	1.88796536944e+12
18	1.77238534113e+12
19	6.04162877305e+11
20	1.31528459793e+11
21	2.81007160981e+12
22	3.65035186409e+11
23	1.97118852042e+11
24	2.21343576075e+11
25	2.69573287418e+11
26	1.93613438854e+11
27	1.49608186321e+12
28	7.31345302518e+11
29	1.61727286873e+12
30	5.97841634986e+11
31	56645500181.6
32	2.33745674097e+12
33	1.84556862523e+12
34	3.17036891309e+11
35	3.58676915599e+11
36	1.47601095163e+12
