0	2.70561042062e+11
1	2.15508336041e+11
2	58792615183.8
3	1.74826656019e+11
4	3.38570582353e+11
5	4.18024037136e+11
6	3.39486780212e+11
7	1.04274637431e+12
8	2.37983080816e+12
9	8.53224187588e+11
10	1.7223414618e+11
11	1.85080292729e+11
12	3.89595708565e+11
13	1.57323327674e+12
14	7.78512663371e+11
15	77754057585.6
16	3.7360721579e+11
17	3.43690572356e+11
18	52323351591.0
19	2.47634292655e+11
20	95514065668.1
21	1.58569753088e+11
22	2.46883514721e+11
23	1.58119613744e+11
24	6.49328459089e+11
25	2.61533153033e+12
26	1.01923044714e+11
27	1.23714117349e+12
28	65621205915.1
29	3.37814102715e+11
30	4.52507215501e+11
31	1.19548736852e+12
32	8.07386571853e+11
33	1.09401008927e+12
34	2.434571171e+11
35	93878316409.5
36	4.76620894634e+11
37	1.01191709586e+11
38	2.01895179304e+11
39	6.77168371479e+11
40	1.52854568464e+11
41	9.31450804043e+11
42	3.19479381789e+12
43	4.79133447564e+11
