0	4.76954684182e+11
1	1.87489874427e+12
2	1.82563829251e+11
3	3.50043895329e+11
4	9.51472603501e+11
5	1.52751569412e+11
6	3.79409123821e+11
7	2.10298112442e+12
8	1.72352892815e+11
9	2.26851909136e+11
10	1.98216623758e+11
11	2.19759943917e+12
12	3.74818795071e+11
13	36826370613.4
14	1.97830184425e+11
15	1.03638858615e+12
16	1.19442097145e+11
17	2.15499272735e+11
18	96970715845.4
19	1.7414010253e+11
20	1.03819943416e+12
21	68304716358.8
22	1.79110687474e+11
23	3.77216582605e+11
24	1.83085620947e+12
