0	1.28895611292e+12
1	8.03493577594e+11
2	7.2431222579e+12
3	8.85935132064e+11
4	7.81798156837e+12
5	4.34380995617e+12
6	3.90926028872e+13
7	1.44173410094e+12
8	5.16699322869e+12
9	2.94529653077e+12
10	1.31543749719e+13
11	2.28028578427e+12
12	2.58523010315e+12
13	1.06840038417e+13
14	4.27999200282e+11
15	5.99107630428e+12
16	6.48668433665e+12
17	2.53126735838e+12
18	3.6033823715e+12
19	3.23810920984e+12
20	7.75080576581e+12
21	1.52918282368e+12
22	3.78734744269e+12
23	2.01355652259e+12
24	1.83284923459e+12
25	6.20649765108e+12
26	3.36877901389e+12
27	1.13105357883e+13
28	1.31271557538e+12
29	1.06059890771e+13
30	2.37407688735e+12
31	2.91148134173e+12
32	3.81726998457e+12
33	5.27531734621e+12
34	4.40287684587e+12
35	6.49677376357e+12
36	2.27125061379e+13
37	9.98138130963e+11
38	1.4884434257e+12
39	4.40320991381e+12
40	5.88049382767e+11
41	9.45905718417e+12
42	6.10232805247e+12
43	2.2835383566e+12
44	3.69156080869e+12
45	3.38889416994e+12
46	3.90808691501e+12
47	1.93410836014e+13
48	2.19199815336e+12
49	1.96124161982e+12
50	7.78510565644e+12
51	5.76626459801e+12
52	2.6970585569e+12
53	4.12171806666e+12
54	1.59365318594e+13
55	2.07981265999e+12
56	2.30812252841e+12
57	2.83142046375e+12
58	1.34233632689e+12
59	2.46123582189e+12
60	7.13189362176e+12
61	2.00237640159e+12
62	4.88557965132e+12
63	3.76431885891e+12
64	1.88724166845e+12
65	3.85272304003e+12
66	1.88014566875e+12
67	1.04046635954e+13
68	1.16518037061e+13
69	1.5471639097e+12
70	8.15564633441e+12
71	2.07436335876e+12
72	2.51405718859e+12
73	3.12378100966e+12
74	4.1256970616e+12
75	4.25623493485e+12
76	3.02980564638e+12
77	3.25570240213e+12
78	1.57728487003e+12
79	8.08942457376e+12
80	1.32682916464e+12
81	2.66619993131e+12
82	3.38360772682e+12
83	4.55084927951e+12
84	9.8114632651e+12
85	1.11899817327e+13
86	4.71938458375e+12
87	6.85494619931e+11
88	6.33392382412e+12
89	1.49267528241e+12
90	9.52948954813e+11
91	4.75230999767e+12
92	2.44122355404e+12
93	5.14001411932e+11
94	6.8499345953e+12
95	1.3768112805e+12
96	4.36381869577e+12
97	1.9672014171e+12
98	5.96670998456e+12
99	1.75892836697e+13
100	1.30222275031e+13
101	3.94757650046e+11
102	7.00321664538e+12
103	5.69478825025e+12
104	7.02487834637e+12
105	1.39519974564e+12
106	8.49441725259e+12
107	4.2833812439e+12
108	6.21892931759e+12
109	1.63553243269e+12
110	5.50294110795e+12
111	6.64369991961e+12
112	2.19248894993e+12
113	2.91489089578e+12
114	4.37426794114e+12
115	7.89858942905e+12
116	7.47813552415e+12
117	1.30016581001e+12
118	5.25141855402e+12
119	1.97022925483e+13
120	1.2725570441e+13
121	2.32996343437e+12
122	1.87284265682e+12
123	1.88876591429e+12
124	8.34978939729e+11
125	5.10559624115e+12
