0	2.85634061458e+11
1	5.42344601422e+11
2	4.94516273371e+11
3	1.31573158667e+12
4	6.68367442136e+11
5	2.46609531372e+11
6	8.56303572986e+11
7	1.98978006693e+11
8	1.85669792567e+12
9	90247238029.0
10	6.16282268722e+11
11	8.35676480703e+11
12	4.06262347121e+11
13	3.55395290757e+11
14	1.12534224121e+12
15	2.03009781378e+11
16	5.72764189306e+11
17	4.62406343342e+11
18	1.1270936688e+11
19	3.39761104754e+11
20	1.56735761888e+12
21	3.2250455045e+11
22	2.52325508999e+11
23	83868732133.7
24	1.31620647442e+11
25	85978893086.5
26	2.32802822525e+11
27	1.70431904291e+12
28	1.28976488128e+12
29	5.90731038216e+11
30	64525333881.0
31	4.47084397249e+11
32	5.91960585734e+11
33	1.43357063981e+11
34	8.28237201684e+11
