0	2.17109351317e+11
1	1.21339716709e+11
2	1.53375820363e+11
3	1.47537442091e+11
4	4.16760232007e+11
5	2.15386135033e+11
6	9.86171169982e+11
7	5.73959798061e+11
8	1.16896836422e+11
9	1.62101806982e+11
10	4.61648141567e+11
11	3.16281761878e+11
12	2.62365091893e+11
13	1.93461607865e+11
14	1.5556679844e+12
15	6.80458624453e+11
16	3.38885769514e+11
17	2.25283884883e+11
18	2.14416235486e+11
19	1.49876700026e+12
20	5.32296789717e+11
21	9.81900207123e+11
22	1.0339490041e+12
23	3.81088891194e+11
24	2.4599420484e+11
25	6.38727830552e+11
