0	3.40447218372e+11
1	1.19474017905e+11
2	1.44938183757e+12
3	6.53324301179e+12
4	4.85843285053e+11
5	2.10060005656e+11
6	5.59976112311e+11
7	2.2847551264e+12
8	1.22313165094e+12
9	2.46420364256e+11
10	1.55199024787e+12
11	5.46664794137e+11
12	1.81957128197e+12
13	3.97047117046e+11
14	3.38333436958e+12
15	7.6085007502e+11
16	2.80211731949e+12
17	8.02593919483e+11
18	2.70992134696e+12
19	7.23259936853e+11
20	1.83487375928e+12
21	2.66237345401e+11
22	7.53607481473e+11
23	2.14211591984e+12
24	2.02199009809e+12
25	3.59325640664e+11
26	1.25494898487e+12
27	5.99141861382e+11
28	2.58166827701e+11
29	2.63169489882e+12
30	5.2379810041e+11
31	4.87676111673e+11
32	4.08404286125e+11
33	1.2299609731e+12
34	8.00125262433e+11
35	2.31766784159e+12
36	1.08406806301e+12
37	4.35354819526e+11
38	1.17115903109e+12
39	8.69965373947e+11
40	7.47215296388e+11
41	4.2248871765e+11
42	1.00347901786e+11
43	6.49836027002e+11
44	2.30340349546e+12
45	2.66841333434e+12
46	1.94513003543e+12
47	1.44546926936e+11
48	4.54159729055e+11
49	2.0159116115e+12
50	8.49016987259e+11
51	3.12294585943e+12
52	7.9124362233e+11
53	7.2070759683e+11
54	2.66718451019e+12
55	4.47479572302e+12
56	2.69613546653e+12
57	85667113091.6
58	3.57345616743e+11
59	3.14418601868e+11
60	2.91219731285e+12
61	3.24360134759e+12
62	2.05261187774e+12
63	1.07639706022e+12
64	4.51863663121e+11
65	5.01386028967e+12
66	7.18561419092e+11
67	2.910955021e+11
68	1.04513666068e+12
