0	5.40478389652e+11
1	7.41562691471e+11
2	2.27658512639e+11
3	1.54855647637e+12
4	3.56158985207e+11
5	1.48333687547e+12
6	4.92511144838e+12
7	4.97321662799e+11
8	1.57186876144e+12
9	3.84166258319e+11
10	9.79639337764e+11
11	4.41646958813e+11
12	8.40908273985e+11
13	1.10291779003e+12
14	2.29788534641e+11
15	9.57532567503e+11
16	1.58201833361e+12
17	1.9347418564e+11
18	3.21475982719e+12
19	2.8823459899e+11
20	8.70099495293e+11
21	3.60719867998e+12
22	6.64920754481e+11
23	2.87824606592e+11
24	2.29923223359e+12
25	8.6539564897e+11
26	4.05934345386e+12
27	1.8230257278e+12
28	1.51214705969e+12
29	4.90067768786e+11
30	7.24922077561e+11
31	2.99607440101e+12
32	4.27959916989e+11
33	1.57760373978e+12
34	7.30390379023e+11
35	8.14014848811e+12
36	6.07275965076e+11
37	2.53448539555e+11
38	5.57231755094e+11
39	9.67528606855e+11
40	1.46872867053e+12
41	9.16769624394e+11
42	1.62518394732e+12
43	3.74527957732e+11
44	1.60568858623e+11
45	6.01298784879e+11
46	2.48563252768e+12
47	1.13872265207e+12
48	1.81188088982e+11
49	2.16291438178e+12
50	1.38098131643e+12
51	1.68138059664e+12
52	2.38690124842e+12
53	7.76432853794e+11
54	1.48117669908e+11
55	4.2240264131e+11
56	7.35667195439e+11
57	2.39742977094e+12
58	2.70776046742e+11
59	1.08111406637e+12
60	2.63314481733e+12
61	3.49130914768e+11
62	1.28862390862e+12
63	6.1431198522e+11
64	7.37942186331e+11
65	1.04080627296e+11
66	2.36645818365e+11
67	8.1765895414e+11
68	3.47920956176e+11
69	4.91171070314e+11
70	5.5443443041e+11
71	2.83998727569e+12
72	1.46444349842e+12
73	1.92622944678e+12
74	2.47577821884e+12
75	2.14682153861e+12
76	1.5741728822e+12
77	1.24062930189e+12
78	1.48029268393e+12
79	1.86147732248e+12
80	6.71425081384e+11
81	7.48657779865e+12
82	2.73938906773e+12
83	5.89269276806e+11
84	1.97410933319e+11
85	6.65557629458e+11
86	1.72895090479e+11
87	1.36265771221e+12
88	9.4705764135e+11
89	3.38658183239e+11
90	7.04236420572e+11
91	1.99051572463e+11
92	3.17710022839e+12
93	1.3970514481e+12
94	2.60372226063e+11
95	1.57707986426e+12
96	3.96789694127e+12
97	3.96502301653e+11
98	6.66682130122e+11
99	1.25699368615e+12
100	4.22746205384e+11
101	3.02171909605e+11
