0	7.64918191674e+11
1	1.29507531739e+12
2	1.19041090103e+12
3	6.32974936658e+11
4	1.43758966864e+11
5	1.73228401667e+12
6	1.55274308052e+12
7	1.94822076295e+11
8	83080470798.3
9	1.06244129036e+12
10	3.28316074715e+12
11	1.72903684414e+12
12	9.22266440419e+11
13	5.61240693278e+11
14	4.0714356277e+11
15	2.2099429555e+12
16	3.29790676857e+12
17	7.15722376388e+11
18	97664955742.7
19	1.19295105189e+12
20	8.36030472297e+11
21	2.0145551054e+12
22	4.08339104503e+11
23	2.48493178479e+12
24	1.06269345445e+12
25	1.75029911422e+12
26	6.55375857243e+11
27	9.66656933178e+11
28	1.74856284103e+12
29	1.43178810961e+12
30	3.1349746519e+12
31	1.8148954186e+12
32	8.14259408307e+11
33	3.69660665227e+11
34	8.10285696446e+11
35	1.44530426765e+11
36	8.00093961929e+11
37	1.25470623262e+13
38	2.03675982774e+11
39	1.09104345209e+13
40	4.0703190098e+12
41	3.76248186543e+12
42	6.85774000627e+12
43	4.10844730141e+11
44	1.53591171096e+11
45	4.74014593676e+11
46	5.75035558611e+12
47	4.65402826758e+11
48	8.40294568431e+11
49	6.17268365677e+11
50	1.25608863927e+12
51	3.91530841515e+11
52	9.64001867661e+12
53	1.43746630712e+12
54	1.2407281382e+12
55	5.74227991335e+11
56	4.97232891034e+11
57	1.41163860676e+12
58	1.17189206602e+12
59	2.25510862433e+12
60	6.54283210007e+11
61	3.70489950653e+11
62	6.47259644657e+11
63	8.74912202442e+11
64	4.26988246454e+11
65	4.28288736462e+12
66	2.38212139096e+12
67	1.47167966952e+12
68	3.76897855766e+12
69	2.90592493896e+12
70	1.67448924477e+12
71	1.22619227646e+12
72	1.25453685322e+12
73	8.7869369398e+11
74	9.27116573353e+11
75	1.20699759681e+12
76	1.57450657841e+12
77	2.72024855514e+11
78	4.69018832465e+11
79	1.26804104566e+12
80	2.90171249593e+11
81	7.05170400878e+11
82	1.72705685298e+11
83	2.27524433628e+12
84	2.22069805728e+12
85	4.3584949867e+12
86	1.08395298145e+12
87	1.07544979344e+12
88	4.09775182584e+11
89	1.40203014802e+12
90	5.54753747064e+11
91	2.34503083475e+11
92	5.21697628752e+11
93	1.66635251607e+11
94	1.41071820247e+12
95	1.6161554041e+11
96	2.36911504496e+12
