0	8.02396324551e+11
1	1.0371266233e+12
2	4.14563665988e+12
3	2.574968437e+13
4	1.20454597956e+12
5	5.36697346749e+12
6	1.66376486972e+13
7	9.83144879547e+12
8	8.90917628974e+12
9	4.39139793967e+11
10	1.87468921092e+13
11	3.94415872417e+11
12	3.33115587448e+12
13	3.69954805866e+11
14	7.01698800584e+11
15	1.74711918444e+13
16	3.17640071174e+12
17	1.44293243193e+12
18	1.28289730935e+12
19	5.14113023204e+12
20	1.30891421898e+12
21	1.93003333952e+13
22	2.81748034984e+12
23	1.39246870311e+12
24	2.53255039176e+12
25	6.44111550371e+12
26	1.63987217871e+13
27	2.06552063447e+12
28	3.357704573e+12
29	1.03702748544e+12
30	1.21899969725e+12
31	5.04160001835e+12
32	5.35554426978e+12
33	1.11632509084e+13
34	7.4687442067e+12
35	1.67918004713e+12
36	1.6318597349e+12
37	1.57917721049e+13
38	5.2984378763e+12
39	3.23685236032e+12
40	1.36494478128e+12
41	5.34855777101e+12
42	2.04255377901e+12
43	2.17615335913e+12
44	8.12335509248e+11
45	2.87926585392e+12
46	4.41563127515e+11
47	1.3386671239e+13
48	1.41065307157e+13
49	2.02132941609e+12
50	1.1558303428e+12
51	1.62066740988e+13
52	1.66258075181e+12
53	1.03246216133e+12
54	1.35423644526e+13
55	1.42678374465e+12
56	2.51650944701e+12
57	1.26884618461e+12
58	7.48047359782e+12
59	4.04552469152e+12
60	5.70664290297e+12
61	2.45616938818e+12
62	2.07262952069e+12
63	5.27860917122e+12
64	1.58823261162e+13
65	9.18795690495e+12
66	3.77376110163e+12
67	6.73401757942e+12
68	1.43252828929e+12
69	7.54794781983e+12
70	5.1814177652e+12
71	5.606580229e+11
72	2.13473447299e+12
73	1.99822264535e+12
74	7.16408672212e+12
75	1.17771714672e+13
76	8.56241497081e+11
77	1.21316904976e+12
78	2.62479283965e+12
79	2.32447094004e+12
80	1.42565524449e+13
81	2.52191057697e+12
82	3.07513540078e+11
83	4.55617632601e+12
84	1.1478525995e+13
85	9.03293488757e+12
86	1.07870263441e+12
87	3.0999803288e+12
88	9.79180692328e+11
89	1.12996384566e+12
90	1.50430239302e+12
91	3.19855112203e+12
92	1.73814423702e+13
93	1.11747684057e+12
94	2.03932645831e+11
95	1.44541397821e+12
96	1.33318466435e+13
97	4.77183281967e+12
98	4.87173506721e+12
99	1.53734944157e+12
100	3.40727938754e+12
101	3.59178640854e+12
102	1.93242608371e+12
103	4.08135975989e+13
104	2.69764447242e+12
105	2.26197308105e+12
106	3.27150423513e+12
107	1.70384160818e+12
108	1.01249158645e+12
109	1.06426693578e+13
110	7.1390827119e+12
111	4.69564567917e+12
112	2.08802241197e+12
113	2.04709519789e+13
114	4.90655244322e+12
115	1.66568771233e+12
116	2.9087341563e+12
117	2.96815408609e+12
118	4.72913034047e+12
119	1.22713965141e+13
120	2.41135557575e+12
121	4.42666782111e+12
122	1.91002969303e+12
123	1.71378195563e+12
124	1.14680915268e+12
125	2.67367490739e+12
126	5.13878005797e+11
127	1.43404058841e+13
128	9.38925113429e+12
129	1.01354756763e+12
130	3.5109123166e+11
131	1.32887893255e+12
132	9.05927371663e+11
133	2.22136151171e+12
134	5.87115666559e+12
135	1.14444476858e+13
136	2.33994752703e+13
137	1.84761111741e+12
138	4.58478548791e+12
139	2.65895715407e+12
140	2.51380782502e+12
141	7.34480608347e+12
142	2.45233517134e+12
143	1.52551721276e+12
144	3.48572779185e+11
145	1.26427865213e+13
146	1.32349845487e+12
147	2.32302357191e+12
148	1.39362210508e+12
149	1.47318617998e+13
150	3.76494405897e+12
151	3.20394352333e+12
152	7.1655171395e+12
153	2.92451808439e+12
154	1.48272613088e+12
155	1.36136456028e+13
156	2.10428437439e+13
157	3.49976930278e+12
158	1.61952006766e+12
159	1.13316374782e+12
160	7.4989673013e+11
161	4.73737848114e+12
162	9.2218039103e+12
163	2.13240754104e+12
164	2.87395621251e+12
165	4.47207187355e+12
166	3.0309021529e+12
167	1.13882969986e+13
168	4.3236422513e+12
169	1.17578605905e+12
170	2.8820420678e+13
171	1.03727602594e+13
172	1.64717378724e+12
173	3.40265467215e+12
174	9.77916078304e+12
