0	1.76686350343e+12
1	4.42963064664e+11
2	1.80369338075e+11
3	2.57706559596e+12
4	2.70022574397e+11
5	3.50476028862e+12
6	6.80981731018e+11
7	7.17227395402e+11
8	2.62391160701e+11
9	4.87662875052e+11
10	64374034667.9
11	3.91973418611e+11
12	9.88577952207e+11
13	1.1490727904e+11
14	5.9766544529e+11
15	4.02002997949e+11
16	2.55638471327e+11
17	48763114406.0
18	2.17502257983e+11
19	1.0267601771e+12
20	8.49181508574e+11
21	7.14416820619e+11
22	3.36992832099e+11
23	7.15152899752e+11
24	1.25507481477e+11
25	1.36927200469e+11
26	3.280141561e+11
27	4.09953126119e+11
28	2.88290656285e+11
29	2.15259195422e+12
30	3.3382675976e+11
31	2.22368671234e+11
32	1.3022347233e+11
33	4.23472624295e+11
34	1.55875131646e+12
35	4.4168852843e+11
36	95420134850.8
37	2.20470304048e+11
38	2.49406330363e+11
39	6.57985133524e+11
40	91744520868.2
41	1.48363199938e+11
42	5.22164344981e+11
43	1.30738618191e+11
44	1.21819635148e+12
45	3.10905831386e+11
46	4.33690915738e+11
47	55171330847.9
