0	1.94116908998e+12
1	3.34535986616e+12
2	1.20069153387e+13
3	1.18298826675e+12
4	3.23685836935e+11
5	6.20131963202e+11
6	6.57394046472e+11
7	2.79082330214e+11
8	2.52457009069e+12
9	5.45386890636e+11
10	2.01760456264e+12
11	3.07651501563e+12
12	1.01350540126e+12
13	1.08679231598e+12
14	7.7480487937e+11
15	4.09892435992e+11
16	1.4077960889e+12
17	2.49530919698e+11
18	2.52669075304e+11
19	5.3213549511e+11
20	1.62563861404e+12
21	2.09941649461e+11
22	2.79349553938e+12
23	2.81667309631e+12
24	87744475602.9
25	2.13517621604e+12
26	9.28096534767e+11
27	1.12167701306e+12
28	1.61922321876e+11
29	87518494772.3
30	4.9632135673e+11
31	5.17525505429e+12
32	7.1991975634e+11
33	1.83799548215e+11
34	5.77826627582e+12
35	3.56302215183e+12
36	3.7306566575e+11
37	6.23126950956e+11
38	1.19552093e+11
39	1.72061750844e+12
40	1.35167792972e+12
41	2.30415753458e+12
42	9.69994298697e+11
43	1.09878880466e+12
44	7.773599105e+11
