0	1.61692535748e+12
1	1.81140401642e+13
2	1.61571925452e+13
3	2.10210704886e+12
4	1.55891400869e+13
5	3.44925392e+13
6	6.92299101628e+12
7	5.89960573425e+12
8	4.58032368457e+13
9	7.01281162097e+12
10	4.45921031374e+12
11	4.23816564591e+12
12	2.32794922689e+12
13	8.45756724915e+12
14	6.20136185356e+12
15	1.85523944963e+12
16	3.97850829972e+12
17	1.54602276596e+12
18	4.26659790308e+12
19	2.95014784993e+12
20	4.10961658523e+12
21	4.61032588071e+12
22	5.71704076469e+12
23	1.62675954009e+12
24	1.69071681333e+12
25	7.87973811134e+12
26	3.15810347386e+13
27	1.82045210401e+13
28	1.63873122607e+13
29	7.33276245861e+12
30	4.05914696684e+12
31	9.19016357837e+11
32	3.37772878063e+12
33	5.75979066881e+12
34	3.00272756388e+12
35	1.20732188844e+12
36	2.07385968271e+12
37	5.03631350517e+12
38	2.89018996354e+12
39	3.75960932554e+12
40	1.25368322896e+13
41	4.42871685802e+13
42	4.43633473121e+12
43	5.57535853402e+12
44	1.94522433789e+12
45	2.50908925135e+12
46	3.1122607127e+12
47	2.35849572065e+12
48	7.11385211119e+12
49	5.66927789764e+12
50	3.35070737156e+11
51	2.17758677335e+12
52	2.55242422668e+12
53	1.21862901218e+13
54	9.33313722178e+12
55	7.63176251326e+12
56	1.99964639034e+12
57	1.09113142764e+12
58	3.69907272356e+12
59	3.52135047854e+13
60	4.71177250979e+12
61	2.74486265483e+12
62	2.86799088544e+12
63	1.60785026026e+13
64	2.07532652912e+12
65	2.09729909957e+12
66	9.72772406912e+12
67	3.14298311332e+12
68	1.14795935803e+13
69	1.19025247599e+13
70	1.40347457086e+13
71	3.85692191685e+12
72	3.50268236608e+12
73	3.8115638845e+12
74	2.88625811619e+12
75	2.69644812327e+13
76	8.959233459e+12
77	4.39969204156e+12
78	8.71102836492e+11
79	4.01293345528e+12
80	5.52492716942e+12
81	4.32465570501e+12
82	2.68977636273e+12
83	1.28736924615e+13
84	1.21345527147e+13
85	3.30714751804e+13
86	2.72247990988e+13
87	7.20718514554e+12
88	1.58812958574e+13
