0	2.8544232376e+11
1	9.08636308583e+11
2	2.55746865393e+12
3	4.15908258501e+11
4	2.05872899807e+11
5	1.65395324407e+11
6	1.45427374594e+12
7	8.31358007639e+11
8	2.98787469175e+11
9	1.06331390569e+12
10	2.09457290158e+11
11	8.48856952532e+11
12	5.02829145024e+11
13	2.25895295991e+11
14	1.70538161273e+12
15	3.47887696705e+11
16	1.40411904554e+11
17	4.19735568294e+11
18	6.59359661148e+11
19	2.07955633772e+11
20	3.81193153057e+12
21	1.35467088824e+11
22	6.29647978332e+11
23	5.27109078183e+11
24	1.39829133398e+11
25	3.8100651561e+11
26	4.95697259555e+11
27	2.6365203565e+12
28	2.32564326983e+11
29	5.15440770115e+11
30	3.1536920414e+11
31	1.96876165728e+12
32	1.71021647002e+12
33	1.052910674e+12
34	3.08320241819e+11
35	70760727346.0
36	1.12098132588e+11
37	3.6029918978e+11
38	3.16490539915e+11
39	8.90851394979e+11
40	1.20945684379e+11
41	5.52046534949e+11
42	1.63640904481e+12
43	1.28851176332e+11
