0	1.98523766257e+11
1	6.25585490062e+11
2	2.94868803807e+11
3	3.78323257324e+11
4	4.29526512225e+11
5	2.01379780738e+11
6	2.47743937488e+12
7	8.87507327424e+11
8	3.73680981646e+11
9	1.45453522342e+11
10	4.60106506287e+11
11	7.25450903285e+12
12	8.61878679662e+11
13	2.72187999355e+11
14	7.12030785891e+11
15	3.5712985491e+11
16	5.22078258853e+11
17	1.92216784176e+12
18	2.719075026e+11
19	4.37883511525e+11
20	1.00092406273e+12
21	80601689681.4
22	2.24734599224e+11
23	2.00175287414e+11
24	94552486656.0
25	1.86045514008e+12
26	86709386183.0
27	3.88340895465e+11
28	5.2585866918e+11
29	4.25541076781e+11
30	4.40568436068e+11
31	7.63019221238e+11
32	2.93142844112e+11
33	1.25626396728e+12
34	5.55671454899e+11
35	1.21453939844e+12
36	8.34280795676e+11
37	2.85105416907e+11
38	1.3132390124e+11
39	2.48700140362e+11
