0	329.801437677
1	275.188930301
2	284.712235543
3	69.208415672
4	211.569033911
5	341.189157314
6	21.3763348183
7	224.263731097
8	140.226503728
9	94.8902770365
10	114.568797245
11	9.88517030682
12	354.130107671
13	1149.12990152
14	61.2122105588
15	196.599757376
16	99.0187079594
17	159.636530185
18	379.520745288
19	602.382910094
20	26.9923913204
21	54.3197184169
22	623.2602125
23	132.768096834
24	182.100593695
25	541.826039893
26	45.7666587227
27	245.071240943
28	7144.66657531
29	48.7842357962
30	3390.01047467
31	138.253488362
32	279.422829553
