0	1.10375350713e+12
1	3.69417362912e+11
2	2.7640872852e+11
3	8.13028762802e+12
4	2.07316235959e+12
5	4.22139379739e+11
6	1.37320320243e+11
7	5.42678420468e+11
8	3.01865080753e+11
9	4.76530638799e+11
10	1.43019350854e+11
11	4.92933541876e+12
12	1.03590707093e+11
13	4.80472937189e+11
14	1.65835395405e+12
15	1.27295473331e+12
16	4.17288926167e+11
17	7.74947323168e+11
18	6.11093494778e+11
19	4.74344018412e+11
20	9.47320774573e+11
21	85912032460.8
22	2.61026380162e+12
23	2.30526312985e+11
24	2.23674447063e+11
