0	90847884344.5
1	8.93354286308e+11
2	6.91274762158e+12
3	8.3029103851e+11
4	1.04720596578e+12
5	1.02039996285e+12
6	8.73943647677e+11
7	4.5061213539e+11
8	2.00569537859e+12
9	6.5717980521e+11
10	2.15227684735e+12
11	7.44716349306e+11
12	6.86787589304e+11
13	56424681745.6
14	1.20997718282e+12
15	1.05825824603e+12
16	4.22820065026e+11
17	5.79904129412e+12
18	2.48130773925e+11
19	1.51168645208e+12
20	1.04736958566e+12
21	7.4250324001e+11
22	4.77862998824e+11
23	1.98740615354e+12
24	2.0341398048e+12
25	5.96506230751e+11
26	1.78277413828e+11
27	8.07700612406e+11
28	7.67985852057e+11
29	3.29942119309e+11
30	89401153424.6
31	79189653087.8
32	5.90889366229e+11
33	2.77923276754e+12
34	1.90832252264e+12
