0	6.58272952742e+12
1	4.88686266772e+11
2	1.41502861933e+12
3	3.58955178498e+12
4	1.09465600176e+12
5	1.90436998405e+12
6	3.09051914772e+11
7	1.00759948628e+12
8	3.52435931457e+12
9	2.42662121016e+11
10	6.66445165549e+11
11	2.85641473388e+11
12	3.35041979435e+12
13	2.03244756361e+13
14	9.41233325952e+11
15	3.92368686224e+12
16	1.05630905876e+13
17	1.80316162875e+12
18	1.07640913185e+12
19	3.29412044474e+11
20	1.52913773836e+11
21	4.91281798144e+12
22	8.85177599624e+11
23	1.18627544674e+12
24	2.96194958952e+12
25	1.27270211628e+12
26	6.85816689022e+11
27	3.74652751969e+11
28	2.04050718574e+11
29	1.56442980692e+11
30	9.19237649624e+11
31	1.81858247629e+12
32	2.55219563129e+12
33	3.41818992138e+12
34	1.62588602924e+12
35	3.81531068853e+11
36	2.02313576674e+12
37	3.00550123288e+12
38	1.9580058034e+12
39	1.22628799034e+11
40	2.62684011851e+11
41	2.17515960389e+12
42	1.52787497909e+12
43	7.3003507682e+11
44	2.22161678852e+11
45	4.23589849363e+12
46	7.40585535109e+11
47	7.84509148451e+12
48	1.76146826366e+11
49	1.05141610978e+12
50	1.05110506174e+12
51	3.06792912402e+12
52	4.89857520408e+11
53	2.14884042878e+11
54	1.5595295617e+12
55	3.10999340255e+12
56	4.71423324393e+11
57	1.4109384794e+12
58	2.29036044788e+12
59	3.75632194446e+11
60	6.52712030195e+12
61	6.07590233626e+11
62	3.31135442101e+11
63	1.69774189696e+11
64	1.39228821777e+12
65	2.6214524549e+11
66	3.65595395869e+12
67	1.69436636939e+12
68	1.37037908809e+12
69	1.22149519928e+12
70	1.03366099671e+12
71	1.1566643422e+12
72	1.82996893823e+12
73	4.30871216049e+12
74	1.27646529207e+12
75	6.28730866865e+11
76	3.22370760451e+12
77	5.77589242384e+11
78	2.88504186433e+11
79	4.4419349154e+11
80	7.67052685651e+12
81	2.7823293193e+12
82	1.48629484838e+12
