0	4.34712147506e+12
1	7.09892368615e+11
2	4.49855419975e+11
3	1.29520659493e+12
4	3.14296565107e+12
5	3.11266805984e+11
6	7.32336768265e+11
7	2.70138682013e+13
8	5.20549138085e+11
9	1.08662214357e+13
10	7.44564830627e+11
11	2.59019754362e+12
12	5.85795688566e+11
13	3.34384937513e+12
14	2.34014642874e+12
15	2.46530122824e+12
16	2.4994234492e+12
17	1.10996443334e+12
18	1.51816705399e+12
19	1.74477716878e+12
20	2.4301564573e+11
21	6.23193674246e+11
22	1.94147721448e+12
23	1.65759066248e+12
24	5.51052195127e+11
25	1.68146105129e+13
26	6.96534811955e+11
27	1.95990740657e+12
28	4.93946073209e+11
29	1.07312068825e+12
30	1.07328236073e+12
31	1.52712470788e+12
32	1.2920830213e+12
33	8.07494201921e+11
34	1.77019701305e+12
35	7.93360356239e+11
36	9.08421438046e+11
37	1.13686014577e+12
38	2.63760976512e+12
39	4.63646935988e+11
40	8.12332025736e+12
41	1.23039204411e+12
42	1.53270772262e+11
43	2.63610052322e+12
44	1.05207709439e+12
