0	1.90819814925e+12
1	8.70654586299e+11
2	1.7341864459e+12
3	7.87167017609e+11
4	7.44184376159e+12
5	9.87136355484e+11
6	9.77516284448e+11
7	1.16283722165e+13
8	2.0575647823e+12
9	4.7529030225e+12
10	3.98323773499e+12
11	1.39083463699e+11
12	2.34993422551e+11
13	1.17132385712e+12
14	2.40263649543e+12
15	1.67885278214e+12
16	2.0004333171e+12
17	2.05519876253e+11
18	1.45033004397e+12
19	9.81194511733e+11
20	1.02786780978e+12
21	4.87933046304e+12
22	1.20331716933e+12
23	1.53029672523e+12
24	7.62971963058e+11
25	6.03340243803e+11
26	9.28718861185e+11
27	8.27416564123e+11
28	7.83718435242e+11
29	3.59783988532e+12
30	2.59426652874e+12
31	6.59341114016e+12
32	1.86230005047e+12
33	1.179202913e+12
34	2.46781220533e+11
35	9.4947561649e+11
36	4.84445968542e+12
37	2.58640046521e+12
38	1.42199123631e+12
39	8.69402949104e+11
40	1.55596676805e+12
41	1.73537254307e+11
42	5.68177467365e+11
43	1.34227091775e+12
44	1.11713718981e+12
45	2.69355188424e+11
46	5.02285776286e+11
47	1.07224694618e+13
48	2.28259672612e+12
49	3.02297980446e+12
50	3.56388494197e+11
51	5.85091907773e+12
52	1.97802440598e+12
53	7.30254154281e+11
54	4.0639461426e+12
55	3.71635784471e+12
56	3.02561787184e+11
57	4.33187822076e+12
58	4.81525919103e+12
59	4.94458099098e+11
60	5.25255037767e+12
61	1.1612920945e+12
62	2.24757521829e+12
63	1.14168714622e+12
64	9.05875070139e+11
65	3.61537654386e+12
66	76827725625.6
67	1.41159560879e+12
68	4.62067570512e+12
69	2.07531326193e+12
70	8.23283899717e+11
71	5.95600175496e+12
72	1.7899342672e+12
73	1.2886210359e+12
74	2.95297332445e+11
75	3.33397973038e+12
76	1.183050754e+12
77	2.30573841991e+12
78	1.07944631694e+12
79	5.6899537895e+11
80	1.43551781169e+12
81	8.33361697859e+11
82	2.51477638822e+11
83	1.5822330022e+12
84	1.14647506014e+12
85	1.36003680334e+12
86	1.03606701179e+12
87	9.11217649415e+11
88	8.57803896238e+11
89	6.63896646196e+11
90	3.29586364841e+12
91	4.67748450489e+11
92	1.82435652641e+12
93	9.53700115194e+11
94	1.14704304021e+12
95	3.78127437125e+12
96	1.05420395997e+11
97	3.36637476831e+11
98	1.17681448803e+12
99	2.74657644475e+12
100	1.49876796671e+12
101	1.16960809728e+12
102	1.99993162282e+12
103	1.04144649718e+13
104	2.07329844426e+11
105	8.57799010944e+12
106	2.14753697203e+12
107	3.07392817183e+11
108	4.90871401222e+11
109	1.52050691034e+12
110	7.2033929743e+12
111	1.56702634058e+12
112	2.82489416907e+12
113	9.09203290949e+11
114	2.51553366746e+11
115	2.75325904578e+12
116	3.88370669042e+11
117	8.00501446207e+12
118	2.57094275741e+11
119	1.24065174351e+12
120	1.33609671426e+12
121	2.83608311726e+12
122	5.16074863408e+11
123	9.75672587091e+11
124	5.09820265036e+11
125	8.91923152143e+11
126	1.53884643169e+12
127	1.26049497887e+12
128	6.00208828364e+11
129	7.25975406867e+11
130	6.72905108346e+11
131	4.80588283599e+11
132	8.73541741756e+11
133	2.58640273169e+12
134	3.35156572453e+12
135	5.379438675e+12
136	2.82414504641e+12
137	2.10428679012e+12
138	2.96208815946e+12
139	7.54739011743e+11
140	88522517503.6
141	2.66148890204e+12
142	1.05653642116e+12
143	1.11853630907e+12
144	2.80986575373e+12
145	1.65529091174e+12
146	6.45952279859e+11
147	1.28426257228e+12
148	2.50861759177e+11
149	9.38541626503e+11
150	1.10645245451e+12
151	6.13589909879e+11
152	3.65085303092e+11
153	6.52790670118e+11
154	1.37240864581e+12
155	4.03157916921e+11
156	3.08222636837e+11
157	1.41077308639e+12
158	2.04162476745e+12
159	3.77008689146e+11
160	3.40643651134e+12
161	1.09777933845e+12
162	2.3156930802e+12
163	2.224355058e+12
164	2.79717482384e+11
165	2.896239309e+11
166	3.9609121973e+11
167	7.20511496652e+11
