0	1.01537212037e+12
1	3.16465687391e+11
2	3.72030351349e+12
3	1.5350819257e+11
4	8.08440557298e+11
5	1.09726134714e+11
6	1.66148488391e+12
7	9.39784156305e+11
8	3.19771366e+11
9	2.09609420084e+11
10	1.26414415065e+12
11	1.10741083814e+11
12	3.948932374e+11
13	5.18132585279e+11
14	9.98675696505e+11
15	1.02917136655e+12
16	3.54790635962e+11
17	1.37949927227e+12
18	2.93979086491e+12
19	5.06603132607e+11
20	3.44962897416e+12
21	3.24373438367e+11
22	6.08077405922e+11
23	4.00570595692e+12
24	1.01681422267e+12
25	3.51744923552e+11
26	60537423537.8
27	5.39096878076e+11
28	6.91404560444e+11
29	1.74856573811e+11
30	2.5454317827e+11
31	1.58932267423e+12
32	1.56699210701e+11
33	2.09856957566e+12
34	3.85527883943e+11
35	6.89503288748e+11
36	1.24563237847e+12
37	69635294756.5
38	59932075982.9
39	7.22307219246e+11
40	9.14487695833e+11
41	1.41831564263e+11
42	5.02258135775e+12
43	4.55416722634e+11
44	2.50679674103e+12
45	1.74807885574e+12
46	1.57605302926e+12
47	1.33903330382e+12
48	4.05431731097e+12
49	7.51928936685e+11
50	8.8113751597e+11
51	6.70928514012e+11
52	1.86554715961e+11
53	2.09040726949e+11
54	1.49069358296e+12
55	1.08527800455e+12
56	2.50943359603e+11
57	1.43563847102e+12
58	2.23468227582e+11
59	3.89322017041e+11
60	2.75799034705e+11
61	9.19270286737e+12
62	2.40511259427e+11
63	1.88491324171e+11
64	2.31193731354e+11
65	5.25911420052e+11
66	1.56932084887e+11
67	1.20930653871e+11
68	9.60329581769e+11
69	4.3452261398e+11
70	4.42036203076e+11
71	3.19750099117e+11
72	1.86295618676e+11
73	2.73655628506e+11
74	9.13920943066e+11
75	4.41278169245e+11
76	1.19808695796e+12
77	7.76298792456e+11
78	2.98948252374e+11
79	5.20933667499e+11
80	4.06228572908e+11
81	6.29923163337e+11
82	1.04727671922e+12
83	4.78262227549e+11
84	2.26655839351e+11
85	2.56999300479e+11
86	7.43559303875e+11
87	4.5104422088e+11
88	7.24717743012e+11
89	1.33713348517e+12
90	9.77337374837e+11
91	4.30652729233e+11
92	1.49712239385e+11
93	5.52090343337e+11
94	4.98651656829e+11
95	63662852651.5
96	8.62006694189e+11
97	1.43056230135e+12
98	5.4319162753e+11
99	2.06959734315e+12
