0	8.98524133484e+11
1	3.54611909865e+11
2	57107581933.2
3	4.01637622512e+11
4	1.77190876883e+11
5	1.53555124519e+12
6	92006747138.8
7	8.02313194023e+11
8	1.30401528866e+12
9	3.79458042095e+11
10	3.16991843546e+11
11	2.04645595641e+11
12	3.70185186359e+11
13	67470023833.3
14	1.43884074079e+12
15	6.13426449078e+11
16	7.55354393345e+11
17	1.65137410512e+11
18	1.84341627751e+12
19	2.76957617683e+11
20	5.0434848206e+11
21	1.94277601799e+12
22	3.09780611227e+11
23	2.87622214256e+11
24	2.60851939795e+12
25	1.95654151738e+11
26	3.14559382393e+11
27	2.05323110818e+11
28	9.90156787473e+11
29	1.07686607759e+12
