0	5.95139658911e+11
1	2.01660066542e+11
2	6.1916227587e+11
3	4.38902697831e+11
4	1.62635913509e+12
5	1.96460654118e+11
6	1.17622592079e+12
7	9.42100718816e+11
8	2.46830832983e+12
9	54890809431.0
10	3.64849270693e+12
11	3.45913212462e+11
12	2.3836894416e+11
13	2.84246015875e+11
14	6.91692260321e+11
15	9.35935555687e+11
16	1.29354105374e+12
17	71623219086.4
18	1.839574222e+12
19	2.86123144379e+11
20	2.51186430623e+12
21	3.25147922408e+11
22	2.30546223925e+11
23	8.53780917369e+11
24	4.92118149649e+11
25	7.33851067295e+11
26	9.11390744018e+11
27	3.94043692928e+11
28	1.84918910231e+11
29	1.46722230581e+12
30	4.06548542545e+12
31	1.42682289005e+11
32	2.06632061291e+12
33	3.91691631998e+11
34	1.18002289792e+11
35	1.07707859017e+12
36	3.13439730411e+12
37	2.376870809e+11
38	2.61373589518e+11
39	3.97483648247e+11
40	5.85230524543e+11
41	2.47430511394e+11
42	1.41170657887e+12
43	3.40828031206e+12
44	1.61214207069e+12
45	2.53178118101e+11
46	3.01555958716e+12
47	1.10329116593e+11
48	1.78073216376e+12
49	4.75911224993e+11
50	4.39637803605e+11
51	1.33515737281e+11
52	2.48258758786e+12
53	9.74296795276e+11
54	2.97071036952e+11
55	2.04247099915e+11
56	6.14448612351e+11
57	7.08399933763e+11
58	4.53084384832e+11
59	3.06170472904e+11
60	9.20083681361e+11
61	2.12019969024e+11
62	2.48255671546e+12
63	9.09447184229e+11
64	5.0689444989e+11
65	4.64023325321e+11
66	7.1889557495e+11
67	1.15617965786e+11
68	1.35236184968e+12
69	2.56045570962e+12
70	3.74613985059e+12
71	8.94796902347e+11
72	1.09996393051e+11
73	1.61518453377e+12
74	3.31791670155e+11
75	4.77543181642e+11
76	6.90603784438e+11
77	2.57108368426e+12
78	1.88890104248e+11
79	6.87543416925e+11
80	6.75629294589e+11
81	2.73176054663e+11
82	3.04157778189e+11
83	1.52796434478e+12
84	7.00495560428e+11
