0	2215.20991242
1	26714.0270677
2	1554.65729677
3	6835.18927452
4	88.3474482049
5	1616.60912509
6	636.899954671
7	1561.67546067
8	501.051542267
9	508.795780872
10	7948.61437687
11	7620.78029873
12	220.327947046
13	280.617841096
14	631.948289698
15	13005.4106421
16	83551.6178366
17	2983.71051212
18	2504.5501299
19	488.832220978
20	10412.3351323
21	7908.54649697
22	960.699877097
23	528.157841115
24	2214.03170422
25	17186.7611986
26	5703.78532544
27	41853.0964371
28	171.119112746
29	1795.33735471
30	646.016094232
31	720.903224992
32	1182.35767466
33	20865.2221714
34	5131.18781691
35	162.505368936
36	281.954409942
37	613.401028188
38	442.123144069
39	12269.8524407
40	1789.12541437
41	1567.18634634
42	10278.6548755
43	316.86710407
44	308.738728969
45	849.681058977
46	991.286417267
47	4505.69575581
48	46.4032699683
49	443.37897217
50	10402.2045922
51	1400.38628861
52	2902.69291084
53	41.9559586205
54	667.450351837
55	794.162505712
56	6200.10547703
57	2451.07639338
58	1362.04147375
59	637.761171239
60	1541.64251864
61	1629.40373825
62	2362.6675123
63	35564.3778761
64	56154.8682734
65	2748.6368075
66	11780.428555
67	1353.32165161
68	243.033816974
69	12197.7493899
70	10385.4664425
71	1219.49924605
72	2670.64974999
73	4845.94628797
74	2468.69371274
75	5381.78219581
76	698.27721487
77	1141.18183799
78	7431.35821408
79	13507.5012257
80	27268.8675008
81	5479.82487861
82	18413.4231927
83	2845.95540205
84	850.226908772
85	787.650011739
86	590.816599092
87	2183.82777439
88	5821.23265362
89	3264.11793691
90	2325.20344836
91	1464.36118507
92	2183.82276918
93	1877.79883805
94	297.505149347
95	2147.141158
96	625.322168448
97	2411.2844729
98	2120.59481613
99	8519.76420213
100	605.165058903
101	15224.2408476
102	25438.3566454
103	3043.09869665
104	2848.15492395
105	1304.83913489
106	6276.61261638
107	84.1386891135
108	8388.63598782
109	3672.51562475
110	2813.55752552
111	564.667817954
112	4358.26762299
113	377.971533819
114	2349.79375405
115	1693.83161744
116	4321.62821413
117	5013.05088953
118	1238.5741942
119	16845.8839588
120	4709.8257221
121	2464.93896327
122	533.769346238
123	9395.0116509
124	183.651378733
125	542.980844338
126	8380.80291169
127	226.42056251
128	943.682624026
129	411.750716034
130	894.227937478
131	151.607625285
132	714.761513348
133	269.438467667
134	430.9535882
135	9182.29938311
136	1864.10767269
137	1086.9372055
138	5864.12635628
139	881.4765433
140	1097.07783371
141	6675.50911707
142	1172.49463068
143	648.420980187
144	579.208066008
145	1075.32206163
146	6558.13366918
147	1219.47811886
148	787.933701056
149	11184.2000462
150	1881.27216863
151	1895.54849816
152	3620.51347456
153	10439.1424947
154	7719.05584544
155	3256.77089662
156	4216.20341042
157	5106.63848585
158	142.920590618
159	9008.73817202
160	5741.2475381
161	2170.05907985
162	3495.13216964
163	237.271765432
164	2992.84853065
165	1312.63272421
