0	26563139519.7
1	53029564642.8
2	6.5168853932e+11
3	23928962384.8
4	1.24951717664e+11
5	9.66104113539e+11
6	69944544288.7
7	35188257311.2
8	3.79279053045e+11
9	77114754371.2
10	61034488941.6
11	1.00469830145e+12
12	18722666651.9
13	1.90499484533e+11
14	88480809410.1
15	21142647270.6
16	1.2139572491e+11
17	42778712276.2
18	2.52048950442e+11
19	1.67160912483e+11
20	1.41073385429e+11
21	1.99224444032e+11
22	45504880810.1
23	68996822751.2
24	43192983405.8
25	53949672979.3
26	88602201343.6
27	3.51967453582e+11
28	6.06659060312e+11
29	92923042840.2
30	1.48003804294e+11
31	34900326614.1
32	38021532031.4
33	3.21784033824e+11
