0	3.65427183764e+12
1	7.27283345184e+11
2	1.67055147999e+12
3	4.79720069998e+12
4	4.51312443139e+12
5	2.57313303672e+12
6	8.92392601289e+11
7	5.30468034976e+11
8	1.61285674992e+12
9	1.87690829744e+12
10	3.65972281407e+12
11	9.10516902629e+12
12	5.78003742551e+11
13	1.40190877715e+12
14	3.74889408169e+11
15	5.51348961416e+12
16	7.12071635616e+12
17	4.93248362391e+12
18	4.70171941115e+12
19	3.36972101122e+12
20	3.13999720667e+12
21	4.16214480218e+12
22	2.05901317436e+12
23	4.21146145697e+12
24	3.44993999594e+11
25	4.89596109377e+12
26	5.35902982951e+12
27	9.48178885579e+11
28	5.14537733191e+12
29	2.53876095671e+12
30	5.50327107406e+13
31	1.67289637192e+12
32	1.06220924695e+12
33	1.94138146216e+12
34	2.381483497e+12
35	1.45776219758e+13
36	4.47503932555e+12
37	1.7184522673e+13
38	1.75238381322e+12
39	6.79192478844e+11
40	1.62316709396e+12
41	1.38860651122e+12
42	1.51138862103e+12
43	1.25948050724e+13
44	1.15471630949e+12
45	2.18404948969e+13
46	4.23919804872e+12
47	7.80736559568e+11
48	5.29625479134e+12
49	3.03694644417e+12
50	1.75503492076e+12
51	1.68596442203e+13
52	4.20633389304e+12
53	2.70820289585e+12
54	6.57072030245e+12
55	5.91278278305e+12
56	2.8841303451e+12
57	4.87045345826e+12
58	5.67073835825e+12
59	1.03075307216e+13
60	5.67991211581e+12
61	3.65045728259e+12
62	5.20521968401e+12
63	1.73749385183e+12
64	1.18314687265e+13
65	1.33561866501e+13
66	2.26197475173e+12
67	7.71199219552e+12
68	1.09818579036e+13
69	1.89277424111e+12
70	4.1107254818e+11
71	1.24431463738e+13
72	2.72070868252e+13
73	6.49301998162e+11
74	1.09675766254e+12
75	5.88628042676e+12
76	2.07893939266e+12
77	6.7191170076e+11
78	3.23841027306e+12
79	1.14522477653e+13
80	1.46290168637e+12
81	2.44180852863e+11
82	4.93836642421e+12
83	1.19887296136e+13
84	5.30216181421e+12
85	2.04397475987e+12
86	3.6129769284e+11
87	6.30882882346e+12
88	1.49351828956e+13
89	3.23071108781e+12
90	3.40933380733e+12
91	9.24412908762e+12
92	2.03692122935e+12
93	5.15936726859e+12
94	6.07969792234e+12
95	9.61872256862e+12
96	9.26317628253e+11
97	4.41621149819e+11
98	1.79566818334e+12
99	1.04754328273e+13
100	8.63921621729e+12
101	7.67348502097e+11
102	7.71695184748e+12
103	5.03301724055e+12
104	3.2908417543e+13
105	7.67221073995e+12
106	4.3142399406e+12
107	4.38048835421e+12
108	2.79201157393e+12
109	2.55996015213e+12
110	1.37928823638e+12
111	2.66015131236e+12
112	1.20029941132e+12
113	6.73153088474e+12
114	1.81065565978e+12
115	2.60082091499e+12
116	2.44298196743e+12
117	5.89291798358e+12
118	8.97631651633e+11
119	1.04203504655e+12
120	1.83104860407e+12
121	2.78563724156e+12
122	1.59747311573e+12
123	1.03138507376e+13
124	1.20738574171e+12
125	4.13686734028e+12
126	1.52480954788e+12
127	5.97503962601e+13
128	1.7917771234e+12
129	4.0844329754e+12
130	1.18312083396e+13
131	4.912005082e+12
132	5.46799031382e+12
133	1.0551197724e+12
134	3.66048039418e+12
135	3.97420961055e+11
136	1.67179992527e+12
137	2.06445473497e+12
138	1.77058898169e+12
139	3.57049040487e+12
140	2.33010326874e+12
141	9.84813630508e+12
142	6.43771148275e+11
143	1.0563844024e+12
144	2.67319546753e+12
145	1.8623280288e+13
146	1.48953209468e+12
147	6.32396923828e+12
148	2.19648743277e+13
149	1.56540424145e+12
150	8.47503428949e+11
151	2.05361336759e+12
152	5.93219191274e+12
153	1.33859886241e+12
154	5.96666354693e+12
155	1.307193385e+13
156	7.71852992085e+12
157	1.89277447834e+12
158	1.45138810566e+13
159	1.06236879835e+13
160	1.52034641917e+12
161	3.22910485642e+12
162	1.27993125162e+13
163	3.62495199766e+12
164	6.76629783552e+11
165	4.30241397895e+12
166	1.2803533128e+11
167	2.18234697369e+12
168	3.91846440956e+12
169	1.47156867454e+12
170	1.50514667867e+12
171	1.97492683871e+12
172	1.08643650001e+12
173	3.60076442327e+12
174	3.79527767702e+12
175	5.59408975504e+12
176	7.38832570304e+12
177	9.67623713515e+12
178	3.98959542072e+12
179	2.3512811293e+12
180	5.58349132754e+11
181	3.08453901616e+12
182	5.23310364142e+12
183	1.19503623458e+13
184	1.43046187662e+12
185	2.0048617041e+12
186	1.5914747356e+13
187	4.5202926759e+12
188	1.2249478953e+13
189	2.05062185157e+12
190	7.17343423375e+12
191	3.63262833125e+12
192	3.81739642944e+11
193	5.94073044676e+11
194	5.44062167868e+12
195	1.65926702226e+12
196	4.70175413293e+12
197	3.14592211666e+12
198	8.17202082286e+12
199	2.40295097445e+12
200	2.74406056887e+12
201	6.16716995815e+11
202	3.93901908742e+12
203	3.24091931513e+12
204	9.99603455025e+12
205	4.67649586308e+11
206	1.13035418895e+12
207	1.21867356171e+12
208	1.60447711893e+12
209	1.97553316561e+12
210	5.85841667959e+11
211	1.75255934839e+13
212	5.51441295519e+12
213	8.91119105279e+11
214	3.0419112247e+12
215	8.38560022586e+12
216	6.98519972897e+12
217	3.49979295328e+12
218	7.85003597367e+12
219	2.37360412024e+12
220	3.60824654429e+11
221	2.92022505345e+12
222	1.11051825056e+13
223	1.38705644566e+12
224	2.31767950624e+12
225	8.50077562054e+12
226	5.02051822822e+12
227	2.22330114566e+12
228	2.65114700182e+13
229	1.63449639112e+12
230	1.19795094124e+12
231	1.01703205792e+12
232	3.89661418029e+12
233	9.97533111814e+12
234	5.42775339379e+12
235	1.29915558023e+12
236	3.02778356325e+12
237	7.91785605839e+11
238	4.169778876e+12
239	1.83908447834e+13
240	6.09144370013e+12
241	9.96913899462e+12
242	8.78623844935e+11
243	7.4966276503e+12
244	1.9225991293e+12
245	9.341517076e+12
246	4.54646695678e+12
247	4.39484627361e+12
248	2.28593205598e+12
249	1.02436701849e+12
250	1.73693822806e+13
251	3.30925025563e+12
252	1.89835007252e+12
253	2.66105034601e+12
254	2.75085905825e+12
255	1.03066546551e+12
256	1.19982640958e+13
257	3.24893498879e+12
258	9.17665750915e+12
259	4.25316863541e+12
260	3.98344828415e+12
261	5.38629908341e+12
262	1.74600508136e+12
263	7.93831925693e+11
264	1.01883604476e+13
265	1.56052346316e+12
266	8.36295275477e+11
267	1.337308827e+13
268	9.86361400145e+11
269	3.2741184981e+12
270	9.79330371921e+11
271	1.32285936103e+13
272	1.19653333438e+13
273	3.0711720108e+12
274	5.64471966642e+12
275	1.67034520263e+12
276	4.3746916377e+12
277	1.26656184397e+12
278	1.28641667813e+13
279	4.3558094144e+13
280	2.5202768164e+12
281	1.13520277174e+12
282	2.76436985595e+12
283	2.25215814797e+12
284	1.3709067668e+12
285	5.15585211527e+12
286	1.86307262316e+12
287	6.05053079574e+11
288	4.40600185666e+12
289	3.47225514059e+12
290	4.56293978563e+12
291	2.65323308984e+12
292	4.61248284347e+12
293	1.81381924527e+12
294	6.12106016796e+12
295	4.09147927329e+12
296	3.45906669888e+12
297	1.39541761597e+12
298	5.43208697082e+13
299	7.14991693607e+12
300	5.47619292261e+12
301	1.06247853931e+13
302	3.02647666477e+12
303	3.10129334507e+12
304	9.09079732853e+12
305	1.93735634835e+12
306	2.65946507897e+12
307	1.55363509965e+12
308	1.45817559935e+12
309	6.30035275954e+12
310	2.21690539285e+12
311	1.87735144077e+12
312	5.30317299015e+12
313	4.9340212881e+12
314	7.20756464069e+12
315	1.56757399632e+12
316	3.08875184942e+12
317	1.03870006988e+12
318	9.32911009492e+12
319	3.31836970331e+12
320	8.0729122669e+12
321	1.56923481735e+13
322	2.04745715525e+12
323	1.28835019948e+12
324	4.37786805728e+12
325	1.00852512114e+12
326	2.96450112341e+12
327	9.38598081611e+12
328	6.48587474567e+12
329	6.13345139598e+12
330	6.5170131333e+11
331	4.29871594679e+12
332	2.72390069493e+12
333	1.08547567633e+12
334	4.6305281263e+12
335	1.26994116217e+12
336	1.94541511916e+13
337	1.88596581031e+13
338	2.57126242806e+12
339	2.18723643501e+12
340	2.0141476084e+12
341	5.1687197447e+12
342	8.60475417313e+12
343	1.58257034894e+12
344	4.68686125729e+12
345	6.23609050532e+12
346	2.6471872788e+12
347	3.39703105288e+12
348	3.62847698248e+12
349	7.55987663812e+12
350	3.15434139798e+12
351	1.29829497348e+13
352	2.26213349564e+12
353	2.19407525105e+12
354	1.53801335966e+13
355	4.89451368915e+12
356	8.5180380221e+12
357	9.27143477459e+12
358	3.93235656594e+12
359	8.82798722193e+12
360	1.36102310756e+12
361	2.14554040301e+12
362	1.35539608506e+13
363	1.59688860268e+12
364	4.59522533922e+11
365	2.82626476759e+12
366	1.1420870227e+13
367	6.19725986386e+11
368	2.19540415326e+12
369	3.47082137054e+12
370	2.24025928778e+12
371	6.24395917809e+12
372	3.53851679851e+12
373	3.35077581426e+12
374	5.46496687091e+12
375	2.18941871649e+12
376	1.30865321998e+13
377	1.76905230866e+12
378	5.61998026258e+12
379	2.05112294596e+12
380	2.55968669264e+13
381	6.72880303412e+12
382	3.32846417885e+12
383	5.74745312809e+12
384	3.1158777918e+12
385	1.70080705775e+12
386	3.92585025623e+12
387	3.80711458055e+12
388	2.22028041909e+12
389	2.60590344279e+12
390	2.84457856979e+12
391	5.40640125152e+12
392	1.81967906328e+12
393	9.25454886937e+12
394	9.6207440947e+11
395	2.21573219239e+13
396	1.85834115499e+12
397	3.32099165749e+12
398	1.11543005239e+13
399	1.62094339711e+13
