0	2.50832606302e+11
1	8.56030924693e+11
2	4.1291487296e+11
3	1.21662485924e+11
4	8.63666882327e+11
5	4.50876048833e+11
6	1.47737094425e+11
7	4.23102705891e+11
8	4.65813056888e+11
9	1.35253789761e+12
10	3.61861674703e+11
11	1.48141181529e+11
12	4.85004743308e+11
13	3.59386311536e+11
14	2.71335518228e+11
15	1.26281640564e+11
16	1.36982918447e+11
17	4.32642460594e+11
18	4.54177515978e+11
19	6.44212956541e+11
20	1.86093595726e+12
21	4.99768622453e+11
22	2.24159613758e+11
23	4.34241204476e+11
24	2.13134788068e+11
25	65193868393.1
26	1.82967441897e+11
27	1.77420558775e+11
28	6.10025566388e+11
29	1.03226407318e+12
30	85642693827.9
31	5.52881070923e+11
32	7.61844582065e+11
33	1.73829520823e+11
34	1.21735746713e+12
35	2.41851777645e+11
36	2.6258224691e+11
37	4.41039194184e+11
38	2.61573332719e+11
39	4.32015482382e+11
40	4.52387295293e+11
41	1.66206900018e+11
42	2.7848582204e+12
43	1.39492338195e+12
44	2.49465196392e+11
45	3.0740470656e+12
46	4.27441691294e+11
47	2.16107215748e+11
48	1.55400738935e+11
49	5.35627067708e+11
50	4.35183842542e+11
51	1.29218152295e+11
52	4.39290263522e+11
53	1.13588390078e+12
54	3.78463539056e+11
55	6.19517461288e+11
56	1.47272344928e+11
57	7.05280310381e+11
58	1.34446486287e+11
59	1.21766118793e+11
60	1.08913304011e+12
61	2.69197236449e+11
62	40817746965.5
63	1.06076600045e+12
64	1.25704273763e+11
65	2.43909098476e+11
66	2.23922107012e+11
67	1.00795644542e+11
68	6.39285386846e+11
69	64448767935.2
70	1.99484466445e+11
71	1.48953439837e+12
72	4.21278824642e+12
73	8.43112670078e+11
74	6.08537999825e+11
75	1.463848152e+11
76	3.33317198375e+12
77	2.8606143643e+11
78	5.24296509102e+11
79	6.9617739317e+11
80	1.61453825368e+12
81	3.69945077466e+11
82	1.23143964325e+12
83	1.23352209215e+11
84	1.59655376636e+11
85	70945220808.3
86	2.76919444255e+11
87	4.03985495322e+11
88	76478335491.6
89	4.86523445068e+11
90	4.54386257141e+11
91	4.7455916916e+11
92	87256369702.2
93	6.56747882856e+11
94	1.8906873728e+12
