0	1.49627424167e+11
1	2.26165210725e+11
2	3.31970015712e+11
3	33627579648.8
4	1.27799748716e+12
5	1.63238586585e+11
6	4.75641419489e+11
7	1.55698127501e+12
8	5.83866288983e+12
9	7.43250083393e+11
10	5.17532214227e+11
11	1.15030568893e+12
12	1.24218888499e+12
13	4.03412188605e+11
14	5.43937229621e+11
15	2.28776399676e+11
16	3.53766534848e+12
17	1.28848254096e+12
18	5.76902142943e+11
19	8.34417766569e+11
20	1.98156158611e+11
21	1.22403576325e+11
22	4.11085075034e+11
23	2.03332049407e+12
24	7.36657168338e+11
25	2.24932008844e+11
26	4.4222957562e+11
27	6.67645285922e+11
28	1.6398936029e+12
29	2.89914638108e+11
30	5.56065985077e+11
31	4.19738078934e+11
32	1.50632200789e+12
33	3.96404851765e+11
34	6.08869245175e+11
35	1.4182071527e+12
36	2.6547775384e+11
37	2.08880664371e+12
38	3.4348143537e+11
39	1.42595230768e+12
40	2.1191863158e+11
41	6.17454473243e+11
42	5.06390112047e+12
43	1.70479962595e+11
44	7.38780043277e+11
45	1.14351080983e+12
46	4.10317200787e+11
47	1.003507733e+12
48	5.43847520792e+11
49	3.1262881659e+11
50	8.88003708342e+11
51	1.12210611316e+12
52	8.88027452498e+11
53	5.19817397122e+11
54	2.90740355289e+11
55	2.35281981932e+12
56	9.62290319047e+11
57	1.66353277231e+11
58	1.14073832162e+12
59	1.79224487094e+12
60	4.241832757e+11
61	8.85565836816e+11
62	1.42230525019e+11
63	2.25939588175e+11
64	7.00824612363e+11
65	1.50027309706e+12
66	2.66376982976e+12
67	2.30614243154e+12
68	3.78533430305e+11
69	1.54121308148e+12
70	1.93108659684e+12
71	1.04669625909e+11
72	89517931114.1
73	3.88078814592e+12
74	9.27906868294e+11
