0	9.19677892132e+11
1	1.54681894908e+12
2	1.34468130447e+12
3	2.13524129118e+12
4	2.21755172846e+12
5	8.12011849349e+11
6	3.34517104809e+11
7	3.00965048888e+12
8	4.52160892358e+11
9	5.07543713936e+11
10	1.92807953908e+12
11	7.79423140141e+11
12	71570549114.8
13	3.13598916098e+11
14	6.62378220839e+11
15	1.47450548769e+12
16	2.70954694098e+11
17	1.73878588726e+11
18	1.93852785616e+11
19	7.53198360431e+11
20	6.45379964521e+11
21	5.28874170889e+11
22	5.56811701535e+11
23	1.76642152773e+11
24	4.7811146755e+11
25	1.78554378196e+12
26	66715383471.5
27	5.1262465181e+11
28	8.61740547187e+11
29	4.57768662841e+11
30	1.19585985534e+12
31	7.82557465517e+11
32	4.99408205341e+11
33	1.44910345152e+11
34	1.89779670102e+11
35	4.43530478888e+11
36	7.09210095787e+11
37	5.57213526432e+11
38	1.95679196048e+11
39	3.18573276993e+11
40	2.13908667189e+11
41	2.01674311584e+12
42	4.24502750806e+11
43	1.76636779508e+12
44	1.39833501637e+11
45	49412267740.3
46	5.8174458876e+11
