0	2.4117151292e+12
1	1.18076027556e+12
2	1.29299153651e+12
3	5.05517546626e+12
4	5.49658621578e+12
5	1.5539326585e+12
6	2.07413279308e+12
7	1.28287588078e+13
8	7.04865048376e+11
9	1.05059095981e+12
10	6.79047096223e+11
11	1.65718921758e+12
12	1.2979276114e+12
13	1.76894205725e+12
14	1.62506361368e+12
15	1.01361282322e+12
16	7.23229814884e+11
17	1.46238392157e+12
18	6.81478657128e+12
19	3.62324189826e+12
20	1.90477327104e+12
21	9.68791447592e+12
22	2.88946117596e+12
23	4.30761717425e+12
24	5.89801188691e+12
25	2.36577985698e+12
26	1.21350692556e+11
27	7.03490222913e+12
28	2.65231408379e+12
29	3.13124511205e+12
30	8.51964091442e+11
31	5.7239028627e+12
32	6.90893470653e+11
33	2.27977419567e+12
34	3.34737111476e+12
35	1.75848477268e+12
36	1.43883497167e+12
37	2.96618756135e+12
38	5.80703712729e+13
39	3.78335156129e+12
40	1.93354880342e+12
41	2.19181975274e+12
42	6.59155011982e+12
43	2.30616789786e+12
44	2.86710750777e+12
45	7.80670515992e+12
46	3.20948688603e+12
47	2.01500872091e+12
48	2.00493224223e+11
49	8.99423196023e+11
50	2.62874885362e+13
51	4.71997122698e+12
52	3.63768310523e+12
53	1.57014434561e+12
54	7.9315444158e+11
55	1.30062639729e+12
56	2.67920073304e+12
57	2.36498727164e+12
58	8.89204521947e+11
59	9.34644735536e+12
60	7.17217943103e+11
61	7.96707874353e+12
62	6.75395135676e+12
63	1.39295166446e+13
64	3.07063408515e+11
65	3.80895022187e+12
66	7.25987648396e+12
67	1.66703267688e+12
68	4.39515477988e+12
69	1.26363978484e+12
70	6.74251912595e+12
71	3.24435760236e+12
72	3.77897219511e+12
73	4.53955122797e+12
74	1.83240482574e+12
75	1.78861016049e+12
76	2.18154971797e+12
77	1.38517680947e+13
78	2.17392850212e+12
79	6.79209577859e+11
80	7.20538688638e+11
81	2.06972420555e+12
82	5.02223816594e+12
83	3.03677809552e+12
84	3.88126672872e+11
