0	5.51672616752e+11
1	1.06465871675e+12
2	93449250661.5
3	7.1270711552e+11
4	3.23638303024e+11
5	58563712014.9
6	1.50177094742e+11
7	4.73950230139e+11
8	90196720245.7
9	1.2396484503e+11
10	2.16371236534e+11
11	65438949695.3
12	9.86293055901e+11
13	2.08795923758e+11
14	13998882031.6
15	1.08473463912e+11
16	24539624528.2
17	1.67462209155e+11
18	1.4814433255e+11
19	1.53531328245e+11
20	2.2313068428e+11
21	2.7012187468e+11
22	49778124186.7
23	1.53894745423e+11
24	32027622845.9
25	6.82534130123e+11
26	1.17946103857e+11
27	46833010399.2
