0	3.77437955782e+12
1	3.08045204375e+12
2	2.33624128335e+12
3	2.91650712161e+13
4	1.0151988812e+13
5	5.99290179371e+11
6	1.28742894413e+13
7	5.44608909197e+12
8	3.96024312927e+12
9	2.40303247483e+12
10	5.51440102688e+12
11	2.32445398853e+13
12	3.21376756055e+11
13	5.04207159647e+12
14	5.43085721814e+12
15	1.06302222996e+12
16	5.47327983286e+12
17	1.16739842429e+13
18	1.25144057188e+13
19	5.86758945736e+12
20	1.22260130131e+13
21	7.97456180247e+11
22	3.98576466278e+12
23	4.14941821896e+12
24	1.57715912814e+12
25	5.20680279806e+12
26	2.29284270117e+13
27	3.41255888851e+13
28	3.17743824123e+13
29	2.04130186899e+12
30	2.6591632392e+12
31	3.15754363313e+12
32	1.60154738141e+13
33	4.73847284919e+12
34	7.17810605093e+13
35	1.97050694026e+12
36	4.21193015522e+12
37	3.86368584436e+12
38	2.28237617974e+12
39	2.52594002235e+12
40	4.52872009658e+12
41	8.7804856387e+12
42	5.5732191874e+12
43	1.87984951653e+12
44	8.73340975481e+12
45	5.70669742202e+12
46	6.77668488099e+12
47	1.36357064113e+12
48	3.41781849056e+12
49	9.86136905625e+11
50	3.85003803355e+11
51	4.06191403072e+12
52	5.82385441998e+11
53	4.67733395601e+12
54	3.89670453052e+12
55	1.35252496666e+12
56	3.8765291159e+12
57	1.52768255499e+13
58	6.39164636084e+12
59	1.21798566581e+12
60	1.01448021502e+12
61	4.05772635245e+12
62	5.02383489679e+12
63	1.5324011932e+12
64	1.33610120807e+12
65	1.02806563847e+12
66	1.54169370602e+13
67	2.28162397948e+12
68	1.94623079295e+13
69	1.73485439623e+12
70	7.95806988892e+11
71	1.24456877735e+12
72	8.11008532597e+11
73	1.93184245491e+12
74	2.55412810013e+12
75	5.26436974789e+12
76	1.24230319238e+12
77	6.22228768832e+12
78	7.39595472776e+12
79	4.82808914286e+12
80	8.65715687031e+12
81	2.96262211004e+12
