0	823.027219698
1	196.174956769
2	540.096796659
3	2500.74575222
4	2682.3876143
5	399.992999424
6	392.437033828
7	2003.85294722
8	357.465953577
9	412.323491154
10	6771.32845366
11	8356.19297705
12	423.368152619
13	1476.35054214
14	64.7485985188
15	260.677004383
16	6359.16374669
17	269.257679506
18	1070.66249038
19	320.799989839
20	704.697711311
21	345.773720639
22	39.8670792605
23	4787.68693335
24	210.461364977
25	1606.2820434
26	136.680302282
27	603.321820133
28	4574.78038619
29	785.558313237
30	474.241098476
31	252.919863297
32	284.078494471
