0	1.39270717189e+12
1	5.85128086552e+11
2	1.9656118154e+12
3	3.92178708488e+12
4	8.80326716548e+12
5	2.89342643796e+12
6	3.86673953723e+11
7	4.0706399092e+12
8	6.30288922496e+11
9	2.21511411608e+11
10	9.41482005077e+11
11	9.07076314499e+12
12	4.67426009756e+11
13	5.1101717615e+11
14	5.40332734305e+12
15	3.37530795775e+11
16	2.36497578551e+12
17	1.04060520428e+12
18	1.65584365109e+12
19	2.68623707926e+12
20	3.34815436384e+13
21	1.32154540742e+12
22	1.65199299301e+12
23	4.64140497769e+12
24	8.60389872227e+11
25	3.5990972238e+11
26	5.11243546949e+12
27	2.05371471101e+12
28	1.82343608823e+13
29	3.46246927168e+12
30	3.66718000119e+12
31	2.26029793987e+11
32	3.80111596149e+12
33	6.04313904618e+12
34	1.43101782194e+12
35	9.50339811024e+11
36	5.41368054388e+12
37	1.77809530205e+12
38	1.33271288923e+12
39	9.02845150477e+12
40	1.40768012393e+12
41	6.85243917197e+12
42	1.16585890091e+12
43	3.13230341771e+11
44	1.51816041673e+12
45	2.04392720204e+12
46	1.17038758588e+13
47	4.94891447941e+12
48	2.76786849687e+12
49	1.59951488475e+12
50	1.84029070867e+12
51	4.48333069679e+12
52	6.12681333283e+12
53	8.96777361093e+12
54	2.26970169373e+12
55	9.00541578339e+11
56	2.29834306068e+12
57	1.19245792693e+12
58	1.53313473468e+12
59	3.64136227218e+12
60	1.03794977239e+12
61	2.57633970398e+12
62	3.22849057227e+12
63	2.21578665664e+12
64	2.3692551895e+12
65	6.65751443904e+11
66	5.42780470692e+11
67	8.99503320154e+11
68	6.45900784664e+12
69	2.6258624731e+12
70	2.11294349698e+11
71	3.46944298998e+12
72	2.50261989182e+11
73	3.00836282339e+12
74	6.29083370824e+12
75	1.47302242783e+12
76	5.54788897593e+12
77	7.92087050985e+12
78	1.38740694352e+12
79	2.30920306061e+12
80	1.27298062846e+12
81	4.54294832447e+12
82	1.94589022393e+12
83	2.89714047283e+12
84	8.41862160547e+12
85	3.26926423457e+12
86	4.84742390102e+12
87	5.76914608256e+12
88	1.54681402364e+12
89	5.20081070266e+12
90	2.40226306863e+12
91	8.47953376703e+11
92	5.83168054678e+12
93	1.0667905132e+12
94	1.32208682465e+12
95	1.22560934356e+12
96	1.80315917138e+12
97	5.96422283036e+11
98	1.74355915778e+12
99	2.2479561895e+12
100	8.1233061445e+12
101	6.17043193482e+11
102	9.89385803753e+11
103	2.75532251843e+12
104	1.27436911599e+13
105	6.14267318518e+11
106	2.86823122283e+12
107	2.44962456677e+12
108	1.10288038067e+12
109	2.26608188614e+12
110	6.48207531646e+12
111	2.11559221678e+12
112	2.24862418565e+12
113	2.82481553502e+11
114	3.30314822652e+12
115	2.8403046205e+12
116	2.56807317269e+11
117	1.5272791748e+12
118	8.77072882397e+11
119	9.54794014934e+12
120	2.07754867346e+12
121	4.26343869545e+11
122	7.43257208869e+12
123	3.2075478569e+11
124	3.53531610997e+12
125	4.27491909954e+12
126	2.73149645916e+12
127	3.37252711218e+12
128	3.8966699257e+12
129	1.83880445926e+12
130	1.89342784883e+12
131	1.55549260124e+12
132	7.60662892751e+11
133	1.68315168828e+12
134	1.05217889751e+12
135	1.95072987239e+12
136	1.72212943554e+12
137	4.15955329517e+11
138	1.66651830441e+12
139	2.09174435405e+12
140	3.45137496901e+12
141	2.53395326748e+12
142	2.60618751943e+12
143	2.14057973862e+12
144	2.55102253701e+12
145	2.99624032553e+12
146	1.04986845264e+12
147	5.40331367006e+12
148	6.70619851894e+11
149	7.606405508e+11
150	6.82168301591e+11
151	4.84738106204e+11
152	2.09020911447e+12
153	2.07943463176e+13
154	5.72518680824e+11
155	1.50147581392e+12
156	7.76716924148e+11
157	1.81085778741e+12
158	1.31880322461e+12
159	4.3855598098e+11
160	6.29146848231e+12
161	2.67955912716e+12
162	1.42097425132e+12
163	5.14143835322e+12
164	5.67296236391e+11
165	6.24832360033e+12
166	1.6865948343e+12
167	7.08835084386e+12
168	2.84035109445e+12
169	1.01515361962e+12
170	4.94965896337e+12
171	2.75661127316e+12
172	3.71734488635e+12
173	1.08508516004e+13
174	7.89370287731e+11
175	5.31829498369e+11
176	1.27326640269e+12
177	1.16576281589e+12
178	8.30231570113e+11
179	3.37108180567e+12
180	3.52325239737e+12
181	5.53968365307e+11
182	7.23102529599e+11
183	2.16715166626e+11
184	6.02346706457e+12
185	9.69002899273e+11
186	2.39636932212e+12
187	9.72351117234e+12
188	6.92050015155e+12
189	1.14090495137e+12
190	2.39570025643e+12
191	9.45639146153e+11
192	5.56450408354e+11
193	7.56067210136e+12
194	2.89419933924e+12
195	2.01142275818e+12
196	8.41894615943e+11
197	1.00125774285e+13
198	1.21455292143e+12
199	5.56949290262e+12
200	1.79360331997e+12
201	2.06796956624e+12
202	5.64305466068e+11
203	1.08575212461e+12
204	1.03125815341e+12
205	3.02941730074e+12
206	1.44335250823e+13
207	8.20667712378e+12
208	3.03726678307e+11
209	2.84617847749e+12
210	3.6049511398e+12
211	5.91297131192e+11
212	1.39979328995e+13
213	2.69022055088e+12
214	5.68671976999e+12
215	6.83594022916e+12
216	4.27264103081e+12
217	1.02127309157e+12
218	1.69767515109e+12
219	1.12266517992e+12
220	1.222419577e+13
221	1.75371890559e+12
222	4.22521008421e+12
223	3.31792944378e+12
224	5.21654063845e+12
225	8.07522867694e+12
226	8.93144022029e+11
227	3.65014949274e+12
228	1.43072883606e+12
229	1.56414619392e+12
230	1.26436198758e+12
231	2.02279513592e+12
232	2.65212593602e+12
233	8.20115054245e+11
234	1.26513215076e+12
235	2.70005012101e+12
236	5.2849392288e+12
237	3.07027567951e+13
238	7.89070579204e+11
239	6.1033369764e+12
240	2.12970649203e+12
241	6.28155212277e+11
242	6.35939392517e+11
243	4.71668980368e+12
244	3.16496676134e+12
245	9.06391514654e+12
246	5.64107269168e+11
247	1.65787599795e+12
248	5.08356555166e+12
249	1.12391485985e+13
250	6.69087794478e+11
251	7.93010910923e+11
252	1.05940062771e+12
253	5.87238088581e+11
254	2.72109136383e+12
255	6.273752772e+11
256	2.74577966e+12
257	7.42533938627e+11
258	5.11186728075e+11
259	7.24800445469e+12
260	3.31101766169e+11
261	8.55975991508e+11
262	4.8195746318e+12
263	3.93591806772e+12
264	2.11803294248e+13
265	1.62670184315e+12
266	6.22434361944e+11
267	3.01348411556e+12
268	1.80671203965e+12
