0	1.17087453231e+12
1	3.76568716855e+12
2	8.15745038846e+11
3	3.23989318368e+12
4	1.15715431043e+12
5	1.02444110178e+12
6	1.63608642258e+12
7	3.6867797821e+12
8	3.203495102e+11
9	5.35178780638e+12
10	1.69399561206e+12
11	3.74654340475e+11
12	4.1253780872e+11
13	3.16817640422e+11
14	1.53755421524e+12
15	4.54948737517e+11
16	2.71067998745e+12
17	3.23364011394e+12
18	6.66639243337e+11
19	2.99054291544e+12
20	4.249597575e+11
21	2.67272937867e+12
22	1.20959561648e+12
23	2.76743881185e+12
24	3.77309725099e+12
25	3.04362450021e+11
26	1.99020746392e+12
27	2.73900724467e+12
28	2.913310947e+12
29	2.08668399907e+12
30	1.79480991079e+12
31	1.85795690726e+12
32	8.08589996258e+11
33	4.27190659075e+12
34	2.50961151768e+11
35	7.51323569229e+11
36	1.83993138739e+12
37	1.39369973585e+12
38	2.5390596473e+12
39	9.14318502642e+11
40	5.40782725423e+11
41	1.04356464499e+12
42	3.26259060895e+12
