0	2.9001981384e+11
1	3.23222971215e+11
2	2.60934405567e+11
3	47242567538.3
4	3.27989526115e+11
5	2.65277830829e+11
6	4.36001570076e+11
7	82185949631.3
8	1.37689040104e+11
9	2.2142718803e+11
10	2.13659687008e+11
11	3.58890646855e+11
12	2.24772681436e+11
13	68604033457.9
14	8.29333031449e+11
15	4.57246602424e+11
16	33968065899.4
17	1.74983276433e+12
18	3.64575260752e+12
19	1.89133406905e+11
20	3.10939139798e+11
21	8.0733647131e+11
22	1.14365995978e+12
23	1.18352467788e+11
24	1.56167825281e+11
25	1.39166203937e+11
26	1.20336943426e+11
27	2.68642580343e+11
28	1.17094876348e+12
29	92144598585.1
30	51177187539.2
31	1.18298779644e+12
32	2.10223027295e+12
33	9.76547833666e+11
34	3.87883192308e+11
35	1.10471461455e+11
36	7.18823096157e+11
37	4.84940288731e+11
38	5.47717979333e+11
39	3.80222620736e+11
40	88233219858.6
41	1.26781256774e+11
42	68121742359.5
43	5.96115040867e+11
44	3.51420859204e+11
45	9.80722931411e+11
46	3.08246716177e+11
47	1.1054617376e+11
48	1.38978498221e+11
49	1.92976516062e+12
50	3.44704775376e+11
51	1.9764679495e+11
52	75668111095.9
53	4.99509524518e+11
54	4.18469495583e+11
55	4.27977383443e+11
56	3.63697120247e+11
57	1.72501747462e+11
58	2.43357559953e+11
