0	9.01607796212e+11
1	8.42959365203e+11
2	3.30099234884e+11
3	3.57458407308e+11
4	1.65623453963e+12
5	1.42448972814e+12
6	4.27117681316e+11
7	8.17869097998e+11
8	1.08594759169e+12
9	2.28917693912e+12
10	3.78088397973e+11
11	9.02225248822e+11
12	1.82021843336e+11
13	3.56904580334e+12
14	3.50017177933e+11
15	2.01011711983e+11
16	1.45029249339e+12
17	4.40521289443e+11
18	5.28567199682e+11
19	3.41730677485e+11
20	6.18536604249e+11
21	4.55011571074e+11
22	5.34483033327e+11
23	1.0780139312e+12
24	1.80674179645e+12
25	9.31402096947e+12
26	8.36515685848e+11
27	1.0626100105e+12
28	1.36127381334e+12
29	1.84809446125e+12
30	2.13376720572e+12
31	8.26162628609e+11
32	7.71733774837e+11
33	5.75820651641e+11
34	1.17037961519e+12
35	6.3918064454e+11
36	3.11199466061e+11
37	1.82638837937e+11
38	2.06021749042e+12
39	1.19464925312e+12
40	4.14273442803e+12
41	3.7112029092e+11
42	4.79973807224e+11
43	4.88607448473e+11
44	2.10851912554e+12
45	3.13034664441e+11
46	46137169190.7
47	5.93418000017e+11
48	4.73389937007e+12
49	1.60341796097e+12
50	1.16881095763e+12
51	1.08669685384e+12
52	5.31497748508e+11
53	1.44744381046e+11
54	5.11338638683e+11
55	8.71193843682e+11
56	1.45352092031e+12
57	6.1794759748e+12
58	1.43893254438e+12
59	1.18258588012e+12
60	71461495077.6
61	4.32447950924e+12
62	9.71289814839e+11
63	7.1240792418e+11
64	2.7031380554e+11
65	2.6452802095e+12
