0	84045305025.3
1	13543604635.9
2	1.81558875864e+11
3	91301879003.3
4	7.96034805543e+11
5	3.08758806842e+11
6	86408042334.8
7	26214673927.1
8	46370317023.4
9	4.63965270725e+11
10	96523529081.0
11	1.11492792307e+11
12	28617312423.5
13	60123131697.0
14	1.06991770067e+11
15	40945998493.2
16	97739003776.6
17	7295903077.6
18	2.59293120348e+11
19	1.89136124552e+11
20	12643513595.2
21	1.11821123049e+11
22	7844627730.04
23	63049219452.9
24	1.85562397956e+11
25	19667067494.1
26	24329296502.9
27	99427910427.3
28	6.28290987359e+11
29	1.30906801155e+11
30	50508867460.3
31	66093839484.6
32	25282417419.5
33	34880918461.6
34	1.31967476667e+11
35	1.91473715177e+11
36	81988952839.3
37	96126461078.3
38	19796061329.1
