0	3.3554322394e+11
1	9.39753846988e+11
2	2.23130680635e+11
3	67223797121.6
4	2.1535377339e+12
5	5.07769633891e+11
6	3.51336870785e+11
7	2.89089371853e+11
8	2.59155147842e+12
9	6.19322140436e+11
10	1.79748842353e+12
11	3.01640937665e+11
12	1.62385909991e+12
13	4.63580383557e+11
14	7.21469306807e+11
15	1.04790281896e+12
16	2.05560004297e+11
17	80213987926.1
18	5.80594520927e+11
19	7.10485139032e+11
20	1.78279033701e+11
21	1.82864424844e+11
22	2.7166278423e+11
23	2.91835738686e+11
24	2.27118230794e+11
25	1.34051277548e+12
26	5.29102541182e+11
27	66753040788.7
28	2.33858393492e+11
29	2.34150064397e+11
30	3.03932417022e+11
31	6.5558880174e+11
32	9.36841785226e+11
33	2.10839483039e+11
34	1.74995793251e+11
35	2.30334374509e+11
36	2.93662240016e+11
37	4.71191834828e+11
38	70731288491.3
39	3.98706629693e+11
40	7.41358201142e+11
41	1.28553179312e+11
42	2.23136045258e+11
43	3.27204673455e+11
44	8.69847837959e+11
45	1.92941047582e+12
46	4.29572341788e+11
47	1.70051622826e+12
48	1.60059264485e+12
49	2.30313021184e+11
50	2.76666919146e+11
51	95305858031.9
52	4.40672135045e+12
53	1.28298365813e+11
54	2.11304319446e+11
55	1.77820847711e+11
56	1.56093860787e+12
57	2.65560163653e+11
58	3.51553983917e+11
59	1.4718260379e+11
60	1.11503429289e+11
61	5.03704618256e+11
62	85148416317.9
63	2.86507663549e+11
64	4.92305874471e+11
65	8.52051194073e+11
66	3.11676892884e+11
67	1.69893607623e+11
68	2.42771080743e+13
69	6.06916111402e+11
70	3.89467826651e+11
71	1.26778890707e+12
72	3.53997580934e+11
73	1.19723026509e+11
74	4.35931600349e+11
75	2.29414280865e+11
76	4.71483604771e+11
77	3.64509458511e+11
78	1.16395262131e+12
79	1.22139673468e+12
80	8.43568356057e+11
81	2.21546173646e+11
82	1.87018650288e+11
83	2.08538122646e+11
84	1.74266105287e+11
85	1.0079300277e+12
86	1.15782794808e+12
87	8.72179590145e+11
88	3.65902236543e+11
89	5.35268247778e+11
90	3.34618671235e+11
91	1.47818836965e+11
92	9.32016404055e+11
93	5.10626040404e+11
94	1.15768619301e+12
95	6.82157883024e+11
96	4.25243895446e+11
97	1.36493793501e+11
98	2.35341065771e+12
99	1.40735156375e+12
100	3.78978566143e+11
101	3.32199095155e+11
102	1.14425210307e+11
103	5.4786840239e+11
104	1.35129012005e+12
105	1.36550766321e+12
106	78605798254.6
107	2.65487861216e+11
108	2.77415141407e+12
109	4.24531723502e+11
110	4.71496054712e+11
111	3.23392477995e+11
112	1.11241204084e+12
113	4.89982608326e+11
114	5.40261054732e+11
115	6.35363120422e+11
116	3.48803603558e+11
117	3.23788769775e+12
118	3.93959215019e+11
119	6.35842677107e+11
120	90671920461.4
121	16651820933.5
122	1.53089264388e+12
123	2.39496859993e+11
124	2.35991417338e+11
125	4.3761256093e+11
126	3.04092584069e+11
127	6.59726208295e+11
128	38553454743.4
129	3.0429284715e+11
130	1.40708903119e+12
131	5.66104602607e+11
132	3.88687352622e+11
133	1.81131061321e+11
