0	1.69538507243e+11
1	3.11559262671e+11
2	1.44919161572e+12
3	3.19947234506e+11
4	6.88161406292e+11
5	1.67842530528e+11
6	4.11691603761e+11
7	1.60851043165e+12
8	1.15630161782e+12
9	1.9678900941e+12
10	1.5580506479e+12
11	2.73482356696e+11
12	1.54847986022e+11
13	5.54533204205e+11
14	4.97777876757e+11
15	39264289180.6
16	3.78169663594e+11
17	1.58336680843e+12
18	6.30091049935e+11
19	5.19923902665e+11
20	1.2066687469e+11
21	58723728173.9
22	2.88804523309e+11
23	1.20663297589e+11
24	6.16834915699e+11
25	3.43075456464e+11
26	54530160737.7
27	1.41836413365e+11
28	5.57971542729e+11
29	1.12862005828e+11
30	2.10995387656e+11
31	3.84586745944e+11
32	1.86408860549e+11
33	7.03404856585e+11
34	3.08699651185e+11
35	2.89030954499e+11
36	2.68032222826e+11
37	2.11769805327e+11
38	3.14434882258e+11
39	1.01664684829e+11
40	6.61511799527e+11
41	8.45022487022e+11
42	1.60036991829e+11
43	9.45009660739e+11
44	72715017249.6
45	1.41565447328e+11
46	3.21817011622e+11
47	2.61483703968e+11
48	5.87653682443e+11
49	2.71642734131e+11
50	5.84167251541e+11
