0	2.38841583424e+12
1	2.68210084964e+12
2	4.59779846987e+11
3	6.31180677024e+11
4	4.35964293342e+12
5	2.80835480738e+12
6	1.56666653087e+12
7	2.52911832702e+12
8	3.62411077905e+12
9	2.83798454926e+13
10	3.65432629623e+11
11	3.49483456832e+12
12	2.74397774433e+12
13	2.87503429848e+12
14	4.46565052436e+11
15	4.4049585123e+12
16	1.13063407252e+12
17	1.57059679474e+12
18	2.35673287465e+12
19	3.44042973104e+12
20	2.20052882856e+12
21	3.66916623303e+11
22	1.82212158229e+12
23	3.88655475431e+12
24	5.6944094497e+12
25	1.56788008095e+12
26	9.67952266153e+12
27	6.68610012161e+12
28	7.41766104145e+11
29	1.0020824709e+13
30	8.55681999614e+11
31	2.1976285237e+11
32	3.52186872942e+12
33	7.66655559941e+11
34	3.41014909422e+12
35	1.19138592279e+13
36	2.69504456839e+12
37	1.01028891276e+12
38	3.15818904112e+12
39	6.53808713258e+12
40	3.18355897207e+12
41	3.26529323322e+12
42	1.61492993551e+12
43	9.56778476304e+11
44	2.38255036431e+12
45	1.29562313722e+12
46	5.9433878115e+11
47	1.92723897257e+11
48	1.53660509046e+12
49	4.25211165985e+12
50	4.67426170478e+11
51	3.64571293866e+12
52	1.13181188693e+12
53	1.17298755768e+13
54	8.14167752142e+11
55	1.76348651635e+12
56	3.9791745397e+11
57	1.40983838457e+12
58	3.24709936207e+12
59	7.16879149339e+12
60	3.62585356601e+12
