0	2.31299140043e+11
1	1.18497169031e+11
2	41680598889.2
3	1.60699663791e+11
4	3.37225637973e+11
5	74093239455.3
6	1.90963797472e+11
7	78165678482.4
8	2.57275224661e+11
9	21882909959.6
10	22027746822.6
11	38095186808.3
12	2.89370000891e+11
13	42031495548.8
14	2.38087190551e+11
15	43443754734.3
16	2.50008044839e+11
17	97667823989.3
18	59264508359.2
19	1.41319358152e+11
20	1.97010755735e+11
21	51442457710.8
22	77278333380.9
23	62152323745.3
24	2.40469819813e+11
25	69911703811.4
26	2.95374665445e+11
27	20293758195.8
28	36324739644.3
29	64791454833.9
30	1.60119325336e+11
