0	2.68060139285e+12
1	2.17280755413e+11
2	8.98001968528e+11
3	6.85545575919e+11
4	2.94185867195e+12
5	8.00637721013e+11
6	3.15157637681e+12
7	7.9537611781e+11
8	7.23408749464e+11
9	7.94857596482e+11
10	2.47694287649e+12
11	2.03708742684e+12
12	3.31121601772e+12
13	7.74226083635e+11
14	1.58028724618e+12
15	1.66607397803e+12
16	1.12145696073e+12
17	7.94780156091e+11
18	4.15748223395e+11
19	8.23986382073e+11
20	2.15750318033e+11
21	7.84395586857e+11
22	1.0751803355e+12
23	2.76794798454e+11
24	1.68162022766e+12
25	2.77367875793e+12
26	5.46753340826e+11
27	3.35595261659e+11
28	2.37164676233e+11
29	1.01652953215e+12
30	9.3063229941e+11
31	1.36339086988e+12
32	5.16750900748e+11
33	4.70921360275e+11
34	2.73087646596e+11
35	1.09220762133e+12
36	7.69472148043e+11
37	2.06853334894e+12
38	6.67916737939e+11
39	5.74844877556e+11
