0	8.30369735031e+11
1	7.59714569144e+12
2	5.17579697695e+12
3	6.96525900249e+12
4	1.28114869975e+12
5	1.40519195302e+12
6	5.71425461407e+11
7	1.15057863203e+12
8	1.30176611576e+12
9	9.61852963109e+11
10	5.355543039e+11
11	2.83234913732e+12
12	1.52422400894e+12
13	3.76326323738e+12
14	1.46411661956e+12
15	9.6629804527e+11
16	6.12973461009e+11
17	5.32166497974e+11
18	9.42375697171e+12
19	2.28723566096e+12
20	8.19622553958e+11
21	9.46700530383e+11
22	1.25214032721e+12
23	3.99268122966e+12
24	4.17632683976e+12
25	7.14078839487e+12
26	9.72408979674e+11
27	7.44254565715e+11
28	1.07743381821e+12
29	2.61130663826e+12
30	2.43113026417e+12
31	3.74462773034e+12
32	9.28336896333e+12
33	8.77782316493e+11
34	1.50873370566e+12
35	4.83184177856e+12
36	1.15365758051e+13
37	1.61291320705e+11
38	3.4037858257e+12
39	7.52898601569e+12
40	2.87275675998e+12
41	6.78442547354e+11
42	1.20101703764e+12
43	2.07428518758e+12
44	9.13318466382e+12
45	9.04939183194e+11
46	5.38815351533e+11
47	6.09190166412e+11
48	7.46263383172e+11
49	2.16708215356e+12
50	2.10372159913e+12
51	3.15368685915e+12
52	2.86280709289e+12
53	2.00858274958e+12
54	1.38668411876e+12
55	1.63038978746e+12
56	2.19639521351e+13
57	5.25368292295e+11
58	1.17635124706e+12
59	1.11606846365e+12
60	3.21401783007e+12
61	5.0283906393e+12
62	1.45831732831e+12
