0	3.41092725953e+11
1	4.84461705652e+11
2	5.71932107944e+11
3	2.26182447017e+11
4	1.79997391762e+11
5	1.27433940969e+11
6	1.28115549788e+12
7	1.22514455539e+11
8	1.87112262066e+11
9	1.42365571143e+11
10	3.57949094069e+11
11	2.78404806583e+11
12	3.3176891592e+11
13	1.357032995e+11
14	40897048526.3
15	2.8938735929e+11
16	1.86503527514e+11
17	31287584382.5
18	8.40668409602e+11
19	3.42028220246e+11
20	1.98979776646e+11
21	42197242726.7
22	4.08932305258e+11
23	1.54823389792e+11
24	2.80568348626e+11
25	3.80627558533e+11
26	8.77412989734e+11
27	1.8747692208e+11
28	54210222031.5
29	3.08365920889e+12
30	1.48771388757e+12
31	1.25522646237e+12
32	9.12249065529e+11
33	5.61823665401e+11
34	78432596026.9
35	45930079259.1
36	5.45782906924e+11
37	1.67437762479e+11
38	18926691812.3
39	87079203615.1
