0	1.95009584499e+11
1	2.18297976364e+12
2	79826067197.7
3	5.70405270778e+11
4	6.27231209652e+11
5	3.02596447312e+11
6	3.00175203745e+11
7	1.53622303174e+11
8	8.62835520562e+11
9	1.9661761883e+11
10	1.80160840893e+11
11	1.65774613516e+12
12	5.6551745737e+11
13	1.13491914247e+12
14	3.50850471823e+12
15	5.53485016762e+11
16	4.57225435561e+11
17	39275157635.8
18	1.4635102269e+11
19	2.98732245196e+11
20	1.41705025225e+11
21	3.47527019162e+11
22	5.90457724476e+11
23	2.19063054407e+11
24	53934992645.2
25	1.36772944082e+11
26	58070128224.0
27	1.90978486169e+12
28	21533892753.0
29	1.2636378453e+12
30	5.25419657852e+11
31	1.5155820674e+11
32	1.02261261837e+12
33	48567963296.8
34	4.95671608276e+11
35	8.22614935801e+11
36	1.04605805047e+11
37	2.61059754933e+11
38	52567757497.6
39	8.66190808778e+11
40	2.56005021533e+11
41	1.72668432765e+11
42	2.63180820472e+11
43	1.63706568744e+11
