0	1.07176690787e+11
1	9359641568.93
2	6.65945877879e+11
3	2.87151377049e+11
4	1.04130146479e+11
5	1.796160313e+11
6	24177072958.5
7	41027820910.1
8	4.70995571383e+11
9	6.7504751505e+11
10	1.94605870051e+11
11	1.21263916825e+11
12	3.04638775445e+11
13	1.97098432273e+11
14	16540647018.6
15	3.21777772068e+11
16	1.34937743162e+11
17	84100240475.7
18	31645931226.8
19	1.02934694284e+11
20	1.27254090836e+11
21	1.65790699943e+11
22	2.01107414252e+11
23	62455692426.2
24	1.6673166694e+11
25	26688400403.1
26	1.84234225136e+11
27	50029997384.2
28	2.36734083703e+11
29	1.01391689381e+12
30	96188815707.8
31	1.41825620944e+11
32	1.00828801221e+11
33	1.26945009573e+11
34	4.98106446879e+11
35	2.32647230507e+11
36	38217648618.1
37	1.67990065984e+11
38	4.16727007125e+11
39	39517340164.5
40	4.0732642915e+11
41	3.32646085806e+11
42	1.29131103985e+11
43	2.4490808915e+11
44	8.87782885539e+11
45	3.65744616205e+11
46	3.70891155382e+11
47	3.11329090936e+11
48	2.19921372444e+11
49	4.19193295114e+11
50	42758729128.3
51	26687571113.8
52	5.08537477342e+11
53	1.95415087132e+11
54	4.05856294999e+11
55	2.25276788529e+11
56	27987316088.6
57	46041550553.7
58	3.21373446853e+11
59	31762950322.2
60	1.13699612549e+11
61	24273276259.5
62	1.77041907951e+11
63	7.63812728016e+11
64	1.47684140879e+11
65	7.28909269827e+11
66	1.42651187135e+12
67	26654554201.4
68	84299916726.7
69	67787277571.5
70	3.9295240127e+11
71	1.04070743305e+12
72	5.3761590448e+11
73	5.2049609581e+11
74	79732454794.1
