0	2.53435885991e+12
1	2.62586631274e+12
2	1.49308602321e+12
3	3.47581532585e+11
4	8.82157008348e+11
5	5.00877971782e+11
6	6.11461192883e+11
7	4.25106703316e+11
8	3.2696329811e+11
9	3.98458517894e+11
10	3.14160458379e+11
11	1.94610210563e+12
12	5.77080199496e+11
13	34944126512.4
14	4.22459667656e+11
15	2.9070389384e+11
16	4.09368281503e+11
17	1.17541032432e+12
18	4.90192882334e+11
19	2.05716668162e+11
20	5.13485164883e+11
21	2.35943966614e+11
22	38591323987.8
23	1.58566510242e+12
24	5.06279628005e+11
25	2.35026263404e+11
26	7.02564727475e+11
27	2.57510004488e+12
28	3.26882294825e+11
29	6.99516700009e+11
30	1.13401570119e+11
31	3.38945902238e+11
32	6.73408160618e+11
