0	1.38387345583e+11
1	1.15669925052e+11
2	1.41452773064e+11
3	3.68049450252e+11
4	2.95991168229e+11
5	1.41114730468e+11
6	9.23629604659e+11
7	4.44909559656e+11
8	1.27028304427e+11
9	2.14373978264e+11
10	4.55330480707e+12
11	6.09616633133e+11
12	7.05768879524e+11
13	1.2633486285e+11
14	9.4694175766e+11
15	2.34771943823e+11
16	5.2197579728e+11
17	1.36393603916e+11
18	2.65959213362e+11
19	1.0263559304e+12
20	6.11993807583e+11
21	1.06115136622e+11
22	4.40994422587e+11
23	1.24773720386e+11
24	2.79291913366e+11
25	3.24429149845e+11
26	5.69113433078e+11
27	41287564454.5
28	2.64413628096e+11
29	3.25911952261e+11
30	3.94726869497e+11
31	2.76963721598e+11
32	8.35290029533e+11
33	77784169176.6
34	77706083600.5
35	1.22371782102e+11
36	1.33921534679e+12
37	3.06264066786e+11
38	3.75277792294e+11
39	3.31782057376e+11
40	89788331993.8
41	3.60448876889e+11
42	3.50896932463e+11
43	1.07295642011e+11
