0	2.09075465201e+11
1	3.19634770754e+11
2	3.24709122446e+11
3	1.13881833544e+11
4	47457070653.1
5	74361478745.1
6	1.81285248685e+11
7	3.2633650633e+11
8	8.25957152308e+11
9	1.15119481789e+11
10	3.75804511207e+11
11	69462758456.7
12	1.10116906574e+12
13	1.45092229755e+12
14	1.45612986313e+11
15	3.11314760877e+11
16	2.04795363671e+12
17	7.43356599049e+11
18	1.50030223959e+12
19	7.00235100321e+11
20	7.43984482864e+11
21	3.57261786929e+11
22	1.06017122304e+12
23	2.55168087621e+11
24	76240080890.6
25	4.53347486791e+11
26	54224559242.8
27	2.89862378243e+11
28	61149419213.8
29	4.01729027042e+11
30	8.1611923711e+11
31	6.4107539782e+11
32	7.50679704745e+11
33	9.13522322494e+11
34	2.63124439409e+11
35	3.12738264935e+11
36	1.21377571492e+11
37	6.0733363007e+11
38	2.71525182277e+11
39	6.86649356737e+11
40	5.02592168633e+11
41	1.23797306353e+11
42	1.20620963714e+11
43	42183288708.9
44	69167806736.7
45	2.2478293948e+11
46	7.37960337739e+11
47	1.58906735641e+11
48	4.84360901656e+11
49	1.92189755215e+11
50	1.34240046473e+11
51	1.64869540841e+12
52	96640298597.8
53	2.87770554389e+11
54	4.00359144584e+11
55	3.40616545283e+11
56	1.82335338387e+12
57	72426281310.1
58	2.21676157643e+12
59	2.69937505661e+11
60	63931729287.4
61	4.37792905886e+11
62	3.11092883311e+11
63	1.93719714942e+11
64	9.90283888203e+11
65	1.12695490143e+12
66	3.89189910577e+11
67	3.40059602625e+11
68	6.67499980188e+11
69	1.22306020124e+11
70	4.00509000835e+11
71	5.01950685627e+11
72	3.06076095278e+11
73	5.41222006058e+11
74	6.07072599961e+11
75	3.88705038418e+12
76	9.01889632708e+11
77	3.22710516064e+11
78	3.72763546369e+12
79	2.94655928262e+12
80	1.48783760023e+11
81	1.72521278554e+11
82	5.6935634842e+11
83	8.92010270589e+11
84	3.67919862156e+11
85	3.24709601414e+11
86	2.14908039086e+11
87	6.19982714797e+11
88	6.89564979845e+11
89	1.74133399152e+11
90	5.1778097367e+11
91	1.34090501054e+12
92	9.47809247205e+11
93	2.98313519564e+11
94	3.01674351316e+11
95	2.09937060651e+11
96	53276950317.6
97	6.39533477577e+11
98	1.49200202288e+11
99	4.76705203263e+11
100	1.30451401791e+11
101	4.86082076105e+11
102	1.17209673712e+12
103	7.64904904311e+11
104	1.56863133876e+11
105	3.51150614484e+11
106	88715889843.4
107	79533358919.4
108	1.04967143682e+11
109	4.928798826e+11
110	6.90922649297e+11
111	88680848422.5
112	5.66668963953e+11
113	6.07846281079e+11
114	3.74598009661e+11
115	4.17650895062e+11
116	1.11972745675e+12
117	2.95021343857e+11
118	2.9134319742e+11
119	1.2907090245e+12
120	33376052272.1
121	2.25793007056e+11
122	3.6439192659e+11
123	66420702555.7
124	4.71817526423e+11
125	3.72026410534e+11
126	2.47358379824e+11
127	39842077217.7
128	1.98139525611e+12
129	4.1128610601e+11
130	2.00813294497e+11
131	1.16407943535e+11
132	4.33816998594e+11
133	1.60808584584e+11
134	3.96519389715e+11
135	9.39395256966e+11
136	5.81710847987e+11
137	1.43833620323e+11
138	5.01627418175e+11
139	4.14777534192e+11
140	74561197379.8
141	48344602975.8
142	1.75639035959e+11
143	1.42750163508e+12
144	2.68734627133e+11
145	5.49500616246e+11
146	2.17071208344e+11
147	1.44842528519e+11
148	2.17425405441e+11
149	1.48486101435e+12
150	4.18812904633e+11
151	3.39504815007e+11
152	4.87256450892e+11
153	21520216402.1
154	4.9868832718e+11
155	1.45312723111e+12
156	2.25422154275e+11
157	5.09786680019e+11
158	2.79504457835e+11
159	5.0006801982e+11
160	1.29080618267e+12
161	55942426865.6
162	5.64778326264e+11
163	71122625054.7
164	1.60149757625e+12
165	2.17471480355e+11
166	2.11169749474e+11
167	5.5845243792e+11
168	24537688425.7
169	3.65334793626e+11
170	1.60976530456e+11
171	44368244319.2
172	1.10910993883e+12
173	1.6280928457e+12
174	3.05966440202e+11
175	4.76980623353e+11
176	1.00003667842e+11
177	2.25898579854e+11
178	5.1801559775e+11
179	2.94065747419e+11
180	3.71833282136e+11
181	8.74687922686e+11
182	1.18812606581e+11
183	52046956464.4
184	2.34352955181e+11
185	3.55765775231e+11
186	3.93278776108e+11
187	2.55980208022e+11
188	4.50930030993e+11
189	2.3411486225e+11
190	1.31817206269e+11
191	3.14025317425e+11
192	4.40729130793e+11
193	2.27533217218e+11
194	1.83483483002e+11
195	82388657635.1
196	8.96156211224e+11
197	9.77445357844e+11
198	6.836083671e+11
199	66219146858.7
200	2.57673999141e+11
201	6.04690271753e+11
202	41898248567.0
203	1.38082948343e+11
204	4.73447061534e+11
205	1.42014570032e+11
206	72208192574.8
207	1.26691184054e+12
208	1.3513823916e+12
209	2.22971222036e+11
210	2.34001795034e+11
211	49150516102.6
212	98126025337.4
213	79201802597.1
214	1.15313754027e+12
215	3.23966736065e+12
216	4.5081466889e+11
217	4.70859726876e+11
218	5.94783293751e+11
219	2.15069486891e+11
220	2.27732487608e+11
221	2.1191454469e+11
222	2.56690565751e+11
223	1.15587442924e+12
224	2.21388846508e+11
225	5.1795117345e+11
226	1.59331487102e+11
227	1.0251381449e+11
228	1.41976705802e+11
229	7.54448884437e+11
230	3.76395366388e+11
231	4.70808909942e+11
232	1.39940447587e+11
