0	2.44978959444e+11
1	71719237529.5
2	1.27320428051e+12
3	7.3542710001e+11
4	2.30277928216e+11
5	2.62324450698e+11
6	4.50803321194e+11
7	4.8998476923e+11
8	1.81947837776e+11
9	5.00899901553e+11
10	1.38959646251e+11
11	1.51889373309e+11
12	9.66467349682e+11
13	3.24071152179e+11
14	1.12264610917e+12
15	2.92077733521e+11
16	5.32397104303e+11
17	1.208843596e+11
18	2.58522245158e+11
19	3.41189489586e+11
20	1.82153305481e+11
21	4.68218327923e+11
22	91611302236.1
23	33711072988.7
24	55600320358.8
25	5.21789912753e+11
26	65948878187.2
27	7.14217705848e+11
28	1.10572444249e+11
29	1.76291131463e+11
30	5.88916502811e+11
31	1.06458372974e+11
32	69720649383.2
33	1.57723004134e+11
34	86738635382.8
35	45067877384.3
36	1.09406003641e+11
37	3.73706887996e+11
38	2.74411732487e+11
39	4.25544165627e+11
40	9.18693812157e+11
41	2.29254834763e+11
42	3.71987603823e+11
43	3.30310326984e+11
44	1.38011209408e+11
45	35243406210.0
46	6.11234519343e+11
47	80315359622.6
48	2.16516128967e+11
49	1.68316723839e+11
