0	75665908919.1
1	31304804202.1
2	1.25117912323e+11
3	1.37753072713e+12
4	3.36707706992e+11
5	2.19926230651e+11
6	9.19937996301e+11
7	1.23046597377e+12
8	43659496933.4
9	1.37926939959e+11
10	1.05130018829e+12
11	2.70943574243e+11
12	3.26041343962e+11
13	2.63311934171e+11
14	1.13244981534e+12
15	1.31066630952e+11
16	1.44180855335e+11
17	6.94307395702e+11
18	1.22894915766e+11
19	4.1770053363e+11
20	5.87924866034e+11
21	25189254158.5
22	31911504959.0
23	1.49637973025e+12
24	1.08214902334e+11
25	1.01675788974e+11
26	3.69780198817e+11
27	62709339078.6
28	8.68821616669e+11
29	70841620113.6
30	1.86702668707e+11
31	7.2764116086e+11
32	2.82112237241e+11
33	2.33964549595e+11
34	8.28589561461e+11
35	6.19180977187e+11
36	4.12653818538e+11
37	20175920620.5
38	1.78735308266e+12
39	43635462616.4
40	2.49470123649e+11
41	2.15672967449e+11
