0	2.50542144226e+12
1	2.79150313185e+11
2	4.22182730194e+11
3	1.14289710745e+12
4	1.40153404112e+12
5	6.4280634878e+11
6	2.67285621322e+11
7	1.11763945564e+12
8	6.57268960793e+11
9	5.37597299739e+11
10	7.97968499314e+11
11	2.02715890768e+12
12	1.5793784821e+11
13	1.63171072984e+12
14	6.44930605315e+11
15	6.28736027531e+12
16	2.08661544509e+11
17	3.68010710595e+11
18	3.03599696769e+11
19	4.4269875227e+11
20	2.31866515161e+11
21	5.14915785759e+11
22	3.52874402647e+11
23	6.2199212204e+11
24	5.71886001964e+11
25	1.90699450285e+12
26	2.69122132373e+12
27	1.80029896446e+12
28	2.49826517805e+11
29	1.71565646465e+12
30	61487126575.5
31	1.00888898032e+12
32	5.76091213398e+12
33	1.61533629491e+12
34	7.44789495904e+11
35	6.93259796709e+11
36	1.83562899594e+11
37	7.23702326629e+11
38	4.72178149265e+11
39	3.47190718113e+11
40	2.16342279152e+12
41	4.47478602592e+11
42	7.83529164304e+12
43	2.26412938782e+12
44	5.76331095941e+11
45	2.48606334955e+12
46	7.49634504942e+11
47	1.10708384963e+12
48	2.83140149716e+11
49	6.19469758871e+11
50	8.48218690868e+12
51	1.46890678895e+12
52	8.92560242596e+11
53	1.22315729552e+12
54	3.39763753363e+11
55	6.57688062949e+11
56	5.02145913927e+11
57	6.05492199617e+11
58	2.30186048509e+12
59	2.70702378239e+12
60	8.70315278003e+11
61	1.05504260071e+12
62	3.66827632264e+12
63	4.91448204023e+11
64	1.75930614822e+12
65	2.11617854576e+12
66	3.55327919608e+12
