0	2.41021870902e+12
1	3.09251503755e+11
2	3.15171195882e+11
3	1.28671126178e+12
4	7.01176580816e+11
5	1.50700907528e+12
6	5.70977083407e+12
7	8.67926693044e+11
8	2.7292337058e+11
9	1.24495487068e+12
10	4.73769229939e+11
11	1.29639904532e+12
12	4.17534914032e+11
13	4.29029737092e+11
14	1.2999586344e+11
15	1.09898052403e+13
16	1.01256665853e+12
17	9.11216727473e+11
18	3.2562956845e+11
19	3.1051238001e+11
20	8.66920931815e+11
21	1.70591384711e+12
22	4.62064222997e+12
23	2.39078644749e+12
24	3.81035112982e+11
25	5.3990037582e+11
26	1.28799589524e+12
27	4.31461816045e+12
28	1.23879132648e+11
29	3.11723207779e+11
30	7.42422124934e+11
31	7.37144317705e+11
32	2.56427597692e+11
33	2.30154017083e+12
34	3.83573950601e+11
35	3.51570823291e+11
36	1.74268880182e+12
37	9.49886186487e+11
38	1.23242004296e+12
39	2.36279076278e+12
40	4.77382708368e+11
41	5.89920634573e+11
42	9.71613453002e+11
43	9.42326378336e+12
44	2.79437920564e+12
45	1.70094865801e+12
46	2.89202100292e+11
47	1.18881477009e+11
48	5.83888783708e+11
49	8.28950611153e+11
50	1.36862182942e+12
51	1.56480817744e+11
52	6.95330552247e+11
53	2.6167753748e+12
54	6.19419072735e+11
55	9.66554793326e+11
56	4.59380968445e+11
57	3.91802264372e+11
58	5.06309249912e+12
59	3.79626386745e+11
60	2.20351491493e+12
61	3.28978216059e+11
62	8.67698609792e+11
63	1.06486965145e+12
64	3.77372599752e+11
65	1.51510707851e+11
66	2.53557855332e+11
67	1.30635235586e+12
68	3.2203059508e+11
69	1.10778866959e+12
70	1.99225770804e+12
71	2.21869646649e+12
72	3.66767621708e+11
