0	1.80966995686e+12
1	2.05173159029e+11
2	2.57048723944e+12
3	8.00384241012e+11
4	3.65738175558e+11
5	7.19849284248e+11
6	1.14827758585e+12
7	9.8943878919e+11
8	2.82943607756e+11
9	9.41466351877e+11
10	9.02796168798e+11
11	5.53335838551e+11
12	4.59595319988e+12
13	3.64531394876e+12
14	6.82980586937e+11
15	4.15929948931e+12
16	5.91827024277e+11
17	4.33576138351e+11
18	1.37432613831e+12
19	1.41385389926e+12
20	3.29097739717e+12
21	3.70968952788e+11
22	5.67468319615e+11
23	1.2653854572e+12
24	7.60351058157e+11
25	2.03376090466e+11
26	2.5267456012e+11
27	4.97022629592e+11
28	1.13901282504e+12
29	1.20009073334e+12
30	4.23848232875e+12
31	1.32260903017e+12
32	8.22911510707e+11
33	1.32313200122e+12
34	1.34097315198e+12
35	4.70790650669e+12
36	3.47740266231e+12
37	1.07732931784e+12
38	2.28245328024e+12
39	1.03478460535e+12
40	4.60310980988e+11
41	2.93521305462e+11
42	1.37276827735e+11
43	8.41028077165e+11
44	6.81259268825e+11
