0	2.55733702756e+12
1	6.13466989112e+11
2	1.71830121569e+12
3	5.97521233844e+11
4	3.23793645584e+11
5	2.62481866925e+11
6	4.16213063254e+11
7	4.63062218175e+11
8	1.80956873923e+12
9	4.34859315718e+11
10	4.66775842177e+11
11	7.26082087512e+11
12	1.22308513629e+12
13	3.80512318376e+12
14	6.08499084362e+11
15	1.87099808252e+11
16	4.2384415879e+12
17	6.68428252744e+11
18	5.35475456368e+11
19	7.87498347117e+11
20	7.37447763157e+11
21	1.14559216867e+12
22	1.83680469226e+12
23	1.11946799259e+11
24	4.94537852992e+11
25	8.79792691405e+11
26	1.36862374691e+11
27	73375416914.9
28	3.27647326864e+11
29	3.39622997266e+12
30	1.24000210821e+12
31	7.11015420331e+11
32	3.21320793086e+11
33	1.35141437121e+11
34	4.374935252e+11
35	3.20923803592e+11
36	2.99383099126e+11
37	2.79720474848e+11
38	1.98085937148e+11
39	4.21821461175e+11
40	2.23913056295e+11
41	5.01443888403e+11
42	4.89673973218e+11
43	7.29744178315e+11
44	1.85966417759e+11
45	1.80765715626e+12
46	5.97948639975e+11
47	1.7020345237e+12
48	4.6147603762e+11
49	1.91884889439e+12
50	3.31149770514e+11
51	9.14628390084e+11
