0	6.92215949931e+11
1	1.69824030188e+11
2	3.30084701852e+12
3	1.14312892727e+12
4	3.45459639852e+11
5	1.62340087091e+12
6	5.36443865298e+11
7	5.81826991107e+11
8	1.26106643988e+12
9	2.24891761533e+12
10	1.80598133114e+12
11	1.4458838583e+12
12	8.31520428297e+11
13	2.4590750428e+11
14	3.32847060669e+11
15	1.01557564916e+12
16	1.70640398105e+12
17	1.25690046242e+12
18	3.56356013338e+12
19	1.22796685099e+12
20	1.16528037882e+11
21	68707223042.9
22	3.66465801904e+11
23	3.80110161694e+11
24	9.7007481157e+11
25	8.49403423753e+11
26	4.14632508974e+12
27	1.31096553168e+12
