0	5.59211605558e+11
1	1.52035824979e+12
2	1.33369052508e+12
3	5.38459887113e+11
4	1.03096774989e+11
5	6.54513176714e+11
6	2.90650930235e+11
7	5.25416995977e+11
8	3.16670065245e+11
9	7.95092606544e+11
10	6.36994899244e+11
11	1.01699092517e+12
12	3.95919074323e+12
13	8.45700305159e+11
14	2.04845064467e+12
15	1.60590326466e+12
16	1.71661338947e+12
17	1.25264111305e+12
18	6.0744063811e+11
19	2.62903662925e+11
20	1.46510789543e+12
21	3.74276111559e+12
22	2.01932147824e+12
23	2.96390807672e+11
24	8.54485529663e+11
25	6.24963992488e+11
26	4.47614587364e+11
27	6.86128990225e+11
28	4.86023178225e+11
29	7.45993377986e+11
30	2.88234699175e+12
31	2.97143670477e+11
32	4.0680787946e+11
33	3.42677810529e+11
34	2.32243028426e+12
35	2.06685397101e+12
36	1.13445457331e+12
37	2.58505552805e+12
38	3.81030730843e+12
