0	1.6349786803e+11
1	5.95504157722e+12
2	2.50951137585e+11
3	2.54632751484e+12
4	6.51455188025e+11
5	2.40621393368e+11
6	69708847231.8
7	2.56878046558e+12
8	2.70928304766e+11
9	61901312203.4
10	1.81983839197e+11
11	6.77932218066e+11
12	3.27973554372e+11
13	1.46676240915e+12
14	1.05132027054e+12
15	5.48220587194e+11
16	3.51673921991e+11
17	3.69034844093e+11
18	7.78310676967e+11
19	1.12940770802e+11
20	1.39254333204e+11
21	1.98413425867e+11
22	1.82822600505e+12
23	4.47867359452e+12
24	2.57299350699e+12
25	1.94935245863e+11
26	1.49860119132e+12
27	8.11378671345e+11
28	1.36178718709e+11
29	3.2562187053e+11
30	8.96550808323e+11
31	3.55915957479e+11
32	4.32542095969e+12
33	7.99601845622e+11
34	2.19525382975e+11
35	4.40133642755e+11
36	1.23495646882e+12
37	4.03649016121e+11
38	5.14527623462e+11
39	75893651120.7
40	3.6369375423e+11
41	1.76305151551e+12
42	5.21714800593e+11
43	55742978972.6
44	1.37719440752e+12
45	3.52447986299e+11
46	4.54254352333e+11
47	1.38702915308e+12
48	1.39735417172e+12
49	3.0483224336e+12
50	6.38588564403e+11
51	1.00622045173e+12
52	2.3037945188e+11
53	1.11290861492e+12
54	1.70184708173e+12
55	3.27295633472e+11
56	2.27871141879e+12
57	4.94171807896e+11
