0	2.11311480465e+12
1	5.89102558231e+11
2	1.29358566157e+13
3	2.04424962548e+12
4	3.0893968534e+12
5	9.07130468447e+11
6	3.3707790732e+12
7	8.40029663388e+11
8	2.33446993541e+12
9	4.42615038482e+12
10	4.93179982541e+12
11	4.79817610486e+12
12	1.26771569969e+12
13	1.12943640113e+12
14	3.11238437314e+12
15	5.11142329642e+11
16	6.93632095569e+11
17	7.66239288991e+12
18	3.51186169917e+12
19	7.94654402637e+11
20	2.33394336044e+12
21	1.14084051732e+12
22	6.0396155569e+12
23	5.65208530648e+13
24	2.00584255971e+12
25	5.20956670993e+11
26	7.19046348234e+11
27	2.98370147402e+12
28	1.55131095812e+12
29	1.24569321175e+12
30	2.67689768446e+12
31	4.34698490858e+12
32	1.51753174776e+12
33	3.02132460884e+11
34	9.0589541557e+11
35	1.57802831378e+13
36	7.68520588311e+11
37	1.46524142187e+12
38	6.57855252061e+12
39	9.43231325725e+12
40	5.96457592577e+12
41	1.95050909443e+12
42	1.04537560365e+13
43	1.07381274403e+12
44	2.95190766312e+12
45	4.80690954818e+12
46	2.01223838839e+12
47	1.88999358858e+12
48	1.01949194612e+12
49	2.58610139664e+12
50	3.6847670536e+11
51	1.68773108371e+12
52	1.43977077513e+12
53	5.01030112061e+12
54	2.84130585824e+13
55	1.69767011665e+12
56	6.20460623423e+11
57	3.73420887725e+12
58	6.69942680071e+11
59	1.33384968558e+13
60	3.64396504964e+12
61	5.68726638341e+11
62	2.09457183803e+12
63	1.31450603822e+12
64	5.83775800965e+12
65	3.05328431227e+12
66	3.27180687963e+11
67	4.30893199734e+12
68	1.60645675182e+12
69	9.64858593936e+11
70	1.43297496759e+13
71	9.39990038602e+11
72	1.10178205674e+12
73	4.35114178282e+12
74	6.44236700355e+11
75	7.87377542374e+11
76	2.37143776406e+12
77	3.33691706656e+12
78	7.19849304066e+11
79	1.20261466187e+12
80	1.99936992578e+12
81	9.25771362839e+11
82	1.15504212545e+12
83	2.45181736693e+12
84	2.68294125267e+12
85	1.61895904186e+12
86	8.441155293e+11
87	1.95053176542e+12
88	1.85731671166e+12
89	1.93026895359e+12
90	9.08692653377e+11
91	4.80452365871e+11
92	6.11477357429e+11
93	2.41881719658e+12
94	5.26821472277e+12
95	3.32671327515e+12
96	2.25760671222e+12
97	2.95806298032e+12
98	1.82987377197e+12
99	9.7139530597e+12
100	6.95863432796e+12
101	3.41661248677e+11
102	1.7220246835e+11
103	4.73794255431e+12
104	2.39491915626e+12
105	2.25406060604e+12
106	1.90805869205e+12
107	7.62074148488e+12
108	1.72708870356e+12
109	9.97331447116e+11
110	5.7290129073e+12
111	2.07652915498e+13
112	1.11937682781e+12
113	2.68437295528e+12
114	1.38510933711e+12
115	2.3961625899e+11
116	2.17119333206e+12
117	2.60652800003e+12
118	5.47661819355e+12
119	5.55125975249e+12
120	1.47822400685e+12
121	4.82731069487e+11
122	1.06549196894e+12
123	2.0465566412e+12
124	1.25346310422e+12
125	3.49527294985e+12
126	1.86049562139e+12
127	6.50475722669e+12
128	5.38068485682e+12
129	9.86391461098e+12
130	1.21736201676e+12
131	6.10692503419e+12
132	2.53172428598e+12
133	9.09819523061e+11
134	2.27714356789e+12
135	1.07631100321e+12
136	5.40434963422e+12
137	2.23996130844e+12
138	2.3309671408e+11
139	2.6676260038e+11
140	5.90928912081e+12
141	1.77513380558e+12
142	3.13523588639e+12
143	5.83020483599e+12
144	6.2954176502e+12
145	3.21659149346e+12
146	6.9319955214e+12
147	4.77566763073e+12
