0	3.50794071359e+11
1	3.03497086464e+11
2	1.7796417926e+11
3	2.60835323429e+11
4	7.06495307358e+11
5	7.60542402378e+11
6	4.07166383477e+11
7	2.89804080086e+12
8	1.03019157131e+12
9	2.96446071907e+11
10	1.79359026737e+11
11	2.18287483043e+11
12	80601783375.0
13	5.43161854601e+11
14	9.68105081183e+11
15	1.70116746858e+11
16	2.97715337101e+11
17	2.92582581698e+12
18	1.0340272031e+12
19	1.158618528e+12
20	5.01946912981e+11
21	2.15912417667e+12
22	1.4508103285e+11
23	9.08450024423e+11
24	1.55751361897e+12
25	2.4713163986e+11
26	8.11044293772e+11
27	5.1816191015e+11
28	3.00104037825e+11
29	3.59281414045e+11
30	91275094130.4
31	1.18495087069e+12
32	2.10793537776e+12
33	1.07370293176e+12
34	1.31093610821e+11
35	4.67089596185e+11
