0	1.52577578587e+12
1	8.50283527272e+11
2	4.01433867819e+11
3	7.74253440107e+11
4	6.43176399692e+11
5	1.44914902023e+12
6	1.4024888253e+12
7	5.37448785661e+11
8	1.18695109742e+11
9	3.8023072276e+11
10	3.19139860962e+11
11	9.06802039994e+11
12	7.56286432867e+11
13	2.63723992615e+12
14	6.597916444e+11
15	1.10746419611e+12
16	1.09367816481e+12
17	5.38305417742e+11
18	1.54008929105e+12
19	2.4672557151e+12
20	5.33589360202e+11
21	1.3272173889e+12
22	1.95865063008e+12
23	8.25129621817e+11
24	3.08853849182e+12
25	8.77296865479e+11
26	7.87669920648e+11
27	8.93402829247e+11
28	2.11248935085e+11
29	3.65131162919e+11
30	8.65667085339e+11
31	2.58756528988e+11
