0	97620548620.6
1	1.19934660271e+11
2	72078930419.6
3	2.14713421306e+11
4	1.98212903937e+11
5	3.90396954947e+11
6	2.92227438383e+11
7	69320348165.1
8	84150515811.1
9	1.64578242123e+11
10	1.3384730458e+11
11	2.71569851502e+11
12	3.44974391173e+11
13	47643931604.0
14	7767837390.4
15	8.89193378052e+11
16	75774697807.8
17	3.46917679969e+11
18	1.13457614252e+11
19	92626850799.5
20	3.90608821283e+11
21	75310595823.7
22	2.67962088888e+11
23	92553913001.0
24	28048458966.3
25	2.10403724444e+11
26	1.29562757906e+11
27	18116846095.2
28	55409796913.5
29	2.12186264446e+11
30	46403383769.9
31	6.73852671897e+11
32	8.37723790143e+11
33	5.50045620465e+11
34	1.98970591326e+11
35	2.0548267869e+11
36	4.3886787194e+11
37	2.97022756484e+11
38	63910243529.2
39	27837972496.1
40	48310328135.0
41	1.54307113289e+11
42	1.07884381333e+11
43	1.00675537623e+11
44	1.26031790146e+11
45	91163834058.9
46	1.47842241992e+11
47	54849013451.5
48	5.67830942789e+11
49	30531624562.9
50	2.40839267473e+11
51	3.37422069899e+11
52	3.61093656439e+11
53	4.89149786531e+11
54	1.04814177534e+11
55	1.28496340858e+11
56	1.82211917302e+11
57	3.45137948247e+11
58	13479286919.3
59	2.30138827969e+11
60	85871752785.7
61	1.0269555034e+11
62	66431810883.6
63	1.53799853735e+11
64	1.12030184912e+11
65	69804183280.2
66	8.76576355651e+11
67	56988874097.7
68	1.21682694334e+11
69	5.53250226137e+11
70	1.51013959274e+11
71	1.28477390805e+11
72	1.06213452706e+11
73	2.02338851434e+11
