0	2.1393050409e+12
1	3.4546644151e+12
2	1.75410429692e+12
3	3.243475853e+11
4	2.10018638016e+12
5	97361165309.1
6	3.5349020258e+12
7	2.83564835952e+12
8	2.26671170409e+12
9	3.22310909565e+12
10	3.65020955853e+11
11	5.11163461199e+12
12	24828043738.2
13	1.07976285918e+12
14	5.20678984916e+12
15	1.88268169155e+12
16	1.63007311301e+12
17	1.11668409666e+12
18	9.60873095964e+11
19	3.6453915756e+12
20	7.78592416472e+11
21	3.2536300294e+12
22	7.61145192592e+12
23	4.78675711244e+11
24	6.26954269567e+11
25	1.12276781295e+12
26	1.21941508012e+12
27	6.57418965452e+11
28	1.30946007787e+12
29	2.70879818373e+12
30	2.75934045654e+12
31	7.69526792044e+11
32	6.83857855078e+12
33	2.11388992246e+12
34	2.14543379913e+12
35	1.08983227217e+12
36	4.54641777172e+11
37	2.10104871557e+12
38	3.71228970157e+12
