0	2.08827464071e+11
1	4.94735539282e+11
2	1.47962316851e+11
3	4.46001239817e+11
4	1.11233864011e+11
5	3.30102192194e+11
6	92703714008.4
7	2.17486944757e+11
8	5.52404741292e+11
9	1.04286359445e+11
10	1.24263689428e+11
11	3.47568943879e+11
12	1.09358330465e+11
13	1.39871226201e+12
14	54959143358.8
15	2.573649873e+12
16	1.1421399017e+12
17	7.14048512621e+11
18	6.68637527309e+11
19	3.16281358309e+11
20	1.07884215056e+12
21	92919223432.6
22	7.174229408e+11
23	3.61285382919e+11
24	9.97809730879e+11
25	6.22971269976e+11
26	2.60372339753e+11
27	2.5982089222e+12
28	2.87528869435e+11
29	79619921524.6
30	5.20920458381e+12
31	4.14441507845e+11
32	1.35731664979e+12
33	2.02123082531e+11
34	4.86824032161e+11
35	1.57714111362e+12
36	8.83166693217e+11
37	1.77446512253e+11
38	2.00673262533e+12
39	4.30026650421e+11
40	1.52811939898e+12
41	37791246019.6
42	3.39406343333e+11
43	2.00965723165e+11
44	9.3968887736e+11
45	6.52893136041e+11
46	1.58073041329e+12
47	3.95635343121e+12
48	2.27621505979e+11
49	3.40705525035e+11
50	6.08032472139e+11
51	6.52803065659e+11
52	1.83941647745e+11
53	6.96836297486e+11
54	1.76338969713e+11
55	1.18011675942e+11
56	4.54166352402e+11
57	1.6146269327e+12
58	7.84376863321e+11
59	1.16142229848e+12
60	2.55224305639e+11
61	1.02004312535e+12
62	94737164565.3
63	71379768290.3
64	2.84295749025e+11
65	1.35984254088e+12
66	1.86267833518e+12
67	63451608423.3
68	1.6902357538e+11
69	1.73538537458e+12
70	8.20603254969e+11
71	4.31322430181e+11
72	5.19435805086e+11
73	6.18643107227e+11
