0	9.58156096073e+11
1	1.05098016957e+12
2	4.63548138698e+11
3	3.24703435561e+12
4	7.66355754509e+11
5	2.79301677284e+12
6	2.11811915941e+11
7	5.43539028705e+12
8	5.15790025724e+11
9	1.09914443415e+12
10	6.36818022226e+11
11	2.70371626534e+12
12	6.23430232076e+11
13	1.3318098214e+12
14	6.43068140115e+11
15	1.71184948635e+11
16	1.77477901046e+12
17	1.23778756088e+12
18	4.28547885196e+11
19	6.65602011623e+11
20	6.63667849776e+11
21	4.84485952158e+12
22	4.70665698833e+11
23	5.48865376052e+11
24	1.01182803728e+11
25	8.99700494641e+11
26	8.23099723695e+11
27	3.19453053771e+11
28	1.0281062712e+11
29	5.92930776848e+12
30	1.04793417891e+12
31	1.0745005045e+11
32	1.78063877366e+12
33	9.94930681054e+11
34	4.46474898849e+11
35	1.61190051601e+12
36	5.19041587615e+12
37	3.47584366014e+11
38	8.33137666482e+11
39	6.43754251318e+11
40	2.1328803602e+12
41	3.26673354457e+11
42	3.28553377541e+12
43	1.06353081854e+12
44	5.59784406221e+11
45	7.28810201061e+11
46	7.20633992746e+11
47	5.83511585717e+11
48	1.84788788817e+12
49	1.70056990109e+11
50	6.61302129378e+11
51	1.65730456417e+11
52	6.21855696026e+11
53	1.72017775917e+12
54	6.48139943981e+11
