0	6.42450452969e+11
1	7.26511953213e+11
2	3.49882359503e+12
3	7.39538740192e+11
4	1.61890646477e+12
5	4.9504254641e+11
6	3.61840269862e+11
7	1.17892731227e+12
8	1.11001157455e+12
9	5.71773619624e+11
10	3.42602437017e+11
11	78219684013.3
12	1.54355767486e+11
13	8.33364277468e+11
14	8.38177385413e+12
15	1.0079512169e+11
16	7.61654685916e+11
17	1.54969810025e+11
18	3.51027100831e+11
19	3.6992667471e+11
20	4.11823856645e+11
21	4.95683012208e+11
22	1.71482659862e+11
23	1.18973919184e+11
24	1.4045350067e+12
25	6.93613843259e+12
26	5.42462595677e+11
27	1.75091067005e+11
28	3.55786704574e+11
29	1.68326025763e+11
30	2.35945224042e+11
31	2.53532406814e+12
32	3.82399389747e+12
33	2.39490183211e+12
34	1.87529820523e+12
35	1.06428466634e+11
36	2.93592303942e+11
37	2.4295830347e+11
38	4.87404032046e+12
39	1.02487766286e+12
40	5.63640503463e+11
41	5.29971712423e+11
42	9.39210748459e+11
43	5.80825683393e+11
44	1.98799898706e+12
45	7.6014331141e+11
46	1.46396064329e+12
47	1.11363593763e+12
48	9.22459842498e+11
49	5.42753353968e+11
50	8.75496876667e+11
51	1.28604805287e+12
52	8.35099031589e+11
53	7.52919432631e+11
54	9.15121241911e+11
55	1.36521574307e+12
56	1.97140818871e+12
57	5.60320199784e+11
58	8.61608479572e+11
59	2.44380710532e+11
60	1.2408065713e+12
61	2.28009853565e+12
62	3.00939867319e+11
63	4.55051592218e+11
64	5.24766189732e+12
65	2.91558233225e+11
66	6.76684933698e+11
67	1.03932714583e+12
68	1.56386140034e+11
69	8.92081087174e+11
70	2.78859119659e+11
71	4.66674647536e+12
72	1.85685478194e+11
73	3.07153291945e+12
74	1.97927623e+12
75	6.25854376531e+11
76	5.50987529316e+11
77	5.42171113572e+11
78	2.17861140078e+12
