0	4.47299557664e+11
1	1.60862438478e+12
2	1.70614239763e+11
3	1.56926701878e+12
4	3.53758910914e+11
5	2.85946970884e+11
6	4.69850014345e+11
7	2.1338867948e+11
8	1.51957628357e+11
9	1.32465192663e+11
10	9.37338798323e+11
11	1.98365895575e+12
12	1.26681222087e+12
13	5.26579916016e+11
14	1.22539986138e+12
15	9.23173220057e+11
16	1.0293615654e+12
17	2.23528006569e+11
18	2.74531019801e+11
19	2.3872985246e+12
20	1.10499117837e+12
21	7.09314661891e+11
22	50550012414.6
23	6.55166235389e+11
24	1.29781411461e+12
25	6.1225277224e+11
26	5.87430891461e+11
27	3.05303039941e+11
28	3.6759821694e+11
29	1.3611491753e+12
30	4.37410503166e+11
31	4.19620775536e+11
32	7.4129562409e+11
33	6.35107325933e+11
34	1.16306005647e+12
