0	8.08415354435e+11
1	7.31398370626e+11
2	9.69897073251e+11
3	4.13946594205e+11
4	4.30781594891e+11
5	1.76270969935e+12
6	2.70704688438e+12
7	1.49933190424e+12
8	3.07525506032e+11
9	1.00765838752e+13
10	1.93266319713e+12
11	1.95524794904e+12
12	7.87509688033e+11
13	8.8856862271e+11
14	3.15456756244e+12
15	2.70581603932e+12
16	5.09479785063e+11
17	4.15998371106e+11
18	1.26808786033e+12
19	5.19702446362e+12
20	1.51332858497e+12
21	6.55243967716e+12
22	1.86785462717e+12
23	1.10545244125e+12
24	8.05743399073e+11
25	2.72003461117e+11
26	2.05330775198e+12
27	1.38480609802e+11
28	3.98641279003e+11
29	1.66414383972e+12
30	2.37203686881e+11
31	1.21224393596e+11
32	6.40101353121e+12
33	9.16410654596e+11
34	7.06087663419e+11
35	2.50776391219e+12
36	2.45346190771e+12
37	2.36109129686e+12
38	1.18871150484e+12
39	3.62285005024e+12
40	1.23617408452e+12
41	3.67799169281e+12
42	2.33700913366e+11
43	3.93441596406e+11
44	1.35764548457e+12
45	3.51188794786e+12
46	5.59202159712e+11
47	8.37509152288e+11
48	2.57232862128e+12
49	9.39627073436e+11
50	1.84348743792e+12
51	8.27294675124e+11
52	2.12370257016e+12
53	6.00127099686e+11
54	1.33777735979e+12
55	6.28647333819e+11
56	3.44674318258e+12
57	7.28531697915e+11
58	3.29281893755e+11
59	1.77314082567e+12
60	60168079512.8
61	2.47853611257e+12
62	8.82000403576e+11
63	2.08463613983e+11
64	2.72454830191e+12
65	6.76084806821e+11
66	4.82742650226e+11
67	6.85867500956e+11
68	7.53309946325e+11
69	6.4165560872e+11
70	4.13603012334e+12
71	1.68339242549e+12
72	8.28010100301e+11
73	5.16694779032e+11
74	3.6692416884e+11
75	6.10858742276e+11
76	4.67042610153e+12
77	4.29015635737e+11
78	2.04119701781e+11
79	9.84790071974e+11
80	1.41207901748e+12
81	3.45246167556e+12
82	1.07523021663e+12
83	1.15962328171e+12
84	1.36732240517e+12
85	4.40092389761e+12
86	2.83806517004e+12
87	2.57611855782e+11
88	8.84147530999e+11
89	1.75734280271e+12
90	1.51715588156e+12
91	1.15000127469e+12
92	3.01442009603e+12
93	4.90873813268e+11
94	3.91365443475e+11
95	8.60352921528e+11
96	4.5834613397e+11
97	4.99561286502e+11
98	8.09477721595e+11
99	3.48546183649e+12
100	2.15613043834e+11
101	1.52149886221e+12
102	5.39998428735e+11
103	5.60553236039e+11
104	2.74367709211e+12
105	8.05539322812e+11
106	5.94495717719e+11
107	6.09180566462e+11
108	1.59230909437e+11
109	5.70744654981e+11
110	4.44288860607e+11
111	3.38445292743e+11
112	5.59890816322e+11
113	3.21713019688e+11
114	1.0690017123e+12
115	1.78778666905e+12
116	3.88621921757e+11
117	1.88443597366e+12
118	1.98772339434e+11
119	7.99323198367e+11
120	1.05100431291e+12
121	2.56241578732e+12
122	3.85131393491e+11
123	1.41337690359e+12
124	2.89783943855e+11
125	3.81196032941e+12
126	6.60811293091e+11
127	6.21983896827e+11
128	4.78591039292e+11
129	8.33930122478e+11
