0	6.68553116533e+11
1	3.01664454244e+12
2	1.02179479288e+12
3	9.05174944406e+11
4	4.92272070115e+12
5	3.97424739756e+11
6	1.37849268833e+12
7	1.44381509686e+11
8	1.58765950674e+12
9	5.76828390565e+11
10	2.21183330801e+11
11	7.14686164956e+11
12	1.62344748937e+12
13	4.56603505658e+11
14	7.39850607747e+11
15	1.2256302879e+12
16	6.3233025145e+11
17	1.99767197183e+12
18	1.47302019888e+11
19	2.35286695813e+12
20	4.72369476339e+11
21	1.86545525766e+12
22	8.5988153466e+11
23	5.07731353392e+11
24	1.78808456956e+12
25	1.31244276861e+12
26	1.77197633405e+12
27	6.91146345044e+11
28	2.32585728194e+12
29	1.6255856864e+11
30	3.9955095192e+12
31	1.38258794315e+12
32	1.63311933074e+12
33	2.82296547838e+11
34	4.86017401141e+11
35	4.34854603602e+11
36	1.26870575716e+12
37	1.87271301693e+12
38	8.98298799327e+11
39	1.01428056625e+12
40	7.80063891493e+11
41	1.42165993078e+12
42	4.8979008865e+11
43	4.48417966734e+11
44	9.12056391645e+11
45	1.02324811039e+12
46	8.06387245228e+11
47	1.42040114883e+12
48	7.75598472375e+11
49	3.01908468645e+11
50	6.0094568494e+11
51	4.56348924477e+12
52	9.23718186774e+11
53	2.51909548042e+11
54	1.61611134189e+11
55	5.72365430025e+11
56	3.93798515454e+12
57	4.87832951385e+11
58	3.3265764811e+12
59	1.24489179847e+12
60	2.14538521897e+11
61	2.86326589022e+11
62	1.77695525735e+11
63	1.77907897837e+12
64	9.34696376134e+11
65	2.41056680968e+11
66	1.92972296332e+12
67	1.9773841441e+12
68	2.90481756277e+12
69	1.47420134823e+12
70	8.37813605264e+11
71	8.06695882741e+11
72	5.81563883549e+12
73	1.01080917192e+12
74	9.69553746462e+11
75	5.07299398697e+11
76	1.13872875981e+13
77	4.18549324386e+12
78	1.19637504508e+12
79	3.64521449798e+12
80	2.4049023367e+11
81	1.24049929565e+12
82	6.70613400124e+11
83	4.10878335652e+11
84	9.26367766827e+11
85	2.71829776599e+11
86	5.19104199808e+12
87	2.20434087574e+11
88	5.83603627422e+11
89	2.7432711743e+11
90	3.52802111228e+11
91	2.07745884671e+12
92	91699010812.6
93	5.34455809747e+11
94	8.63682402939e+12
95	3.37069583135e+11
96	82092743591.4
97	8.65298278291e+11
98	1.18348062436e+12
99	1.11685437445e+12
100	5.61773276987e+11
101	3.46992657168e+11
102	2.65419276617e+12
103	1.60387659238e+12
104	1.00935753653e+12
105	3.99778061468e+11
106	2.63910979532e+11
107	3.6585884641e+11
108	2.28146965279e+12
109	1.60232689482e+13
110	3.5297995609e+12
111	3.49261071327e+11
112	4.40180352065e+11
113	2.21787445533e+12
114	2.49093468632e+11
115	2.62087163459e+12
116	5.3870620831e+11
117	6.50736842514e+11
118	4.48158003937e+11
119	7.02779074122e+11
120	1.38442805879e+12
121	1.61212558415e+12
122	3.95616827869e+11
123	6.62367381236e+12
124	4.23978807861e+11
125	5.33419660038e+11
126	2.88356033457e+12
127	2.1102390783e+12
128	3.35352702124e+12
129	3.16107268738e+11
130	4.83881125166e+11
131	9.84317149448e+11
132	4.36950325519e+12
133	2.1291850737e+12
134	1.34642914184e+12
135	2.90394401679e+12
136	7.5744445135e+11
137	4.55077159452e+11
138	2.08640074874e+11
139	6.24183694522e+11
140	1.15603188836e+12
141	1.2965584692e+12
142	1.83145526421e+12
143	2.13294037526e+12
144	2.81491291657e+11
145	6.37428796281e+11
146	8.74236894103e+12
147	1.92136134928e+11
148	6.86244565333e+12
149	8.77743777451e+12
150	8.84241062116e+12
151	2.33555275174e+11
152	2.55059549694e+11
153	1.99062638567e+12
154	9.14359142554e+11
155	2.1707850203e+12
156	1.67281060909e+12
157	3.67083925788e+12
158	1.4413060232e+12
159	2.07368966806e+11
160	2.0829032579e+12
161	2.20665903572e+12
162	1.05988003879e+12
163	4.39369053227e+11
164	1.81456186981e+12
165	2.2559138808e+11
166	3.85731756004e+11
167	4.48912380368e+11
168	1.92335966434e+12
169	1.72243878369e+12
170	1.15350077314e+12
171	5.7963610063e+11
