0	1.96178394669e+11
1	5.1697818487e+11
2	3.16210819046e+11
3	4.38734182658e+11
4	2.40429612555e+11
5	1.47312759328e+11
6	63290768389.9
7	5.59869011753e+11
8	27063787834.4
9	3.45663991507e+11
10	3.39911486351e+11
11	2.24348956974e+11
12	95455546363.7
13	2.02425719769e+11
14	6.9793395449e+11
15	3.86565134678e+11
16	3.27630985285e+11
17	3.07202498927e+11
18	65448957441.6
19	2.76092224589e+11
20	93431591830.5
21	4.84280004735e+11
22	31154356095.9
23	60590026538.0
24	4.32716669695e+11
25	1.22582468908e+11
26	46343968125.5
27	3.10923754942e+11
28	1.23788364879e+11
29	1.35447593298e+11
30	35800130674.4
31	3.78512494832e+11
32	1.13065845453e+11
33	2.15861548179e+11
34	63033368102.5
35	1.35611074845e+11
36	2.71633397839e+11
37	1.00343626211e+11
38	4.52877693043e+11
39	4.1442491519e+11
40	1.19867679876e+11
41	1.7842080511e+11
42	5.20853917317e+11
43	3.57123744054e+11
44	1.1510898875e+11
45	1.82363284678e+11
46	90143898968.2
47	2.21321771558e+11
