0	1.8641600749e+12
1	2.50706116766e+11
2	2.06684321263e+11
3	7.42144914098e+11
4	71568738571.5
5	9.65465937684e+11
6	3.4988958663e+11
7	8.46471904496e+11
8	9.31195220894e+11
9	3.19445081513e+11
10	1.49866080474e+11
11	1.46852959967e+11
12	1.40785694012e+11
13	2.61588632071e+11
14	4.32686362236e+11
15	2.36116180123e+11
16	83208672878.7
17	2.977083841e+11
18	1.34269166614e+12
19	2.04504142337e+11
20	2.94905954154e+11
21	1.45677665555e+11
22	1.29879339365e+11
23	1.61644345964e+11
24	2.43511037603e+11
25	1.43822412698e+11
26	8.36337224339e+11
27	3.9902243053e+11
28	3.87428352141e+11
29	2.91582149457e+11
30	1.1173766116e+11
31	1.324278414e+11
32	2.31439316213e+11
33	2.17743501488e+11
34	3.1863408726e+11
35	5.55160111086e+11
36	53465807146.7
37	3.40972427643e+11
38	7.64090330186e+11
39	6.27853908602e+11
40	5.32709877392e+11
41	1.0278398082e+11
42	78775923324.2
43	1.55984662218e+11
44	1.90351121029e+11
45	5.76993550854e+11
46	9.5627127247e+11
47	1.31909676758e+11
48	3.80636492146e+11
49	51513422478.9
50	5.01159006975e+11
51	1.47825496043e+12
52	1.43079891024e+11
53	1.24692144954e+11
54	6.52695933427e+11
