0	2.97703400511e+11
1	6.51637103192e+11
2	7.28078756162e+11
3	1.41068023028e+11
4	42693528387.3
5	31352131179.6
6	90187340601.5
7	41728970180.7
8	1.18108434625e+11
9	57169313034.8
10	34620092400.4
11	5.13921792279e+11
12	70582950342.4
13	1.83236845623e+11
14	1.06221685551e+11
15	6.63918116557e+11
16	95184348660.6
17	2.96716086237e+11
18	22544670005.2
19	37716413588.7
20	25106786687.0
21	4.14635433451e+11
22	4.52395796642e+11
23	92653551584.0
24	3.97946097032e+11
25	1.56457354898e+11
26	17531723048.0
27	91503893965.4
28	1.34532068511e+11
29	6.04480890399e+11
30	1.14503391021e+11
31	84275048264.9
32	7.63963259191e+11
33	33705409842.6
34	7.91954896229e+11
35	1.58724926756e+11
36	60558924167.8
37	3.71950269379e+11
38	59798765651.7
39	1.60339701645e+11
40	4.91551091438e+11
41	2.67876245746e+11
