0	5.27016049552e+11
1	3.53394523927e+11
2	64111522786.8
3	1.39176738113e+12
4	2.77693688288e+12
5	1.84575870337e+11
6	4.34766737512e+11
7	7.2022451375e+11
8	1.49218675144e+12
9	2.90434887851e+11
10	2.88260059605e+11
11	6.87432212235e+11
12	7.01545224736e+11
13	69146714747.2
14	5.27113768646e+11
15	6.40152153909e+11
16	2.01356987064e+11
17	1.22183789808e+12
18	6.1302124688e+11
19	4.84286664738e+11
20	1.16916579356e+12
21	7.75815082594e+11
22	1.84296271232e+12
23	3.75731738198e+12
24	8.02056519566e+12
25	1.48624846458e+12
26	3.24265633198e+12
27	7.76172416441e+11
28	7.270500793e+11
29	2.13110357241e+12
30	1.6982422945e+11
31	4.16206883394e+11
32	5.00423985594e+11
33	1.10177784106e+12
34	1.34552194827e+12
35	2.08181950537e+12
36	3.87947067925e+11
37	1.26624774299e+11
38	2.86776408172e+11
39	1.30050627942e+12
40	1.00080272336e+13
41	5.22085351661e+11
42	1.21328861106e+11
43	5.71309762087e+12
44	4.10899477534e+11
45	1.48232856935e+12
46	8.69178664329e+11
47	9.95444670437e+11
48	9.31957242427e+11
49	1.24381221183e+12
50	1.86503778429e+12
51	1.06759364379e+12
52	7.21925017933e+12
53	1.79271608064e+12
54	2.07822287757e+12
55	9.68724714696e+11
56	2.66696989453e+11
57	1.28827590663e+11
58	3.90232262124e+12
59	5.44927367571e+11
60	5.3579225357e+11
61	2.11112397222e+12
62	1.42892784245e+11
