0	5.33461417998e+11
1	2.02708834468e+12
2	6.73023844687e+12
3	1.67116779965e+12
4	1.79062310799e+12
5	2.41357633257e+12
6	3.46847262604e+11
7	6.96187075869e+11
8	3.82484189319e+11
9	5.59258057477e+11
10	1.36938883963e+12
11	1.52185859077e+11
12	1.69006679063e+12
13	3.95524225642e+12
14	4.43302297677e+11
15	2.90233026592e+12
16	3.9477177784e+12
17	8.8479392434e+11
18	7.41568525474e+11
19	4.76118089852e+12
20	4.68739221582e+11
21	5.15377613106e+11
22	2.04768701984e+12
23	2.47170152832e+11
24	3.32688154616e+11
25	1.75463637257e+12
26	1.16039550692e+12
27	3.7756071712e+11
28	8.88347492083e+11
29	95210336347.5
