0	6.42478989544e+11
1	5.96342477818e+11
2	1.3932230725e+12
3	4.16902220872e+11
4	71880201629.9
5	3.8939535314e+11
6	5.34773871591e+11
7	5.45142884522e+11
8	3.34908751122e+11
9	2.74375986703e+11
10	3.14428452741e+11
11	3.55848554791e+12
12	1.01376589931e+13
13	78152231772.6
14	3.03221331362e+11
15	1.7305017065e+11
16	2.1922157183e+12
17	3.42489835106e+11
18	7.03937971782e+11
19	6.31250402614e+11
20	5.01642582572e+11
21	1.18319828075e+11
22	2.09993277219e+11
23	1.35271401083e+12
24	3.6413232856e+11
