0	3.11870301265e+12
1	9.588876639e+11
2	1.4168329623e+12
3	6.13868869897e+12
4	9.44027324242e+11
5	2.724656007e+12
6	1.75135842948e+13
7	6.85632753e+12
8	5.85647527324e+11
9	3.32949577326e+12
10	5.27390615704e+11
11	7.19579672833e+11
12	3.11088465875e+11
13	7.12706802069e+11
14	82845341064.9
15	5.05655546429e+11
16	2.48147805883e+11
17	3.89993069125e+12
18	1.15968638584e+12
19	1.46854719499e+12
20	3.39753234386e+11
21	3.40283433056e+12
22	2.25966375759e+12
23	4.65375674758e+11
24	3.86974855337e+12
25	3.03618585751e+12
26	5.62759663145e+12
27	8.78882229796e+11
28	3.67885925614e+11
29	1.2861101093e+12
30	1.27238039554e+12
31	2.35343669771e+12
32	1.40768592935e+12
33	2.43506831997e+12
34	4.00231786366e+11
35	6.85539134799e+11
36	3.22149836801e+12
37	3.08098846734e+12
38	1.16047885894e+12
39	1.4740960744e+12
40	4.44566830588e+12
41	1.15833185682e+12
42	9.54925190605e+11
43	3.63683935909e+11
44	7.98455880946e+11
45	1.48574585466e+12
46	3.95322044092e+11
47	2.75055252549e+11
48	8.10353552456e+11
49	1.17960019958e+12
50	2.29299885608e+12
51	5.30301988856e+11
52	1.09666354982e+12
53	1.20387172179e+12
54	4.05238680532e+12
55	2.67299185096e+11
56	4.58673039503e+11
57	1.03599104158e+11
58	4.00264427676e+12
59	4.09833770294e+11
60	9.59892659237e+11
61	1.30714400678e+12
62	7.53428987409e+12
63	3.44958425512e+11
64	2.20670722936e+11
65	1.23078912923e+12
66	7.21851641313e+11
67	4.8656592547e+11
68	5.63787393654e+12
69	3.23957676871e+12
70	1.09605113913e+12
71	1.28751689813e+12
72	4.52610587939e+11
73	1.316874752e+11
74	1.06722464981e+12
75	4.70677152811e+11
76	1.33865256168e+12
77	4.04597901704e+11
78	5.37722512215e+12
79	1.27875312949e+12
80	6.3465443435e+11
81	4.24791269984e+11
82	2.94461255321e+12
83	1.23271590428e+12
84	6.73574440353e+11
85	3.8484278739e+11
86	2.70816560887e+12
87	2.75286324857e+12
88	1.17140161131e+12
89	3.4544561527e+11
90	2.07082238076e+12
91	7.91488189892e+11
92	1.16561152141e+12
93	4.19606689739e+11
94	5.35250714824e+12
95	7.04341624296e+11
96	1.62330209733e+12
97	1.51064583479e+12
98	1.52035664405e+11
99	7.43347452022e+11
100	5.81945458668e+12
101	7.43491137886e+11
102	5.75488334179e+11
103	1.67295381098e+12
104	1.21596007149e+12
105	2.30147077175e+12
106	3.55968346509e+12
107	3.40019207204e+11
108	1.51173753969e+11
109	2.54401100135e+11
110	1.27217938196e+12
111	5.81745486841e+11
112	1.22126159475e+12
113	1.6059330688e+12
114	1.43612723255e+12
115	3.29425735096e+11
116	7.67117957702e+11
117	9.42278604845e+11
118	2.36044990793e+12
119	5.76693530104e+12
120	2.48818605382e+12
121	4.63890396788e+12
122	1.08928852881e+12
123	6.02667670657e+11
124	2.42231952025e+12
125	1.19258873301e+12
126	2.56347978636e+11
127	5.5681402594e+12
128	1.13030277872e+12
129	4.85730984672e+11
130	3.27594629854e+11
131	4.80956096596e+12
132	8.36832429502e+11
133	1.74610017341e+12
134	3.34274646475e+12
135	1.13546630178e+12
136	3.29080604393e+12
137	5.90804711643e+12
138	5.73173728017e+12
139	2.5428164527e+12
140	5.8982903098e+11
141	3.87136265051e+11
142	2.36892083441e+12
143	2.88614255577e+11
144	5.2438304292e+11
145	4.52284209378e+11
146	4.01114182433e+11
147	1.07671650394e+12
148	5.80833832971e+11
149	6.58514901893e+11
150	9.07282518411e+11
151	6.12353586208e+12
152	4.52999234793e+12
153	1.14246860127e+12
154	8.95348022301e+11
155	7.47218777485e+11
156	1.01134281409e+12
157	4.22139368505e+12
158	1.44174437201e+11
159	3.99776038057e+12
160	4.68795148412e+12
161	5.26568062956e+11
162	5.83408760384e+12
163	4.29393925537e+11
164	4.70641196897e+11
165	3.07171778574e+12
166	7.20690215292e+11
167	7.77438574444e+11
168	3.92052270706e+12
169	9.51961922487e+11
170	6.05766488945e+11
171	7.66636058309e+11
172	7.29965769648e+11
173	1.41516275118e+12
174	6.02796063782e+11
