0	3.35386289303e+11
1	52655030277.1
2	1.19529111101e+12
3	2.51873484779e+11
4	5.18114913566e+11
5	3.78182046106e+11
6	7.1365385702e+11
7	1.29951178417e+11
8	1.67562681779e+12
9	1.1495085197e+11
10	4.17366583455e+11
11	9.33640911124e+11
12	2.61445935036e+11
13	1.12689876508e+12
14	6.21016058395e+11
15	1.52169138388e+11
16	2.62377682658e+11
17	3.09808347087e+11
18	1.44879266968e+12
19	4.29508185201e+11
20	9.64013172613e+11
21	6.33106928113e+11
22	1.06120400222e+12
23	1.53249792677e+11
24	1.57667235478e+12
25	1.33128484574e+12
26	5.53751566509e+11
27	4.09894525298e+11
