0	1.23884382254e+12
1	88828896090.8
2	4.71646852499e+11
3	3.27704812684e+12
4	2.09802232749e+12
5	1.35879426912e+12
6	2.34738742714e+11
7	3.73553135173e+11
8	1.70630284787e+12
9	7.31385059388e+11
10	6.22358387804e+11
11	1.43231210268e+12
12	1.80965285022e+12
13	5.62226946827e+12
14	1.04601853442e+12
15	3.69723622159e+11
16	3.50422153895e+12
17	8.36104659514e+11
18	2.8597367125e+12
19	4.43333898882e+11
20	4.24099990168e+11
21	1.97992653149e+11
22	1.05406971017e+12
23	6.58909844507e+11
24	4.37210949249e+11
25	4.2213413846e+11
26	2.98985013971e+11
27	8.1599253951e+11
28	1.40149432401e+13
29	2.10837632099e+12
30	1.04040886823e+12
31	3.72041474109e+12
32	2.63968199629e+12
33	9.66790388934e+11
34	6.00658787333e+11
35	5.83225504361e+11
36	3.21539974354e+12
37	2.32209971193e+12
38	6.13724151615e+11
39	2.4919626318e+12
40	1.60354028617e+12
41	3.58338718957e+12
42	3.69538437256e+11
43	3.5101378422e+11
44	3.41169865737e+11
45	7.92585172965e+11
46	6.28746319306e+11
47	2.11990342983e+12
48	1.33860394826e+12
49	5.25241064984e+11
50	1.0437193638e+12
51	9.86835756061e+11
52	1.40226658412e+12
53	8.15249943918e+12
