0	1.16814165004e+12
1	41028888534.5
2	2.02930198757e+11
3	1.97667656383e+11
4	67363403338.5
5	1.59042599733e+11
6	27801347139.4
7	48724288083.2
8	2.28204728036e+11
9	8.0296692632e+11
10	3.87002448425e+11
11	4.72930014097e+11
12	31408622625.8
13	1.39180874632e+11
14	1.14774288952e+12
15	20515462789.9
16	1.61206997374e+11
17	3.50306013752e+11
18	3.81128772148e+11
19	1.57842483038e+11
20	3.62870792383e+11
21	1.38144236355e+11
22	2.6005374474e+11
23	1.69307374128e+11
24	1.74715858035e+11
25	6.63257380221e+11
26	1.96968836869e+11
27	1.0736350836e+11
28	9.28997002328e+11
29	13331544895.8
30	1.48294881967e+11
31	54558957172.7
32	88509952011.0
33	2.33873328133e+11
34	58317260218.7
35	2.49042988679e+11
36	67316609612.8
37	3.41562652126e+11
38	4.35879353889e+11
