0	8.19419544654e+11
1	63354869341.9
2	2.80384824841e+11
3	6.99262828316e+11
4	78020024587.8
5	5.97605777269e+11
6	1.18875436555e+11
7	70224817592.1
8	83360059233.8
9	4.73414703835e+11
10	67356664698.7
11	88354395930.0
12	1.43907611395e+11
13	4.88451672314e+11
14	21322841517.4
15	2.15455470334e+11
16	66906569147.3
17	7.5302401064e+11
18	6.83809700124e+11
19	1.69606022671e+11
20	1.40092475301e+11
21	3.24457586723e+11
22	1.70442853969e+11
23	63078538381.0
24	79773619422.9
25	85578186194.0
26	64019924005.7
27	2.34255284208e+11
28	2.14349971372e+11
29	2.74316015935e+11
30	2.44456067079e+11
31	1.17136579523e+11
32	1.336601671e+11
33	97766436609.8
34	29137084901.0
35	1.05647869846e+11
36	1.1667028836e+11
37	4.63614703977e+11
38	58727087632.4
39	5.81614058061e+11
40	3.99950043634e+11
41	40523012823.8
42	44121116264.5
43	28715217159.3
44	49137556406.8
45	93284773585.2
46	4.6164267717e+11
47	1.02221825506e+11
48	1.44674115945e+11
49	1.21864992631e+11
50	49745870536.7
51	1.683294351e+11
52	78117879738.2
53	68865400074.0
54	1.32068531255e+11
55	1.92726313469e+11
56	26175741637.5
57	2.65071844371e+11
58	1.03557313236e+11
59	2.56035289011e+11
60	3.68226180801e+11
61	1.24478032537e+11
62	2.42255407574e+11
63	76655886518.3
64	70471337437.1
65	2.49972391955e+11
66	1.01103517159e+11
67	3.81245568535e+11
68	20169668936.7
69	65086323129.1
70	1.33108146529e+12
71	27379794160.4
72	6.00265611858e+11
73	50153938279.2
74	4.18178803187e+11
75	1.11883802824e+11
76	1.93473915094e+11
77	2.57095210275e+11
78	2.2007268502e+11
79	1.47188469128e+11
80	2.84578914399e+11
81	2.33398463144e+11
82	3.28795628776e+11
83	1.09615333774e+11
84	3.82749697323e+11
85	52487330148.4
86	2.36430651762e+11
87	2.09060585443e+11
88	1.59678733886e+11
89	7.41312868478e+11
90	24209158034.3
91	1.33757296945e+11
