0	5.17091556327e+11
1	6.26080239716e+11
2	5.88969753259e+12
3	2.55980653576e+11
4	2.70896488427e+12
5	1.51439449872e+12
6	8.31461757785e+11
7	6.21476362844e+11
8	1.73903093176e+11
9	3.67456664969e+11
10	2.3268604904e+11
11	4.12566853056e+12
12	1.42385809382e+12
13	1.58922731696e+12
14	1.15489646214e+12
15	4.1234748133e+11
16	1.68620208438e+12
17	3.02353301259e+11
18	4.10811856453e+11
19	7.62687480839e+11
20	4.63377382373e+11
21	2.72862181286e+11
22	3.68995706644e+11
23	7.42385034185e+11
24	2.12205170007e+11
25	8.49138421002e+11
26	4.31612251274e+11
27	9.02033566713e+11
28	3.16342293832e+11
29	1.4348089903e+12
30	6.45065838132e+11
31	3.73213099956e+11
32	2.3557550238e+12
33	1.43631890016e+12
34	1.96342954106e+11
35	4.38811030403e+11
36	2.35306839088e+12
37	1.56691905099e+12
38	6.9655044762e+11
39	1.84625460039e+12
40	6.32423269536e+11
41	9.82368459112e+11
42	1.24170482636e+12
43	2.74850434211e+12
44	7.84630385914e+11
