0	2.18374619054e+11
1	3.69034460546e+11
2	1.00269670187e+12
3	2.85364277068e+11
4	2.46991199682e+11
5	1.13405562129e+11
6	1.91233799984e+11
7	4.92043825478e+11
8	1.18655249298e+12
9	2.03905173302e+11
10	4.58771985459e+11
11	2.1593516084e+11
12	3.09594784837e+11
13	1.72497827814e+12
14	8.71682607231e+11
15	1.79657329242e+11
16	6.88198287282e+11
17	3.93573915503e+11
18	2.78091666811e+11
19	1.65348472539e+12
20	2.79190702353e+11
21	60254395356.2
22	1.44699245268e+11
23	7.75904657586e+11
24	57187806860.2
25	3.07993898863e+12
26	95093891980.7
27	7.46981663945e+11
28	8.18784801719e+11
29	1.70719477843e+12
30	1.35453384258e+12
31	62919847533.8
32	7.42600786817e+11
33	5.54885896671e+11
34	1.09677528982e+12
35	1.01855928616e+11
36	2.27996649369e+11
37	5.60142440474e+11
38	5.20755264094e+12
39	27754869110.7
40	7.08641744138e+11
41	1.07259001481e+12
42	3.67957952636e+11
43	79816138055.4
44	1.24448513589e+12
45	4.41570224035e+11
46	3.44988431605e+11
47	7.01744352285e+11
48	5.81859616748e+11
49	5.79320637022e+11
50	8.72991424651e+11
51	9.41098184143e+11
52	2.03832089393e+11
53	1.52434864818e+11
54	1.06534865894e+12
55	2.03110023488e+11
56	1.52760325511e+11
57	2.69096745595e+12
58	1.16129532629e+11
59	4.55166144264e+11
60	6.76752130281e+12
61	2.59003238992e+12
62	7.278613475e+11
63	5.66033007834e+11
64	7.25898197198e+11
65	4.58787426687e+11
66	8.48227482193e+11
67	3.73956584258e+11
68	3.29309658925e+11
69	6.53838808289e+11
70	4.78392353552e+11
71	31985381009.7
72	3.91913170288e+11
73	1.92460546959e+11
74	56157973232.1
75	1.78800966308e+11
