0	1.90307429793e+12
1	3.8706154446e+12
2	1.61444622003e+13
3	2.78690892777e+12
4	1.21442434197e+12
5	2.10387979432e+12
6	3.07568154553e+12
7	1.35758554377e+12
8	4.37214089923e+12
9	6.48180518333e+11
10	3.10132956293e+11
11	4.38630844851e+12
12	1.64411470615e+12
13	1.19910560108e+12
14	1.14725914238e+12
15	1.13353394454e+12
16	1.46729507929e+13
17	4.31561015302e+11
18	8.61733744709e+11
19	2.02262679724e+12
20	4.87895602552e+11
21	3.62696990155e+11
22	4.17147712831e+12
23	1.79122082619e+12
24	1.47463162581e+12
25	5.92047819255e+12
26	3.51252749681e+12
27	3.01801261024e+11
28	6.0089414801e+12
29	7.14238377142e+11
30	1.34727853747e+12
31	6.44806291583e+12
32	9.95467352293e+12
33	3.76005054527e+12
34	1.81217888055e+12
35	1.51654629439e+12
36	2.15485906286e+12
37	3.8241596274e+12
38	2.52584284378e+13
39	8.40617497736e+11
40	1.30915320124e+13
41	4.66724598493e+12
42	1.47425421779e+12
43	7.24446803837e+12
44	2.55631207987e+12
45	2.36016929719e+12
46	1.23814676878e+12
