0	4.12230518948e+11
1	8.44105941418e+11
2	9.54373062851e+11
3	4.05129775255e+11
4	7.21123564782e+11
5	2.25744941024e+11
6	1.53210337581e+11
7	1.24720539856e+12
8	2.72127265518e+11
9	99912829474.1
10	1.09173403792e+12
11	1.75224735772e+12
12	1.54423977589e+11
13	6.7856991842e+11
14	1.02209547902e+12
15	6.76669810888e+11
16	2.64994375819e+11
17	1.42649957261e+11
18	4.87536338882e+11
19	9.61834040654e+11
20	4.38762852237e+11
21	1.39186820803e+11
22	1.69417839621e+12
23	2.91515778764e+11
24	2.02132928376e+12
25	2.04949235905e+12
26	2.18709932747e+11
27	3.07577388842e+11
28	1.0149713168e+12
29	6.58561186516e+11
30	2.10268349909e+11
31	7.09718626104e+11
32	4.32229751789e+11
33	4.33177157214e+11
34	4.67382277884e+11
35	3.02356550724e+12
36	6.47713221269e+11
37	4.49581728448e+11
38	2.03620557271e+11
39	8.47464432103e+11
40	2.93459109861e+11
41	1.14505069061e+11
42	3.29038592041e+12
43	4.68746624425e+11
44	9.62314625692e+11
45	2.36413362052e+12
46	2.07854682608e+12
47	1.3685206375e+11
48	3.01572971761e+11
49	53220750514.5
50	9.09707908331e+11
51	2.54753854046e+12
52	1.41201255845e+11
53	36844693336.8
54	3.98259380015e+11
55	5.63777379415e+11
56	5.44213092677e+11
57	73453481778.6
58	2.93454979718e+11
59	4.08341820328e+11
60	1.75584238249e+11
61	74418940311.7
62	9.97760746682e+11
63	1.90263942421e+11
64	2.0881866774e+11
65	6.96505042773e+11
66	1.45196452864e+12
67	2.18074759371e+12
68	9.89199795733e+11
69	3.48036328844e+11
70	4.40107478043e+11
71	82554709259.1
72	1.00938968504e+12
73	2.85538770321e+11
74	2.122643662e+11
75	4.38755145851e+11
76	7.9376260635e+11
77	6.81346167649e+11
78	3.23478498596e+11
79	1.44961047213e+12
80	3.63820877009e+11
