0	6.83207747674e+11
1	7.15934216517e+11
2	4.26307251242e+11
3	1.74714949332e+11
4	63522584994.4
5	3.78433375962e+11
6	1.34704035659e+11
7	7.90441008353e+11
8	2.54445613598e+11
9	5.63310311184e+11
10	6.64685223016e+11
11	8.05912516669e+11
12	1.6734169083e+12
13	2.86713766138e+11
14	4.92635142819e+11
15	7.43388812271e+11
16	2.99152991348e+11
17	6.49167780386e+11
18	9.71521755098e+11
19	7.18620750147e+11
20	4.03456216913e+11
21	2.28594423666e+12
22	4.04893501984e+11
23	91846272629.0
24	2.87828586393e+11
25	4.99813254815e+11
26	2.13008071452e+11
27	2.57323052755e+12
28	4.3290627853e+11
29	9.30096302886e+11
30	2.61585680995e+11
31	3.06657165476e+11
32	3.22841494703e+12
33	1.16271312145e+12
34	1.68898299055e+11
35	2.73416941362e+11
36	98934710235.6
37	1.63750187163e+12
38	1.03917444996e+11
39	3.90079475744e+11
40	4.2942654091e+11
41	7.14059684559e+11
42	1.54256388596e+11
43	2.21640556556e+11
44	4.74908125033e+11
45	1.48785829996e+12
46	2.81954143348e+12
47	1.15524266816e+11
48	8.49808875506e+11
49	1.95176479465e+11
50	3.50765008308e+11
