0	1.15766115149e+12
1	4.21713981822e+11
2	5.82182073966e+11
3	2.39628828272e+11
4	5.04314567403e+11
5	5.26376783083e+11
6	3.59790530514e+11
7	9.41088709806e+11
8	1.32968954555e+12
9	3.58846487702e+11
10	1.30994720892e+12
11	4.67234929823e+11
12	1.49090679619e+11
13	3.69791519388e+11
14	8.06583391363e+11
15	2.07390566644e+12
16	3.32446797613e+11
17	8.04055365099e+11
18	1.13796461561e+12
19	5.31684239263e+11
20	5.30362404733e+11
21	1.46741984868e+11
22	2.65512190409e+11
23	2.64457304839e+11
24	6.75347686736e+11
25	1.23778149205e+12
26	8.29000099883e+11
27	4.82727791878e+11
28	2.10610600065e+11
29	60133649594.2
30	7.88184660137e+11
31	4.42257483366e+11
32	2.79588627719e+11
33	3.93616759605e+11
34	9.01124131396e+11
35	6.23684825984e+11
36	6.41910953104e+11
37	6.24177026417e+11
38	2.47972842022e+12
39	3.60699312852e+11
40	1.31069087124e+11
41	3.65565595594e+11
42	1.34743182817e+12
43	2.73668778489e+12
44	4.21035327974e+11
45	3.9705464325e+12
46	9.97747404195e+11
