0	84999852845.8
1	1.33734398113e+11
2	2.8213290441e+11
3	1.20677925754e+11
4	1.6993666714e+11
5	35335568966.0
6	26694610745.7
7	3.31808746523e+11
8	4.7513033464e+11
9	16711491133.4
10	61511588864.3
11	1.34202860427e+11
12	1.79189297488e+11
13	1.86551270889e+11
14	18875429250.8
15	70614459820.3
16	5.25107548997e+11
17	3.19588993434e+11
18	43653603447.5
19	1.59291943092e+11
20	3.45916678036e+11
21	6.45727530472e+11
22	1.02014169329e+11
23	3.73257248479e+11
24	1.21814289079e+11
25	90521362163.2
26	1.8821457869e+11
27	31964717524.8
28	1.10159546956e+11
29	2.00546045005e+11
30	2.72669019609e+11
31	4.89716975045e+11
32	9.25720885525e+11
33	49849359583.5
34	1.17144643702e+11
35	58366201589.5
36	1.59753448772e+11
37	67679720325.2
38	64212707295.8
39	42267659117.2
40	2.18086023955e+11
41	28642058646.7
42	2.66355622153e+11
43	74906421589.3
44	5.21204191249e+11
