0	6.38733913479e+11
1	2.34459972177e+11
2	1.7848087555e+12
3	3.73122224049e+12
4	8.25766042062e+11
5	2.46974659125e+11
6	4.75648528033e+11
7	3.50446037178e+11
8	7.62835540922e+11
9	2.48448882539e+11
10	7.31427865733e+11
11	4.39991581528e+11
12	3.95386923281e+11
13	1.27837065933e+11
14	1.45614850608e+11
15	3.92328329537e+11
16	4.04275205537e+12
17	59742640151.3
18	1.63169084702e+12
19	6.74278773633e+11
20	5.50477936302e+11
21	1.22220166297e+11
22	3.86560310651e+11
23	2.95371264631e+11
24	63490214482.2
25	4.90040044668e+11
26	95002793840.1
27	2.99078216399e+11
28	2.23845007604e+11
29	1.75615771589e+12
30	6.93300511765e+11
31	7.91799938397e+11
