0	2.45892686595e+11
1	1.30035651858e+11
2	6.2031611911e+12
3	2.16879200129e+11
4	3.94898256588e+11
5	6.48380567251e+11
6	1.53004289496e+11
7	2.95801297232e+11
8	1.61356685586e+12
9	70447718851.4
10	1.97952207241e+11
11	4.13587490647e+11
12	19368273423.5
13	2.43533893954e+11
14	1.49912280459e+11
15	1.24658337317e+11
16	1.00858932168e+12
17	2.83684975013e+11
18	1.09883409261e+12
19	3.61691135594e+11
20	6.66639634918e+11
21	1.24577304033e+12
22	4.83248801589e+12
23	5.79200980668e+11
24	2.96962297299e+11
