0	55652732124.3
1	1.1535158317e+11
2	1.31951209179e+11
3	3.84759273088e+11
4	2.51015714253e+11
5	3.15849923865e+11
6	3.39907185217e+11
7	2.83186607565e+11
8	31964385301.5
9	4.95768078715e+11
10	8.78970901751e+11
11	7.43546760878e+11
12	1.73457831343e+11
13	9.7583551569e+11
14	3.83692231866e+11
15	2.58616973173e+11
16	5.99700447501e+11
17	1.77050163806e+11
18	3.8908801469e+11
19	72641937940.4
20	1.46052029524e+11
21	60073695475.8
22	35768971120.0
23	2.00106460253e+11
24	3.24680596921e+11
25	62978709598.4
26	1.99339853616e+11
27	3.05006987269e+11
28	3.72730454786e+11
29	3.97735730237e+11
30	2.28396916519e+11
31	1.0283745652e+11
32	39783395011.3
33	65261693436.7
34	1.05725100243e+11
35	2.4038843757e+11
36	4.56062054363e+11
37	1.23065445067e+11
38	24271089135.3
39	2.1477282108e+11
40	4.87057479184e+11
41	1.70696251224e+11
42	96428620570.3
43	1.55218528031e+11
44	1.60360124188e+11
45	9.16576227618e+11
46	87801974745.7
47	1.2879495545e+11
48	2.95978661805e+11
49	1.17988141753e+11
50	2.73798140909e+11
