0	1.3266644795e+12
1	1.13776280023e+12
2	3.09649657092e+11
3	1.58343057691e+11
4	1.80638725403e+11
5	1.85005790218e+11
6	1.62570893717e+12
7	6.88020389883e+11
8	8.42844475649e+11
9	6.73143779943e+11
10	2.29123579708e+11
11	1.71927573875e+12
12	2.88846357299e+12
13	7.42453350453e+11
14	1.8155034665e+11
15	1.47471974863e+12
16	1.27481222534e+11
17	6.90674083631e+11
18	1.4638463887e+11
19	7.14872212411e+11
20	1.6719784604e+11
21	6.25863846126e+11
22	1.93678531361e+11
23	1.48845905718e+12
24	3.8846480802e+11
25	1.07845012788e+12
26	1.60377875585e+12
27	2.90140841834e+12
28	3.96666780236e+11
29	3.90303966053e+11
