0	3.10227348411e+11
1	2.02711652175e+12
2	1.23936656244e+12
3	3.47769952694e+11
4	4.69803918581e+11
5	1.34697650528e+12
6	1.27013106388e+12
7	4.06433253598e+11
8	7.69135474111e+11
9	2.17813934044e+12
10	4.5186629825e+12
11	2.74268511101e+12
12	6.63972854583e+11
13	5.57297283085e+11
14	3.07377211041e+11
15	1.38861313267e+12
16	1.09588920931e+11
17	2.52679229041e+11
18	6.89969581724e+11
19	8.17638789642e+11
20	2.56202834467e+12
21	1.01273406888e+12
22	1.18201834903e+11
23	5.42472800069e+11
24	6.90397538862e+11
25	4.51053162034e+11
26	1.38186699417e+12
27	2.34717719251e+12
28	3.21572474077e+12
29	1.21585235465e+11
30	2.55976149464e+12
31	63633586026.2
32	5.30727335116e+12
33	5.56561296602e+12
34	4.23437546226e+11
35	2.07967514913e+12
36	1.1222832326e+12
37	3.43604726241e+12
38	1.1715040316e+12
39	8.91695474377e+11
40	1.55064620654e+12
41	78266812021.8
42	6.63852278382e+11
43	8.64280404485e+11
44	1.69757763914e+12
45	3.93537763039e+11
46	1.84980699622e+11
