0	1.01819392815e+11
1	9.71013697848e+11
2	1.10314602332e+12
3	2.94578602744e+11
4	1.41968127333e+12
5	1.32622755055e+12
6	2.75076471489e+12
7	7.82615614002e+11
8	1.8750616198e+12
9	1.84227263039e+12
10	93396256500.2
11	1.10117843957e+13
12	3.06768516769e+11
13	1.04336836047e+12
14	1.80227253168e+11
15	3.44485473046e+11
16	2.25048738811e+11
17	1.24575993829e+12
18	6.17047895442e+11
19	3.78122166281e+11
20	2.2811796223e+11
21	1.19024824815e+12
22	4.59731443505e+11
23	1.75426138967e+12
24	70672353997.6
