0	2.08236898052e+12
1	7.67440996053e+11
2	1.22217287476e+11
3	1.35424382648e+12
4	2.32221951892e+12
5	2.86620369292e+12
6	9.38507178337e+11
7	2.58446529044e+12
8	2.13311258586e+11
9	2.19496844578e+11
10	1.22244499528e+12
11	2.87454892431e+11
12	79841817249.9
13	2.60538362362e+11
14	4.47998907624e+11
15	1.28210648872e+11
16	1.35486930116e+12
17	4.51189585101e+11
18	6.23477391074e+11
19	1.91768601242e+12
20	1.10741076615e+12
21	5.29996479561e+11
22	1.39842372748e+11
23	1.44013261001e+12
24	1.57466958394e+12
25	7.0769801178e+11
26	1.9018632977e+12
27	1.44382250655e+11
28	8.77695497908e+11
29	35802825955.5
30	1.18329291241e+12
31	4.82599628413e+11
32	3.72636158509e+11
33	1.89494943763e+12
34	1.54505379985e+11
35	2.31773568281e+11
36	63501504625.5
37	3.78378222567e+11
38	1.73758447575e+11
39	66627672091.1
40	99900235656.0
41	2.05695029159e+12
42	5.07028172996e+11
43	3.62250098221e+11
44	50092688052.5
45	6.42004147245e+11
