0	70613932963.8
1	1.59752754567e+11
2	1.1817938148e+11
3	2.27454456132e+11
4	91729906919.5
5	7.40987209145e+11
6	92302213527.9
7	3.2269328215e+11
8	1.92880072804e+11
9	69509374776.1
10	5.04135627144e+11
11	1.77107492409e+11
12	7.53050291449e+11
13	6.33723890015e+11
14	2.6581120079e+11
15	2.25890130319e+11
16	59704411457.6
17	1.33431390587e+11
18	1.00441313731e+12
19	5.88312381074e+11
20	48817960792.6
21	6285060461.03
22	8.83454579433e+11
23	1.57520709592e+11
24	3.83588205597e+11
25	1.70832168647e+11
26	1.65974972041e+11
27	1.42610164198e+11
28	6.4787002174e+11
29	1.65625227912e+11
30	1.13669035937e+11
31	1.66504182024e+11
32	27997022418.6
33	7.81260108378e+11
34	3.05836181334e+11
35	2.46054106319e+11
36	59221966497.2
37	2.40510573354e+11
