0	1.86393087431e+11
1	80367203853.1
2	5.0989730334e+11
3	22425956816.3
4	1.33852324213e+11
5	5.3282425498e+11
6	1.63159962757e+11
7	2.64191863958e+11
8	1.19877195124e+11
9	5.76269786881e+11
10	3.86936725318e+11
11	1.01321150958e+11
12	8.8384367687e+11
13	62758105703.0
14	2.74899348734e+11
15	1.42708468644e+11
16	1.14034480618e+12
17	53514306697.8
18	3.30170349666e+11
19	6.6727378455e+11
20	30965919377.6
21	1.68207142641e+11
22	32338882901.5
23	1.89012178515e+11
24	1.81998313606e+11
25	5.24016008879e+11
26	5.21467621763e+11
27	54794278426.7
