0	4.09963075214e+11
1	4.79583888212e+11
2	3.56728351916e+11
3	1.0591126978e+11
4	1.00555302397e+12
5	1.01648734708e+12
6	5.55406922589e+11
7	2.60288450463e+11
8	4.97056976437e+11
9	6.05887754017e+11
10	4.76278266338e+11
11	2.68850554669e+11
12	1.39378118848e+12
13	1.94213271906e+11
14	2.1952136561e+11
15	99736759290.9
16	8.37275768464e+11
17	1.01375980736e+12
18	70883152310.7
19	1.88918713042e+12
20	44170688339.1
21	2.23397657706e+11
22	1.079668708e+12
23	1.05465918599e+12
24	7.88960644824e+11
25	4.69369533599e+11
26	4.69637413687e+11
27	2.32909419374e+11
28	2.08124632979e+11
29	1.31263251608e+11
30	2.388463838e+11
31	2.17640119393e+11
32	1.29003075088e+11
33	2.7501773469e+11
34	1.30499153726e+12
35	8.14987829444e+11
36	1.02500680432e+11
37	2.44938978507e+11
38	2.87538062373e+11
39	1.82333532704e+11
40	1.79254554128e+11
41	88474016394.4
42	3.12732387615e+11
43	5.06722512334e+11
44	1.82998906169e+11
45	6.6939727014e+11
46	1.10598798909e+12
47	3.19895985538e+11
48	4.38225576902e+11
49	86185012328.3
50	84444129739.9
51	4.05989946503e+11
52	3.19177306773e+11
53	6.62788515133e+11
54	3.07342117996e+11
55	1.14964144237e+12
