0	4.24697938203e+11
1	1.84135816807e+11
2	5.37411715996e+11
3	3.37441606764e+11
4	4.5750795303e+11
5	1.7141007137e+12
6	1.37106980678e+12
7	3.06009675717e+11
8	3.1055898756e+11
9	1.12722580895e+11
10	1.65880342847e+11
11	4.60641978094e+11
12	3.06987847827e+11
13	4.26498040698e+11
14	8.01320806227e+11
15	3.01839820549e+11
16	1.99974149526e+11
17	5.17113966308e+11
18	2.85280857575e+11
19	4.80025529365e+11
20	6.53218131874e+11
21	1.54350878156e+11
22	3.53832755641e+11
23	1.26377681848e+11
24	3.14881541859e+11
25	2.49538604939e+11
26	1.5984135841e+11
27	9.72565050775e+11
28	5.13619878814e+11
29	3.84060899953e+11
30	85194520720.9
31	5.27549254055e+11
32	4.06111723747e+11
33	2.26458838228e+11
34	2.23173822095e+11
35	4.40912264355e+11
36	2.00292227031e+11
37	4.02283892911e+11
38	4.32327671794e+11
39	2.96468446517e+11
40	2.60524049026e+11
