0	1.65203671626e+11
1	4.04807372415e+11
2	1.75648630991e+11
3	42191926516.3
4	41133810882.7
5	7.50554690714e+11
6	85680440197.8
7	45786584728.9
8	17562207412.5
9	1.18397714104e+11
10	28457491529.7
11	2.41527022605e+11
12	92880151393.3
13	3.14431573397e+11
14	99503800399.6
15	18125151985.3
16	46341349074.8
17	3.0224910028e+11
18	14062221289.3
19	89383592731.0
20	89105356441.9
21	1.30661666394e+11
22	1.39847509392e+11
23	1.18732553019e+11
24	27606659824.2
25	73435747170.1
26	22623858384.2
27	42475101718.8
28	2.0444831301e+11
29	46018242830.0
30	96334157162.1
31	50794672431.0
32	5.26009744281e+11
33	1.162039744e+11
34	27148493655.2
35	86805567765.9
36	2.16229455253e+11
37	13751818205.6
38	22945653434.3
39	1.37538781772e+11
40	4.79599464126e+11
41	36187733536.4
42	90940444063.9
43	20380538040.7
44	34135456743.9
