0	4.30279926522e+11
1	3.18903794454e+11
2	1.09057788285e+12
3	2.99322712145e+11
4	5.5860787388e+11
5	7.16601603308e+11
6	1.3697250992e+12
7	1.00121848268e+12
8	1.97472917204e+11
9	1.90849336206e+12
10	3.17402984646e+11
11	2.11964354152e+11
12	9.47624504999e+11
13	4.49132303799e+12
14	6.79688281927e+11
15	1.32008418464e+12
16	1.69284185156e+11
17	2.10364815044e+11
18	1.37433890815e+12
19	3.1652596804e+11
20	1.00229543316e+12
21	1.05212124372e+12
22	4.73394039656e+11
23	1.69181633022e+12
24	4.75314884672e+12
25	1.33242953073e+12
26	6.29209369731e+11
27	1.94462723709e+12
28	1.25046779745e+11
29	2.28526029223e+12
30	1.11884563067e+11
31	1.26065132216e+12
32	2.21572115054e+12
33	2.65947025025e+12
34	2.65603722205e+11
35	2.20908626411e+12
