0	29452041664.710987
1	1551290774767.1902
2	18030697799288.46
3	90970547626.49702
4	380608728812.36237
5	14098986818.799068
6	5260405359597.293
7	205537727269.83188
8	238756571368.64398
9	13427632575.073732
10	78652432072.40486
11	4540793342354.728
12	214924282577.24377
13	26620906350.08159
14	2372217477824.138
15	16552680122519.307
16	8967010386530.059
17	377407377312.8736
18	1463113336754.0596
19	436291199917.15735
20	301406909680.4505
21	78291949698.05801
22	1698345115344.3142
23	228487485431.02048
24	507467173376.2437
25	77840953304.62321
26	59239507433.781784
