0.5 	0.5 	0.998747749863
0.5 	0.525 	0.998630351413
0.525 	0.5 	0.998630351413
0.525 	0.525 	0.998630351413
0.51875 	0.51875 	0.998630351413
Optimization terminated successfully.
         Current function value: 0.998630
         Iterations: 2
         Function evaluations: 5
0.5 	1.5 	0.997065038741
0.5 	1.575 	0.997104171558
0.525 	1.5 	0.997104171558
Optimization terminated successfully.
         Current function value: 0.997065
         Iterations: 1
         Function evaluations: 3
0.5 	2.5 	0.996047585505
0.5 	2.625 	0.995930187055
0.525 	2.5 	0.996086718322
0.475 	2.625 	0.996008452688
0.475 	2.75 	0.995343194803
0.4625 	2.875 	0.995069265086
0.4875 	2.875 	0.994717069735
0.49375 	3.0 	0.991742975659
0.45625 	3.25 	0.990060264538
0.434375 	3.5625 	0.987868826798
0.465625 	3.6875 	0.987281834546
0.4671875 	4.09375 	0.977537763168
0.4078125 	4.65625 	0.958049620412
0.36484375 	5.484375 	0.883266807545
0.39765625 	6.015625 	0.799757376536
0.379296875 	7.2421875 	0.310831963685
0.276953125 	8.6328125 	0.594544885341
0.29140625 	10.390625 	0.926939031071
0.346484375 	6.7109375 	0.562299444314
Warning: Maximum number of iterations has been exceeded.
0.5 	3.5 	0.988416686233
0.5 	3.675 	0.987281834546
0.525 	3.5 	0.988064490882
0.525 	3.675 	0.986812240745
0.5375 	3.7625 	0.986029584409
0.5125 	3.9375 	0.981255380762
0.50625 	4.15625 	0.974054942475
0.54375 	4.24375 	0.969828598263
0.565625 	4.528125 	0.95186663536
0.534375 	4.921875 	0.924551929248
0.5328125 	5.5015625 	0.855482507631
0.5921875 	5.8734375 	0.772442670423
0.63515625 	6.73203125 	0.410151052673
0.60234375 	7.70546875 	0.192142130391
0.620703125 	9.294140625 	0.868709399703
0.7046875 	8.9359375 	0.81380605776
0.66171875 	8.07734375 	0.539758941849
0.57578125 	6.36015625 	0.630116615794
0.640234375 	7.648046875 	0.315058307897
0.607421875 	8.621484375 	0.734953431948
0.62822265625 	7.20439453125 	0.142756515614
Warning: Maximum number of iterations has been exceeded.
0.5 	4.5 	0.959067073648
0.5 	4.725 	0.95053611959
0.525 	4.5 	0.958949675198
0.525 	4.725 	0.934726461611
0.5375 	4.8375 	0.926156374736
0.5125 	5.0625 	0.906002974094
0.50625 	5.34375 	0.884205995148
0.54375 	5.45625 	0.849182124129
0.565625 	5.821875 	0.771112154653
0.534375 	6.328125 	0.61739845034
0.5328125 	7.0734375 	0.284417312358
0.5921875 	7.5515625 	0.193550911795
0.63515625 	8.65546875 	0.696994599671
0.559375 	8.803125 	0.767433669876
0.5609375 	8.0578125 	0.502895828442
0.5640625 	6.5671875 	0.546411520701
0.56171875 	7.68515625 	0.223487516631
0.62109375 	8.16328125 	0.497417234093
0.5548828125 	7.3458984375 	0.0733740314628
0.5853515625 	7.2123046875 	0.149956953902
Warning: Maximum number of iterations has been exceeded.
0.5 	5.5 	0.842646943727
0.5 	5.775 	0.818267198873
0.525 	5.5 	0.860608906629
0.475 	5.775 	0.795491899507
0.45 	5.9125 	0.806253424121
0.475 	6.05 	0.752015340064
0.4625 	6.325 	0.676880331846
0.4375 	6.325 	0.689989825468
0.425 	6.875 	0.461610706739
0.4 	7.425 	0.142012992095
0.425 	7.425 	0.157235657823
0.3625 	8.525 	0.645926273773
0.3875 	7.975 	0.322767472803
0.4375 	6.875 	0.463449949127
0.4 	7.7 	0.0809657979181
0.375 	7.7 	0.106323863192
0.375 	7.975 	0.270133834233
0.39375 	7.5625 	0.0486812240745
Warning: Maximum number of iterations has been exceeded.
0.5 	6.5 	0.5804570713
0.5 	6.825 	0.462628159975
0.525 	6.5 	0.568756359083
0.525 	6.825 	0.466776238554
0.5 	7.15 	0.292830867966
0.4875 	7.475 	0.0442983485951
0.4625 	7.475 	0.0394458793144
0.43125 	7.8 	0.208930108789
0.45 	8.125 	0.476755106833
0.4875 	7.15 	0.312319010722
0.4625 	7.8 	0.211317210613
0.46875 	7.6375 	0.138334507318
0.48125 	7.3125 	0.182202394928
0.471875 	7.55625 	0.0715739218909
0.478125 	7.39375 	0.0959536667449
0.4734375 	7.515625 	0.0306801283556
0.4484375 	7.515625 	0.0819832511544
0.477734375 	7.48515625 	0.0956014713939
0.46796875 	7.4953125 	0.105580339673
0.48046875 	7.4953125 	0.0590122877045
0.4859375 	7.515625 	0.0966971902638
0.4814453125 	7.510546875 	0.0600297409408
Warning: Maximum number of iterations has been exceeded.
0.5 	7.5 	0.0644908820537
0.5 	7.875 	0.357869609454
0.525 	7.5 	0.120255145965
0.525 	7.125 	0.322102214917
0.51875 	7.3125 	0.150426547703
0.50625 	7.6875 	0.223096188464
0.515625 	7.40625 	0.0602254050247
0.490625 	7.40625 	0.0456679971824
0.4734375 	7.359375 	0.178915238319
0.50625 	7.3125 	0.109532754168
0.5015625 	7.453125 	0.0816701886202
0.503125 	7.40625 	0.109102293183
0.4953125 	7.453125 	0.0703216717539
0.4828125 	7.453125 	0.0534162949049
0.478125 	7.40625 	0.0584252954528
0.482421875 	7.41796875 	0.0648430774047
0.48671875 	7.4296875 	0.0509509274478
0.49296875 	7.4296875 	0.0709869296392
0.484375 	7.40625 	0.107850043046
0.4908203125 	7.423828125 	0.116341864287
0.488671875 	7.41796875 	0.0723957110433
0.491796875 	7.41796875 	0.103701964467
0.4875 	7.40625 	0.156022540502
0.49072265625 	7.4150390625 	0.0875401111372
0.48857421875 	7.4091796875 	0.110667605854
0.490185546875 	7.41357421875 	0.0637082257181
Warning: Maximum number of iterations has been exceeded.
0.5 	8.5 	0.679423964937
0.5 	8.925 	0.760507161305
0.525 	8.5 	0.673867104954
0.525 	8.075 	0.456171245206
0.5375 	7.65 	0.191320341238
0.5625 	7.65 	0.172849651718
0.59375 	7.225 	0.172027862566
0.60625 	6.375 	0.596579791813
0.5859375 	6.90625 	0.327854738984
0.5453125 	7.96875 	0.509978868279
0.57578125 	7.171875 	0.204468967676
0.55546875 	7.703125 	0.287469672067
0.570703125 	7.3046875 	0.110080613603
0.626953125 	6.8796875 	0.371722626595
0.55986328125 	7.457421875 	0.0522814432183
0.53681640625 	7.537109375 	0.138999765203
0.551049804687 	7.45908203125 	0.0540424199734
0.540209960937 	7.61181640625 	0.180676215074
0.563079833984 	7.38146972656 	0.112076387258
0.555456542969 	7.45825195312 	0.0495030132269
0.565283203125 	7.3810546875 	0.0808875322846
0.550036621094 	7.53461914062 	0.0731392345621
0.553848266602 	7.49622802734 	0.102527979964
0.557659912109 	7.45783691406 	0.101549659544
0.560369873047 	7.41965332031 	0.0575643734836
Warning: Maximum number of iterations has been exceeded.
0.5 	9.5 	0.865265711826
0.5 	9.975 	0.922477889959
0.525 	9.5 	0.899898254676
0.525 	9.025 	0.810949362135
0.5375 	8.55 	0.693198716444
0.5125 	8.55 	0.665023088362
0.50625 	8.075 	0.422986616577
0.54375 	7.125 	0.163496908507
0.565625 	5.9375 	0.763950849182
0.5125 	6.65 	0.543789621977
0.51875 	7.125 	0.286765281365
0.55625 	6.175 	0.699381701495
0.51875 	7.6 	0.137473585349
0.54375 	7.6 	0.140173749707
0.51875 	8.075 	0.47824215387
0.5375 	7.3625 	0.0822963136887
0.5125 	7.3625 	0.115050481334
0.53125 	7.125 	0.32304140252
0.521875 	7.48125 	0.0633560303671
Warning: Maximum number of iterations has been exceeded.
1.5 	0.5 	0.996986773108
1.5 	0.525 	0.997025905925
1.575 	0.5 	0.996986773108
Optimization terminated successfully.
         Current function value: 0.996987
         Iterations: 1
         Function evaluations: 3
1.5 	1.5 	0.996125851139
1.5 	1.575 	0.996008452688
1.575 	1.5 	0.996008452688
1.575 	1.575 	0.993386553964
1.6125 	1.6125 	0.992525631995
1.5375 	1.6875 	0.995108397902
1.65 	1.725 	0.992016905377
1.725 	1.8 	0.991508178759
1.8 	1.725 	0.991782108476
1.9125 	1.9125 	0.988925412851
2.0625 	2.0625 	0.987320967363
1.9875 	2.1375 	0.987007904829
2.08125 	2.34375 	0.981255380762
2.41875 	2.60625 	0.959106206465
2.765625 	3.009375 	0.885888706269
2.784375 	3.290625 	0.849182124129
3.1453125 	3.9046875 	0.561595053612
3.8296875 	4.5703125 	0.38260154966
4.70390625 	5.68359375 	0.905572513109
Warning: Maximum number of iterations has been exceeded.
1.5 	2.5 	0.988416686233
1.5 	2.625 	0.987281834546
1.575 	2.5 	0.987555764264
1.575 	2.625 	0.985246928074
1.6125 	2.6875 	0.985246928074
1.5 	2.75 	0.985912185959
1.575 	2.75 	0.983603349769
1.6125 	2.8125 	0.981255380762
1.6875 	2.6875 	0.981568443297
1.725 	2.875 	0.976011583314
1.8 	3.0 	0.967050168271
1.725 	3.125 	0.962002034906
1.74375 	3.34375 	0.958284417312
1.93125 	3.53125 	0.9251389215
2.090625 	3.890625 	0.8794317915
2.034375 	4.234375 	0.812866870157
2.1515625 	4.8515625 	0.616694059638
2.4984375 	5.3984375 	0.0527901698364
2.87578125 	6.42578125 	0.689363700399
Warning: Maximum number of iterations has been exceeded.
1.5 	3.5 	0.959067073648
1.5 	3.675 	0.954018940283
1.575 	3.5 	0.958910542381
1.575 	3.675 	0.944548798623
1.6125 	3.7625 	0.934726461611
1.5375 	3.9375 	0.918173280113
1.51875 	4.15625 	0.911051107459
1.63125 	4.24375 	0.883892932613
1.696875 	4.528125 	0.843429600063
1.603125 	4.921875 	0.765007435235
1.5984375 	5.5015625 	0.561516787978
1.7765625 	5.8734375 	0.233427252094
1.90546875 	6.73203125 	0.454527666901
1.678125 	6.846875 	0.393558738358
1.85625 	7.21875 	0.679110902403
1.662890625 	5.930859375 	0.332589809815
1.761328125 	4.957421875 	0.689989825468
1.69892578125 	6.37451171875 	0.0751350082179
1.81259765625 	6.31708984375 	0.0809657979181
Warning: Maximum number of iterations has been exceeded.
1.5 	4.5 	0.858691398607
1.5 	4.725 	0.826759020114
1.575 	4.5 	0.855599906081
1.575 	4.725 	0.827111215465
1.5 	4.95 	0.788956719105
1.4625 	5.175 	0.759920169054
1.3875 	5.175 	0.756006887376
1.29375 	5.4 	0.691516005322
1.25625 	5.85 	0.527353838929
1.134375 	6.4125 	0.332120216013
0.965625 	6.6375 	0.323667527589
0.7171875 	7.36875 	0.0990842920873
0.5578125 	8.38125 	0.63344290522
0.741796875 	7.6359375 	0.35853486734
1.109765625 	6.1453125 	0.482233701182
0.8337890625 	7.26328125 	0.122172653988
0.4166015625 	8.21953125 	0.424864991782
0.954931640625 	6.8642578125 	0.160092353448
0.596044921875 	7.7677734375 	0.309931908899
0.865209960938 	7.09013671875 	0.0761524614542
Warning: Maximum number of iterations has been exceeded.
1.5 	5.5 	0.561516787978
1.5 	5.775 	0.522266572748
1.575 	5.5 	0.547742036472
1.575 	5.775 	0.459184472098
1.6125 	5.9125 	0.31842373014
1.5375 	6.1875 	0.166197072865
1.51875 	6.53125 	0.0934882992878
1.63125 	6.66875 	0.290248102058
1.5375 	7.2875 	0.556977381232
1.59375 	6.25625 	0.134616889724
1.48125 	6.11875 	0.334546450654
1.59375 	6.53125 	0.0360804570713
1.51875 	6.80625 	0.295061438522
1.575 	6.39375 	0.152265790092
1.55625 	6.53125 	0.095053611959
1.59375 	6.39375 	0.136886593097
1.55625 	6.66875 	0.228653048446
1.584375 	6.4625 	0.0605776003757
1.621875 	6.4625 	0.127925178054
1.57265625 	6.5140625 	0.1263989982
1.5890625 	6.496875 	0.0734914299131
1.575 	6.53125 	0.0839790248102
1.6078125 	6.496875 	0.124364091727
1.583203125 	6.52265625 	0.111411129373
1.59140625 	6.5140625 	0.19409877123
1.584375 	6.53125 	0.173240979886
Warning: Maximum number of iterations has been exceeded.
1.5 	6.5 	0.0623777099476
1.5 	6.825 	0.293613524301
1.575 	6.5 	0.142952179698
1.575 	6.175 	0.195194490099
1.55625 	6.3375 	0.0789308914456
1.48125 	6.3375 	0.118963763012
1.5046875 	6.378125 	0.0968145887141
1.5515625 	6.459375 	0.0500508726618
1.575 	6.5 	0.034710808484
1.51875 	6.6625 	0.224270172967
1.546875 	6.41875 	0.127103388902
1.5375 	6.5 	0.104836816154
1.565625 	6.41875 	0.0786569617281
1.603125 	6.41875 	0.092196916334
1.58671875 	6.4390625 	0.128746967207
1.5703125 	6.459375 	0.0399937387493
1.55625 	6.5 	0.110667605854
1.5890625 	6.459375 	0.190733348986
1.564453125 	6.48984375 	0.0930187054864
1.580859375 	6.46953125 	0.0711434609063
1.5767578125 	6.474609375 	0.124324958911
1.57265625 	6.4796875 	0.087227048603
1.5697265625 	6.494921875 	0.106480394459
1.5779296875 	6.484765625 	0.0667214526102
1.5802734375 	6.505078125 	0.185528684355
1.57456054688 	6.48603515625 	0.10002347969
1.57646484375 	6.4923828125 	0.144360961102
1.573828125 	6.48984375 	0.0619863817798
Warning: Maximum number of iterations has been exceeded.
1.5 	7.5 	0.633168975503
1.5 	7.875 	0.767785865227
1.575 	7.5 	0.6550833529
1.575 	7.125 	0.533771620881
1.6125 	6.75 	0.346247162871
1.5375 	6.75 	0.287782734601
1.51875 	6.375 	0.0766220552555
1.63125 	5.625 	0.496047585505
1.5984375 	6.09375 	0.201064412616
1.5046875 	5.71875 	0.524262346404
1.585546875 	6.4921875 	0.0653909368396
1.505859375 	6.7734375 	0.257924395398
1.57529296875 	6.263671875 	0.113132973311
1.52900390625 	6.603515625 	0.145339281521
1.56372070313 	6.3486328125 	0.067112780778
1.63051757813 	6.4658203125 	0.204821163027
1.54669189453 	6.39770507812 	0.0750567425843
1.60257568359 	6.44311523438 	0.16334037724
1.5606628418 	6.40905761719 	0.0598340768569
1.58248901367 	6.55261230469 	0.127064256085
1.56841278076 	6.39962768555 	0.0554903341943
Warning: Maximum number of iterations has been exceeded.
1.5 	8.5 	0.854425921578
1.5 	8.925 	0.918603741097
1.575 	8.5 	0.866517961963
1.575 	8.075 	0.816349690851
1.6125 	7.65 	0.725913751272
1.5375 	7.65 	0.726970337325
1.65 	6.8 	0.319088988025
1.725 	5.95 	0.258159192299
1.8 	5.95 	0.161814197386
1.93125 	5.1 	0.565899663458
1.9125 	4.25 	0.832785473898
1.6875 	6.8 	0.351021366518
1.8375 	5.1 	0.654378962198
1.725 	6.375 	0.162792517805
1.8 	6.375 	0.153283243328
1.8375 	6.5875 	0.435391719496
1.875 	5.95 	0.153361508961
1.875 	6.375 	0.231783673789
1.81875 	6.05625 	0.0768177193394
Warning: Maximum number of iterations has been exceeded.
1.5 	9.5 	0.946270642561
1.5 	9.975 	0.956875635908
1.575 	9.5 	0.944431400172
1.575 	9.025 	0.928543476559
1.6125 	8.55 	0.869648587305
1.6875 	8.55 	0.886788761055
1.725 	7.6 	0.752484933866
1.8 	6.65 	0.370979103076
1.725 	6.65 	0.399076465524
1.9125 	4.75 	0.699381701495
1.8375 	5.7 	0.35270407764
1.9125 	5.7 	0.323980590123
2.00625 	5.225 	0.463606480394
1.95 	4.75 	0.718869844251
1.8375 	6.175 	0.0516553181498
1.9125 	6.175 	0.0848790795961
1.8375 	6.65 	0.390780308367
1.89375 	5.9375 	0.154183298114
Warning: Maximum number of iterations has been exceeded.
2.5 	0.5 	0.996086718322
2.5 	0.525 	0.996204116772
2.625 	0.5 	0.995930187055
2.625 	0.475 	0.995891054238
2.6875 	0.45 	0.993386553964
2.8125 	0.45 	0.993386553964
2.875 	0.4 	0.993347421147
3.0 	0.35 	0.992016905377
2.875 	0.35 	0.993347421147
3.1875 	0.25 	0.991547311575
3.4375 	0.15 	0.991508178759
3.5625 	0.15 	0.989512405103
3.90625 	0.05 	0.988299287783
4.34375 	-0.15 	0.987320967363
5.015625 	-0.4 	0.979572669641
5.484375 	-0.5 	0.958754011114
6.5078125 	-0.825 	0.903028880019
7.6171875 	-1.275 	0.78512170306
9.47265625 	-1.9375 	0.330476637708
Warning: Maximum number of iterations has been exceeded.
2.5 	1.5 	0.988299287783
2.5 	1.575 	0.987399232997
2.625 	1.5 	0.987516631447
2.625 	1.575 	0.987320967363
2.6875 	1.6125 	0.981333646396
2.5625 	1.6875 	0.982546763716
2.75 	1.725 	0.981294513579
2.875 	1.8 	0.966658840103
3.0 	1.725 	0.969163340377
3.1875 	1.9125 	0.953862409016
3.4375 	2.0625 	0.921303905455
3.3125 	2.1375 	0.921812632073
3.875 	2.4 	0.788604523754
4.375 	2.7 	0.570086874853
4.5 	2.625 	0.546411520701
5.09375 	2.86875 	0.0845268842451
6.03125 	3.50625 	0.784339046725
5.3828125 	3.1453125 	0.384479924865
Warning: Maximum number of iterations has been exceeded.
2.5 	2.5 	0.958910542381
2.5 	2.625 	0.956719104641
2.625 	2.5 	0.94955779917
2.625 	2.625 	0.940283321593
2.6875 	2.6875 	0.933669875558
2.8125 	2.5625 	0.931126242467
2.96875 	2.53125 	0.91602097519
3.03125 	2.71875 	0.884401659231
3.234375 	2.828125 	0.855443374814
3.515625 	2.671875 	0.833646395868
3.9296875 	2.6640625 	0.716561008061
4.1953125 	2.9609375 	0.517570634734
4.80859375 	3.17578125 	0.0733740314628
5.50390625 	3.01171875 	0.351373561869
6.3828125 	3.5234375 	0.887375753307
4.54296875 	2.87890625 	0.434022070909
5.76953125 	3.30859375 	0.638177976051
4.849609375 	2.986328125 	0.115167879784
4.154296875 	3.150390625 	0.512835563904
5.16650390625 	3.04638671875 	0.197190263755
Warning: Maximum number of iterations has been exceeded.
2.5 	3.5 	0.859160992408
2.5 	3.675 	0.832433278547
2.625 	3.5 	0.846247162871
2.625 	3.675 	0.831376692494
2.6875 	3.7625 	0.780543163497
2.5625 	3.9375 	0.777686467872
2.53125 	4.15625 	0.689989825468
2.71875 	4.24375 	0.633638569304
2.828125 	4.528125 	0.477302966268
2.671875 	4.921875 	0.333411598967
2.6640625 	5.5015625 	0.220904750724
2.9609375 	5.8734375 	0.621194333568
2.853515625 	5.444140625 	0.240862487282
2.689453125 	6.417578125 	0.66795804962
2.79345703125 	5.00048828125 	0.197542459106
2.60400390625 	5.05791015625 	0.277999530406
2.79113769531 	5.34758300781 	0.154026766847
2.92053222656 	4.84650878906 	0.201768803318
2.85641479492 	5.0102722168 	0.119276825546
2.85409545898 	5.35736694336 	0.254402441888
2.80861663818 	5.08970794678 	0.0907490021132
Warning: Maximum number of iterations has been exceeded.
2.5 	4.5 	0.579948344682
2.5 	4.725 	0.504187211395
2.625 	4.5 	0.547350708304
2.625 	4.725 	0.451514440009
2.6875 	4.8375 	0.287078343899
2.5625 	5.0625 	0.294474446271
2.75 	5.175 	0.0739218908977
2.875 	5.4 	0.196759802771
2.875 	4.95 	0.145574078422
2.9375 	5.2875 	0.177389058464
2.875 	5.175 	0.0517335837834
2.75 	5.4 	0.109571886984
2.78125 	5.2875 	0.0882053690225
2.84375 	5.0625 	0.0727087735775
2.96875 	5.0625 	0.0554120685607
3.0 	5.175 	0.11485481725
2.8828125 	5.090625 	0.0459027940831
Warning: Maximum number of iterations has been exceeded.
2.5 	5.5 	0.085270407764
2.5 	5.775 	0.239258041794
2.625 	5.5 	0.139391093371
2.625 	5.225 	0.174297565939
2.59375 	5.3625 	0.0500900054786
2.46875 	5.3625 	0.116694059638
2.5078125 	5.396875 	0.0461375909838
2.6015625 	5.259375 	0.103506300384
2.525390625 	5.43984375 	0.059638412773
2.576171875 	5.31953125 	0.0649604758551
2.5380859375 	5.409765625 	0.069069421617
2.55078125 	5.3796875 	0.0932535023871
2.5166015625 	5.418359375 	0.0619081161462
2.4736328125 	5.435546875 	0.128394771856
2.53149414062 	5.39365234375 	0.0450027392972
2.52270507812 	5.37216796875 	0.103232370666
2.51812744141 	5.40681152344 	0.0687954918995
2.51965332031 	5.39526367188 	0.128316506222
2.52404785156 	5.40600585938 	0.0559599279956
2.53588867188 	5.40439453125 	0.046998512953
2.54333496094 	5.39204101562 	0.072982703295
2.52886962891 	5.40251464844 	0.0811223291853
2.53369140625 	5.3990234375 	0.127103388902
2.52777099609 	5.39982910156 	0.150191750802
2.53741455078 	5.39284667969 	0.076191594271
Warning: Maximum number of iterations has been exceeded.
2.5 	6.5 	0.622524849339
2.5 	6.825 	0.741840807701
2.625 	6.5 	0.659505361196
2.625 	6.175 	0.533771620881
2.6875 	5.85 	0.485442592158
2.5625 	5.85 	0.31490177663
2.53125 	5.525 	0.0609689285435
2.71875 	4.875 	0.31392345621
2.5625 	4.55 	0.566290991626
2.65625 	5.525 	0.256085153009
2.46875 	6.175 	0.480159661892
2.65625 	5.2 	0.0619081161462
2.53125 	5.2 	0.254050246537
2.5625 	5.28125 	0.107145652344
2.625 	5.44375 	0.131681928465
2.578125 	5.321875 	0.0689911559834
2.609375 	5.403125 	0.134499491273
2.5859375 	5.3421875 	0.0588948892541
2.4609375 	5.6671875 	0.0520466463176
2.36328125 	5.90078125 	0.225522423104
Warning: Maximum number of iterations has been exceeded.
2.5 	7.5 	0.861274164514
2.5 	7.875 	0.918173280113
2.625 	7.5 	0.901933161149
2.625 	7.125 	0.824919777726
2.6875 	6.75 	0.760350630038
2.5625 	6.75 	0.701768803318
2.53125 	6.375 	0.608945761916
2.71875 	5.625 	0.309344916647
2.828125 	4.6875 	0.400446114111
2.5625 	5.25 	0.0821789152383
2.5 	4.5 	0.573882758081
2.75 	4.5 	0.460788917586
2.6953125 	4.96875 	0.292870000783
2.5390625 	4.59375 	0.538780621429
2.673828125 	5.3671875 	0.0353760663693
2.541015625 	5.6484375 	0.101393128277
2.57958984375 	5.478515625 	0.0757611332864
2.69091796875 	5.595703125 	0.25412851217
2.59460449219 	5.33642578125 	0.0841355560773
2.62670898438 	5.4228515625 	0.144595758003
2.6181640625 	5.30859375 	0.064256085153
2.66528320312 	5.2529296875 	0.0936448305549
2.65563964844 	5.29541015625 	0.113563434296
2.64599609375 	5.337890625 	0.071730453158
2.65026855469 	5.39501953125 	0.0392893480473
Warning: Maximum number of iterations has been exceeded.
2.5 	8.5 	0.943492212569
2.5 	8.925 	0.966932769821
2.625 	8.5 	0.958871409564
2.625 	8.075 	0.937974485403
2.6875 	7.65 	0.903928934805
2.5625 	7.65 	0.911912029428
2.75 	6.8 	0.785826093762
2.875 	5.95 	0.557720904751
3.0 	5.95 	0.632895045785
3.1875 	4.25 	0.428073882758
3.4375 	2.55 	0.854504187211
3.0625 	4.25 	0.506261250685
3.375 	2.55 	0.855599906081
3.0 	5.1 	0.160170619081
3.125 	5.1 	0.271855678172
2.9375 	5.95 	0.525240666823
3.125 	4.675 	0.142952179698
Warning: Maximum number of iterations has been exceeded.
2.5 	9.5 	0.980629255694
2.5 	9.975 	0.992682163262
2.625 	9.5 	0.97824215387
2.625 	9.025 	0.964545667997
2.6875 	8.55 	0.953979807467
2.8125 	8.55 	0.974250606559
2.875 	7.6 	0.912929482664
3.0 	6.65 	0.81380605776
2.875 	6.65 	0.779877905612
2.90625 	5.7 	0.456562573374
3.21875 	3.8 	0.616028801753
3.125 	2.85 	0.883032010644
3.03125 	5.7 	0.478750880488
2.71875 	7.6 	0.886006104719
3.09375 	4.75 	0.149135164749
2.96875 	4.75 	0.209321436957
3.15625 	3.8 	0.654692024732
2.96875 	5.225 	0.166705799483
Warning: Maximum number of iterations has been exceeded.
3.5 	0.5 	0.987673162714
3.5 	0.525 	0.987829693981
3.675 	0.5 	0.986655709478
3.675 	0.475 	0.986968772012
3.85 	0.475 	0.982703294983
4.025 	0.4625 	0.980511857243
4.025 	0.4875 	0.977889958519
4.2 	0.49375 	0.971393910934
4.55 	0.45625 	0.958949675198
4.9875 	0.434375 	0.933709008374
5.1625 	0.465625 	0.902833215935
5.73125 	0.4671875 	0.840612037254
6.51875 	0.4078125 	0.624481490178
7.678125 	0.36484375 	0.0419895124051
8.421875 	0.39765625 	0.556664318698
10.36875 	0.2953125 	0.942670423417
6.890625 	0.42421875 	0.458284417312
6.146875 	0.39140625 	0.759685372153
7.853125 	0.39609375 	0.24841512092
Warning: Maximum number of iterations has been exceeded.
3.5 	1.5 	0.958049620412
3.5 	1.575 	0.958010487595
3.675 	1.5 	0.954566799718
3.675 	1.575 	0.93437426626
3.7625 	1.6125 	0.934022070909
3.9375 	1.5375 	0.921382171089
4.15625 	1.51875 	0.89985912186
4.24375 	1.63125 	0.874187994052
4.528125 	1.696875 	0.828402598419
4.921875 	1.603125 	0.764537841434
5.5015625 	1.5984375 	0.579987477499
5.8734375 	1.7765625 	0.273655787744
6.73203125 	1.90546875 	0.500704390702
6.846875 	1.678125 	0.432417625421
7.21875 	1.85625 	0.66795804962
5.930859375 	1.662890625 	0.306214291305
4.957421875 	1.761328125 	0.69664240432
6.37451171875 	1.69892578125 	0.087579243954
6.31708984375 	1.81259765625 	0.104875948971
Warning: Maximum number of iterations has been exceeded.
3.5 	2.5 	0.865226579009
3.5 	2.625 	0.845738436253
3.675 	2.5 	0.833020270799
3.675 	2.625 	0.799639978086
3.7625 	2.6875 	0.771699146905
3.9375 	2.5625 	0.767590201143
4.15625 	2.53125 	0.69664240432
4.24375 	2.71875 	0.592901307036
4.528125 	2.828125 	0.447835955232
4.921875 	2.671875 	0.382875479377
5.5015625 	2.6640625 	0.180793613524
5.8734375 	2.9609375 	0.634656022541
5.444140625 	2.853515625 	0.294004852469
6.417578125 	2.689453125 	0.656531267121
5.00048828125 	2.79345703125 	0.181028410425
5.05791015625 	2.60400390625 	0.269977302966
5.15446777344 	2.66638183594 	0.126751193551
5.65554199219 	2.53698730469 	0.126946857635
5.30844726563 	2.53930664062 	0.0857791343821
5.21188964844 	2.47692871094 	0.227713860844
Warning: Maximum number of iterations has been exceeded.
3.5 	3.5 	0.605110745871
3.5 	3.675 	0.549150817876
3.675 	3.5 	0.533693355248
3.675 	3.675 	0.453275416764
3.7625 	3.7625 	0.348869061595
3.9375 	3.5875 	0.331337559678
4.15625 	3.54375 	0.28159974955
4.24375 	3.80625 	0.106245597558
4.528125 	3.959375 	0.47350708304
4.6375 	3.5875 	0.219730766221
4.725 	3.85 	0.445801048759
4.2984375 	3.6203125 	0.0755263363857
3.9046875 	3.8390625 	0.220004695938
4.454296875 	3.650390625 	0.0948970806919
4.508984375 	3.464453125 	0.113602567113
4.31005859375 	3.72080078125 	0.112976442044
4.3763671875 	3.6353515625 	0.120450810049
4.27109375 	3.71328125 	0.0804570713
4.1931640625 	3.6982421875 	0.108084839947
4.23896484375 	3.68251953125 	0.116224465837
4.284765625 	3.666796875 	0.0658996634578
4.33740234375 	3.62783203125 	0.0739610237145
4.32373046875 	3.67431640625 	0.0625733740315
4.33637695313 	3.70131835938 	0.053572826172
Warning: Maximum number of iterations has been exceeded.
3.5 	4.5 	0.112076387258
3.5 	4.725 	0.261681145809
3.675 	4.5 	0.18619394224
3.675 	4.275 	0.0689128903498
3.7625 	4.05 	0.20916490569
3.5 	4.275 	0.201807936135
3.63125 	4.44375 	0.125342412147
3.54375 	4.33125 	0.0744306175158
3.71875 	4.10625 	0.177036863113
3.5546875 	4.4015625 	0.0823745793222
3.6640625 	4.2046875 	0.12870783439
3.58203125 	4.35234375 	0.0415199186037
3.71328125 	4.29609375 	0.0391719495969
3.798046875 	4.278515625 	0.0881662362057
3.6203125 	4.3734375 	0.0595210143226
3.633984375 	4.348828125 	0.0550598732097
3.661328125 	4.299609375 	0.0376066369257
3.675 	4.275 	0.0432417625421
3.792578125 	4.243359375 	0.0783830320106
3.63466796875 	4.32509765625 	0.0613602567113
3.6873046875 	4.2978515625 	0.129568756359
3.6216796875 	4.3259765625 	0.101040932926
Warning: Maximum number of iterations has been exceeded.
3.5 	5.5 	0.638491038585
3.5 	5.775 	0.728418251546
3.675 	5.5 	0.688933239415
3.675 	5.225 	0.57936135243
3.7625 	4.95 	0.511935509118
3.5875 	4.95 	0.436957032167
3.54375 	4.675 	0.233035923926
3.80625 	4.125 	0.0329889645457
3.959375 	3.4375 	0.450262189872
3.5875 	3.85 	0.380175315019
3.63125 	4.125 	0.152383188542
3.89375 	3.575 	0.355678171715
3.63125 	4.4 	0.0680519683807
3.80625 	4.4 	0.207090866401
3.675 	4.19375 	0.149409094467
3.7625 	4.33125 	0.104719417704
3.740625 	4.296875 	0.108789230649
3.71875 	4.2625 	0.0514987868827
3.740625 	4.159375 	0.13673006183
3.784375 	4.228125 	0.0913751271817
3.7734375 	4.2109375 	0.04253737184
3.8609375 	4.0734375 	0.0703608045707
3.754296875 	4.215234375 	0.197268529389
3.78984375 	4.16796875 	0.0870705173358
3.7625 	4.19375 	0.0475463723879
Warning: Maximum number of iterations has been exceeded.
3.5 	6.5 	0.863700399155
3.5 	6.825 	0.892502152305
3.675 	6.5 	0.893363074274
3.325 	6.825 	0.903576739454
3.5875 	6.58125 	0.888588870627
3.5875 	6.25625 	0.820771699147
3.63125 	5.971875 	0.793574391485
3.54375 	5.890625 	0.805705564687
3.675 	5.3625 	0.6667449323
3.7625 	4.79375 	0.485090396807
3.85 	4.875 	0.555568599828
3.98125 	3.696875 	0.210925882445
4.15625 	2.559375 	0.686546137591
3.89375 	3.615625 	0.409994521406
4.1125 	2.51875 	0.752171871331
3.85 	4.225 	0.0911011974642
3.9375 	4.30625 	0.248219456837
3.9265625 	4.13359375 	0.0627299052986
Warning: Maximum number of iterations has been exceeded.
3.5 	7.5 	0.954879862252
3.5 	7.875 	0.979611802458
3.675 	7.5 	0.952062299444
3.675 	7.125 	0.947914220866
3.7625 	6.75 	0.928347812476
3.9375 	6.75 	0.939031071457
4.025 	6.0 	0.856539093684
4.2 	5.25 	0.800853095406
4.025 	5.25 	0.733740314628
4.06875 	4.5 	0.469437270095
4.50625 	3.0 	0.402050559599
4.878125 	1.125 	0.85865226579
4.375 	2.25 	0.722548329029
4.33125 	3.0 	0.453471080848
4.76875 	1.5 	0.803788056664
4.24375 	3.75 	0.0864835250841
4.41875 	3.75 	0.164005635126
4.15625 	4.5 	0.451044846208
4.41875 	3.375 	0.156570399937
Warning: Maximum number of iterations has been exceeded.
3.5 	8.5 	0.973741879941
3.5 	8.925 	0.985599123425
3.675 	8.5 	0.974211473742
3.675 	8.075 	0.984777334273
3.63125 	8.2875 	0.975894184863
3.54375 	8.7125 	0.989042811302
3.609375 	8.39375 	0.971002582766
3.434375 	8.39375 	0.991390780308
3.61484375 	8.4734375 	0.986068717226
3.5546875 	8.446875 	0.977655161619
3.6421875 	8.446875 	0.979377005557
3.521875 	8.39375 	0.971393910934
3.5765625 	8.340625 	0.976676841199
3.57109375 	8.3671875 	0.972802692338
3.56015625 	8.4203125 	0.979807466541
3.568359375 	8.38046875 	0.980081396259
3.565625 	8.39375 	0.978281286687
3.590234375 	8.38046875 	0.981568443297
3.584765625 	8.40703125 	0.977302966268
3.628515625 	8.40703125 	0.981333646396
3.58134765625 	8.3970703125 	0.97581591923
3.60595703125 	8.3837890625 	0.97945527119
3.59006347656 	8.40122070313 	0.970259059247
Warning: Maximum number of iterations has been exceeded.
3.5 	9.5 	0.993817014949
3.5 	9.975 	0.99319088988
3.675 	9.5 	0.994638804101
3.325 	9.975 	0.99538232762
3.5875 	9.61875 	0.992212569461
3.5875 	10.09375 	0.998082491978
3.521875 	9.6484375 	0.986694842295
3.609375 	9.2921875 	0.988299287783
3.54375 	9.321875 	0.990295061439
3.5546875 	9.39609375 	0.992799561712
3.565625 	9.4703125 	0.994443140017
3.5546875 	9.63359375 	0.991390780308
3.5109375 	9.81171875 	0.99209517101
3.524609375 	9.7263671875 	0.99428660875
3.53828125 	9.641015625 	0.992721296079
3.54375 	9.559375 	0.992916960163
3.51640625 	9.730078125 	0.989708069187
3.5 	9.7375 	0.996399780856
3.5287109375 	9.66513671875 	0.990568991156
3.5095703125 	9.71337890625 	0.994951866635
3.52392578125 	9.67719726563 	0.997612898176
3.519140625 	9.6892578125 	0.996164983956
3.52529296875 	9.65678710937 	0.99186037411
3.52802734375 	9.61596679687 	0.995421460437
3.52580566406 	9.63428955078 	0.991899506927
Warning: Maximum number of iterations has been exceeded.
4.5 	0.5 	0.958284417312
4.5 	0.525 	0.958832276747
4.725 	0.5 	0.956640839008
4.725 	0.475 	0.95527119042
4.8375 	0.45 	0.945018392424
5.0625 	0.45 	0.924904124599
5.34375 	0.425 	0.88635830007
5.45625 	0.375 	0.883775534163
5.821875 	0.3125 	0.85501291383
6.328125 	0.2875 	0.722704860296
7.0734375 	0.20625 	0.495069265086
7.5515625 	0.09375 	0.277295139704
8.65546875 	-0.071875 	0.486812240745
8.803125 	-0.0125 	0.620450810049
8.0578125 	0.06875 	0.163144713156
8.5359375 	-0.04375 	0.427291226422
8.1703125 	0.01875 	0.262855130312
8.6765625 	-0.00625 	0.513500821789
7.8328125 	0.06875 	0.0600297409408
7.7203125 	0.11875 	0.0649604758551
Warning: Maximum number of iterations has been exceeded.
4.5 	1.5 	0.859395789309
4.5 	1.575 	0.855325976364
4.725 	1.5 	0.830985364327
4.725 	1.575 	0.820536902246
4.8375 	1.6125 	0.779095249276
5.0625 	1.5375 	0.711786804414
5.34375 	1.51875 	0.663888236675
5.45625 	1.63125 	0.550090005479
5.821875 	1.696875 	0.347068952023
6.328125 	1.603125 	0.114346090632
7.0734375 	1.5984375 	0.463410816311
6.80625 	1.78125 	0.472880957971
6.440625 	1.715625 	0.105423808406
6.946875 	1.621875 	0.459184472098
6.103125 	1.678125 	0.170188620177
6.665625 	1.640625 	0.292400406981
6.24375 	1.66875 	0.0833528997417
6.35625 	1.78125 	0.218243719183
6.33515625 	1.64765625 	0.0502856695625
6.13828125 	1.60078125 	0.209360569774
6.3650390625 	1.6869140625 	0.0962667292792
Warning: Maximum number of iterations has been exceeded.
4.5 	2.5 	0.565860530641
4.5 	2.625 	0.565938796275
4.725 	2.5 	0.495186663536
4.725 	2.375 	0.558347029819
4.95 	2.375 	0.454605932535
5.175 	2.3125 	0.427839085857
5.175 	2.4375 	0.286295687564
5.4 	2.46875 	0.15277451671
5.85 	2.28125 	0.151757063473
6.4125 	2.171875 	0.468341551225
6.075 	2.4375 	0.379588322767
5.85 	2.40625 	0.212412929483
5.4 	2.34375 	0.207756124286
5.5125 	2.359375 	0.107223917978
5.9625 	2.171875 	0.122798779056
5.625 	2.25 	0.148587305314
5.68125 	2.2578125 	0.0666431869766
5.23125 	2.4453125 	0.259881036237
5.7796875 	2.240234375 	0.0740001565313
Warning: Maximum number of iterations has been exceeded.
4.5 	3.5 	0.0830789700243
4.5 	3.675 	0.174454097206
4.725 	3.5 	0.134108163106
4.725 	3.325 	0.102058386163
4.5 	3.325 	0.0862878610002
4.275 	3.5 	0.154378962198
4.6125 	3.36875 	0.0291148156844
4.6125 	3.54375 	0.151170071222
4.528125 	3.3796875 	0.0953666744932
4.55625 	3.434375 	0.0648039445879
4.55625 	3.346875 	0.150035219535
4.6125 	3.45625 	0.136651796196
4.5984375 	3.42890625 	0.0736088283635
4.5703125 	3.37421875 	0.0696564138687
4.57734375 	3.387890625 	0.0657822650074
4.59140625 	3.415234375 	0.0444548798623
4.64765625 	3.349609375 	0.0773264459576
4.5791015625 	3.41318359375 	0.0283321593488
4.6001953125 	3.36669921875 	0.0567425843312
4.59360351563 	3.40310058594 	0.072982703295
4.59580078125 	3.39096679687 	0.0640212882523
4.58525390625 	3.41420898437 	0.0727479063943
Warning: Maximum number of iterations has been exceeded.
4.5 	4.5 	0.605267277139
4.5 	4.725 	0.674806292557
4.725 	4.5 	0.742662596854
4.275 	4.725 	0.630116615794
4.275 	4.5 	0.523440557251
4.1625 	4.3875 	0.455075526336
4.3875 	4.1625 	0.457071299992
4.05 	4.05 	0.095758002661
3.825 	3.825 	0.30590122877
3.825 	4.275 	0.156492134304
3.7125 	3.9375 	0.199890428113
3.825 	4.05 	0.159974954997
4.05 	4.275 	0.34006417782
3.88125 	4.10625 	0.047350708304
4.10625 	3.88125 	0.0611254598106
3.9375 	3.9375 	0.0502856695625
Warning: Maximum number of iterations has been exceeded.
4.5 	5.5 	0.860413242545
4.5 	5.775 	0.888236675276
4.725 	5.5 	0.910581513657
4.275 	5.775 	0.927878218674
4.6125 	5.56875 	0.875322845738
4.6125 	5.29375 	0.880605776004
4.584375 	5.4140625 	0.876849025593
4.528125 	5.6546875 	0.929521796979
4.5703125 	5.47421875 	0.884166862331
4.55625 	5.534375 	0.86996164984
4.5421875 	5.45703125 	0.849964780465
4.4859375 	5.42265625 	0.835720435157
4.45078125 	5.366796875 	0.830359239258
4.49296875 	5.323828125 	0.850395241449
4.4947265625 	5.36787109375 	0.853878062143
4.496484375 	5.4119140625 	0.873092275182
4.475390625 	5.4333984375 	0.837951005713
4.4296875 	5.38828125 	0.837090083744
4.405078125 	5.3216796875 	0.841042498239
4.4578125 	5.40546875 	0.852469280739
4.440234375 	5.3775390625 	0.876575095875
4.4630859375 	5.40009765625 	0.844564451749
4.4736328125 	5.38935546875 	0.842412146826
4.461328125 	5.3560546875 	0.832668075448
Warning: Maximum number of iterations has been exceeded.
4.5 	6.5 	0.941770368631
4.5 	6.825 	0.963215152227
4.725 	6.5 	0.963489081944
4.275 	6.825 	0.957932221961
4.275 	6.5 	0.938952805823
4.1625 	6.3375 	0.914338264068
4.3875 	6.0125 	0.931634969085
4.05 	5.85 	0.860256711278
3.825 	5.525 	0.716952336229
3.6 	5.85 	0.741919073335
3.2625 	5.0375 	0.320067308445
2.8125 	4.3875 	0.502621898724
3.4875 	4.7125 	0.180911011975
3.43125 	4.14375 	0.343468732879
2.925 	4.225 	0.548798622525
3.15 	4.55 	0.20928230414
3.375 	4.225 	0.310049307349
3.346875 	4.428125 	0.184589496752
Warning: Maximum number of iterations has been exceeded.
4.5 	7.5 	0.984307740471
4.5 	7.875 	0.988025358065
4.725 	7.5 	0.982938091884
4.725 	7.125 	0.974368005009
4.8375 	6.75 	0.976246380214
4.95 	7.125 	0.987516631447
4.6125 	7.40625 	0.9769116381
4.6125 	7.03125 	0.96329341786
4.55625 	6.796875 	0.953666744932
4.66875 	6.515625 	0.950066525789
4.696875 	6.0703125 	0.94141817328
4.528125 	5.7421875 	0.889567191046
4.4296875 	5.05078125 	0.807427408625
4.5703125 	4.32421875 	0.620411677233
4.57734375 	3.087890625 	0.275612428583
4.31015625 	2.068359375 	0.778743053925
4.4578125 	0.10546875 	0.979572669641
4.43671875 	3.814453125 	0.247828128669
4.70390625 	4.833984375 	0.774438444079
4.60546875 	4.142578125 	0.510839790248
Warning: Maximum number of iterations has been exceeded.
4.5 	8.5 	0.991664710026
4.5 	8.925 	0.993503952414
4.725 	8.5 	0.994012679033
4.275 	8.925 	0.994443140017
4.6125 	8.60625 	0.994834468185
4.5 	8.7125 	0.993034358613
4.6125 	8.5 	0.999491273382
4.3875 	8.7125 	0.996438913673
4.44375 	8.659375 	0.994677936918
4.55625 	8.553125 	0.991273381858
4.6125 	8.5 	0.995108397902
4.55625 	8.340625 	0.990842920873
4.584375 	8.1546875 	0.986773107928
4.640625 	8.2078125 	0.985403459341
4.7109375 	8.06171875 	0.987047037646
4.66875 	7.809375 	0.988651483134
4.640625 	7.9953125 	0.986812240745
4.584375 	8.3671875 	0.99319088988
4.6265625 	8.08828125 	0.996869374658
4.6125 	8.18125 	0.990138530171
4.640625 	8.1015625 	0.992799561712
4.6125 	8.2875 	0.986773107928
4.640625 	8.3140625 	0.995930187055
4.61953125 	8.214453125 	0.990138530171
4.6265625 	8.24765625 	0.997495499726
4.6265625 	8.19453125 	0.990490725522
Warning: Maximum number of iterations has been exceeded.
4.5 	9.5 	0.995577991704
4.5 	9.975 	0.997143304375
4.725 	9.5 	0.997652030993
4.275 	9.975 	0.99902167958
4.6125 	9.61875 	0.997182437192
4.3875 	9.85625 	0.99890428113
4.55625 	9.678125 	0.99890428113
4.5 	9.7375 	0.996125851139
4.55625 	9.559375 	0.9944040072
4.55625 	9.321875 	0.995030132269
4.6125 	9.38125 	0.998160757611
4.528125 	9.4703125 	0.996869374658
4.55625 	9.440625 	0.996321515223
4.528125 	9.5296875 	0.996204116772
4.528125 	9.6484375 	0.995891054238
4.55625 	9.678125 	0.995421460437
4.584375 	9.5890625 	0.997338968459
4.5421875 	9.63359375 	0.995577991704
4.5703125 	9.60390625 	0.998982546764
4.54921875 	9.626171875 	0.997652030993
4.55625 	9.61875 	0.99780856226
4.54921875 	9.596484375 	0.999256476481
4.56328125 	9.581640625 	0.99769116381
Warning: Maximum number of iterations has been exceeded.
5.5 	0.5 	0.864209125773
5.5 	0.525 	0.856421695234
5.775 	0.5 	0.818267198873
5.775 	0.525 	0.817132347186
5.9125 	0.5375 	0.773303592393
6.1875 	0.5125 	0.716834937779
6.53125 	0.50625 	0.562495108398
6.66875 	0.54375 	0.518157626986
7.115625 	0.565625 	0.251976207247
7.734375 	0.534375 	0.273225326759
8.31875 	0.59375 	0.606636925726
6.978125 	0.528125 	0.351099632152
7.871875 	0.571875 	0.367183219848
7.2015625 	0.5390625 	0.20806918682
6.5828125 	0.5703125 	0.546998512953
7.446484375 	0.543359375 	0.134851686624
7.532421875 	0.516796875 	0.0905924708461
7.7408203125 	0.4923828125 	0.336072630508
7.77734375 	0.52109375 	0.282186741802
7.3455078125 	0.5345703125 	0.0686780934492
Warning: Maximum number of iterations has been exceeded.
5.5 	1.5 	0.605541206856
5.5 	1.575 	0.561516787978
5.775 	1.5 	0.50473507083
5.775 	1.575 	0.453118885497
5.9125 	1.6125 	0.350825702434
6.1875 	1.5375 	0.2068560695
6.53125 	1.51875 	0.160288017532
6.66875 	1.63125 	0.386553964154
6.4453125 	1.5984375 	0.101588792361
7.0640625 	1.5046875 	0.428856539094
6.200390625 	1.585546875 	0.154848555999
6.114453125 	1.665234375 	0.0902794083118
5.9060546875 	1.7384765625 	0.279330046177
6.359375 	1.678125 	0.10244971433
6.31962890625 	1.65498046875 	0.0858965328324
5.98876953125 	1.72177734375 	0.123542302575
6.33117675781 	1.62927246094 	0.0978711747672
6.10290527344 	1.69094238281 	0.176175941144
6.27410888672 	1.64468994141 	0.0739610237145
6.47928466797 	1.63443603516 	0.109806683885
6.20566101074 	1.65753479004 	0.101158331377
6.29686889648 	1.64983520508 	0.0561164592627
6.19428100586 	1.6549621582 	0.118063708226
Warning: Maximum number of iterations has been exceeded.
5.5 	2.5 	0.049307349143
5.5 	2.625 	0.134108163106
5.775 	2.5 	0.263011661579
5.225 	2.625 	0.145613211239
5.3625 	2.59375 	0.049307349143
5.3625 	2.46875 	0.213156453001
5.465625 	2.5859375 	0.0634342960006
5.396875 	2.5078125 	0.089535884793
5.4484375 	2.56640625 	0.0442983485951
5.5859375 	2.47265625 	0.0869531188855
5.418359375 	2.5634765625 	0.142012992095
5.47421875 	2.533203125 	0.0447679423965
5.40546875 	2.580078125 	0.0543554825076
5.5171875 	2.51953125 	0.0696564138687
5.4333984375 	2.56494140625 	0.0537684902559
5.4892578125 	2.53466796875 	0.074939344134
5.44736328125 	2.55737304688 	0.0920403850669
5.461328125 	2.5498046875 	0.0849182124129
5.44091796875 	2.56567382812 	0.082061516788
5.42802734375 	2.58227539062 	0.0543163496909
5.435546875 	2.5830078125 	0.0579165688346
5.43688964844 	2.57867431641 	0.0806527353839
5.43823242188 	2.57434082031 	0.0495030132269
5.44467773438 	2.56604003906 	0.220278625655
5.4419921875 	2.57470703125 	0.0619081161462
5.44266357422 	2.5725402832 	0.0812397276356
5.44333496094 	2.57037353516 	0.200829615716
5.44655761719 	2.56622314453 	0.0566643186977
Warning: Maximum number of iterations has been exceeded.
5.5 	3.5 	0.592901307036
5.5 	3.675 	0.683180715348
5.775 	3.5 	0.722704860296
5.225 	3.675 	0.609571886984
5.225 	3.5 	0.560186272208
5.0875 	3.4125 	0.401698364248
5.3625 	3.2375 	0.45417547155
4.95 	3.15 	0.113954762464
4.675 	2.975 	0.299600845269
4.675 	3.325 	0.0752132738515
4.33125 	3.36875 	0.31368865931
4.5375 	3.0625 	0.325506769977
4.675 	3.15 	0.201729670502
4.95 	3.325 	0.394889254129
4.74375 	3.19375 	0.0772873131408
4.46875 	3.36875 	0.155396415434
4.8296875 	3.2046875 	0.12397276356
4.709375 	3.259375 	0.0601080065743
4.8125 	3.2375 	0.0797526805979
4.571875 	3.346875 	0.050011739845
4.4515625 	3.4015625 	0.142169523362
Warning: Maximum number of iterations has been exceeded.
5.5 	4.5 	0.872779212648
5.5 	4.725 	0.867418016749
5.775 	4.5 	0.906668231979
5.225 	4.725 	0.872309618846
5.225 	4.95 	0.895984972998
5.43125 	4.6125 	0.885653909368
5.3625 	4.725 	0.872583548564
5.5 	4.6125 	0.876809892776
5.3625 	4.8375 	0.898254676372
5.465625 	4.66875 	0.877631681928
5.43125 	4.725 	0.883658135713
5.5 	4.66875 	0.877240353761
5.56875 	4.66875 	0.884362526415
5.465625 	4.7109375 	0.888471472177
5.5 	4.696875 	0.931478437818
5.465625 	4.725 	0.88514518275
5.465625 	4.753125 	0.887649683024
5.47421875 	4.7390625 	0.910659779291
5.4828125 	4.725 	0.872700947014
5.5 	4.7109375 	0.885966971903
5.4828125 	4.7390625 	0.904750723957
5.495703125 	4.71796875 	0.871487829694
5.512890625 	4.71796875 	0.885106049933
5.49033203125 	4.7232421875 	0.877788213196
5.4978515625 	4.721484375 	0.879940518118
5.49140625 	4.725 	0.877631681928
5.4935546875 	4.728515625 	0.905533380293
5.49677734375 	4.7232421875 	0.88964545668
5.495703125 	4.725 	0.87469672067
5.49892578125 	4.7232421875 	0.905494247476
5.49677734375 	4.7267578125 	0.880214447836
5.49731445313 	4.72587890625 	0.918016748846
5.4978515625 	4.725 	0.88029271347
5.49946289062 	4.72412109375 	0.897354621586
Warning: Maximum number of iterations has been exceeded.
5.5 	5.5 	0.958480081396
5.5 	5.775 	0.966384910386
5.775 	5.5 	0.966502308836
5.225 	5.775 	0.949753463254
4.95 	5.9125 	0.930774047116
4.95 	5.6375 	0.933200281756
4.4 	6.05 	0.942748689051
4.675 	5.9125 	0.906042106911
4.675 	6.1875 	0.95065351804
4.88125 	5.775 	0.928700007827
4.60625 	5.775 	0.88843233936
4.434375 	5.70625 	0.884401659231
4.228125 	5.84375 	0.882562416843
3.9015625 	5.878125 	0.848360334977
3.6609375 	5.671875 	0.739140643344
3.15390625 	5.5515625 	0.551303122799
2.62109375 	5.7234375 	0.286804414182
1.714453125 	5.73203125 	0.430382718948
1.8734375 	5.396875 	0.452492760429
Warning: Maximum number of iterations has been exceeded.
5.5 	6.5 	0.972685293887
5.5 	6.825 	0.991742975659
5.775 	6.5 	0.981137982312
5.775 	6.175 	0.976207247398
5.5 	6.175 	0.977655161619
5.56875 	6.25625 	0.982077169915
5.6375 	6.3375 	0.983251154418
5.6375 	6.5 	0.98043359161
5.5 	6.6625 	0.98505126399
5.603125 	6.41875 	0.983564216952
5.56875 	6.5 	0.982155435548
5.56875 	6.41875 	0.97021992643
5.5 	6.41875 	0.978359552321
5.5171875 	6.4390625 	0.982194568365
5.534375 	6.459375 	0.975346325429
5.56875 	6.459375 	0.9827424278
5.534375 	6.41875 	0.979063943023
5.54296875 	6.42890625 	0.989355873836
5.5515625 	6.4390625 	0.974876731627
5.56875 	6.4390625 	0.978046489786
5.5515625 	6.41875 	0.975581122329
5.555859375 	6.423828125 	0.989981998904
5.56015625 	6.42890625 	0.984307740471
5.56875 	6.42890625 	0.976676841199
5.57734375 	6.41875 	0.975855052047
5.57734375 	6.40859375 	0.988221022149
5.5708984375 	6.423828125 	0.975150661345
5.5623046875 	6.423828125 	0.971080848399
Warning: Maximum number of iterations has been exceeded.
5.5 	7.5 	0.991547311575
5.5 	7.875 	0.99538232762
5.775 	7.5 	0.99295609298
5.775 	7.125 	0.9944040072
5.70625 	7.3125 	0.984620803005
5.43125 	7.3125 	0.989316741019
5.6375 	7.125 	0.992447366361
5.534375 	7.40625 	0.992212569461
5.56875 	7.3125 	0.985403459341
5.603125 	7.40625 	0.994482272834
5.671875 	7.21875 	0.987164436096
5.6546875 	7.265625 	0.994912733819
5.6375 	7.3125 	0.990138530171
5.6546875 	7.359375 	0.991351647492
5.6890625 	7.265625 	0.992682163262
5.66328125 	7.3359375 	0.99538232762
5.671875 	7.3125 	0.993973546216
5.68046875 	7.3359375 	0.987007904829
5.71484375 	7.3359375 	0.989355873836
5.7041015625 	7.330078125 	0.990451592706
5.693359375 	7.32421875 	0.993034358613
5.6890625 	7.3125 	0.993269155514
5.710546875 	7.32421875 	0.996282382406
5.69443359375 	7.3154296875 	0.992838694529
5.70732421875 	7.3037109375 	0.992721296079
5.719140625 	7.30078125 	0.995617124521
5.70061035156 	7.31176757812 	0.99197777256
Warning: Maximum number of iterations has been exceeded.
5.5 	8.5 	0.99878688268
5.5 	8.925 	0.999373874932
5.775 	8.5 	0.999256476481
5.775 	8.075 	0.998082491978
5.9125 	7.65 	0.99209517101
5.6375 	7.65 	0.99526492917
6.05 	6.8 	0.984033810754
6.325 	5.95 	0.982781560617
6.6 	5.95 	0.986812240745
7.0125 	4.25 	0.96998512953
7.5625 	2.55 	0.947092431713
7.2875 	2.55 	0.829341786022
7.63125 	0.85 	0.370235579557
8.86875 	-2.55 	0.82061516788
8.9375 	-4.25 	0.974759333177
7.90625 	0.85 	0.559834076857
6.66875 	4.25 	0.940674649761
8.31875 	-0.85 	0.445879314393
Warning: Maximum number of iterations has been exceeded.
5.5 	9.5 	0.997417234093
5.5 	9.975 	0.998434687329
5.775 	9.5 	0.999647804649
5.225 	9.975 	0.99757376536
5.225 	9.5 	0.998082491978
5.29375 	9.61875 	0.997730296627
5.43125 	9.85625 	0.998004226344
5.328125 	9.678125 	0.997221570009
5.603125 	9.203125 	0.998278156062
5.31953125 	9.78203125 	0.99878688268
5.4140625 	9.5890625 	0.997104171558
5.2765625 	9.8265625 	0.998826015497
5.465625 	9.440625 	0.997730296627
5.418359375 	9.537109375 	0.999569539015
5.37109375 	9.63359375 	0.999217343664
5.3453125 	9.7078125 	0.99878688268
5.38828125 	9.66328125 	0.998630351413
5.45703125 	9.54453125 	0.998826015497
5.3732421875 	9.6669921875 	0.998708617046
5.4291015625 	9.5853515625 	0.999373874932
5.38720703125 	9.64658203125 	0.998708617046
5.401171875 	9.626171875 	0.998708617046
5.39365234375 	9.62802734375 	0.997652030993
5.40654296875 	9.59091796875 	0.998199890428
5.40520019531 	9.59973144531 	0.997299835642
Warning: Maximum number of iterations has been exceeded.
6.5 	0.5 	0.546998512953
6.5 	0.525 	0.563590827268
6.825 	0.5 	0.451905768177
6.825 	0.475 	0.454879862252
7.15 	0.475 	0.31490177663
7.475 	0.4625 	0.0936839633717
7.475 	0.4875 	0.028293026532
7.8 	0.49375 	0.301557486108
8.125 	0.45 	0.467402363622
7.15 	0.4875 	0.211825937231
7.8 	0.4625 	0.205603819363
7.6375 	0.46875 	0.0789308914456
7.6375 	0.49375 	0.15860530641
7.515625 	0.4703125 	0.0771307818737
7.353125 	0.4890625 	0.142991312515
7.56640625 	0.473828125 	0.0825311105893
7.4953125 	0.47890625 	0.0666040541598
7.55625 	0.478125 	0.0556468654614
7.5359375 	0.48671875 	0.0978711747672
7.50546875 	0.480859375 	0.0644908820537
7.52578125 	0.484765625 	0.0666431869766
7.510546875 	0.4818359375 	0.0679345699303
7.515625 	0.4828125 	0.0538858887063
7.490234375 	0.4841796875 	0.0639430226188
Warning: Maximum number of iterations has been exceeded.
6.5 	1.5 	0.0841355560773
6.5 	1.575 	0.111137199656
6.825 	1.5 	0.293378727401
6.175 	1.575 	0.0845268842451
6.175 	1.5 	0.269625107615
6.41875 	1.55625 	0.0573687093997
6.74375 	1.48125 	0.299796509353
6.3171875 	1.5515625 	0.0855052046646
6.459375 	1.528125 	0.0531032323707
6.296875 	1.565625 	0.142521718713
6.58125 	1.51875 	0.114189559364
6.51015625 	1.53046875 	0.0659779290913
6.36796875 	1.55390625 	0.134734288174
6.474609375 	1.536328125 	0.0963449949127
6.4390625 	1.5421875 	0.035963058621
6.484765625 	1.529296875 	0.0650387414886
6.413671875 	1.541015625 	0.0875009783204
6.4669921875 	1.5322265625 	0.0590122877045
6.4314453125 	1.5380859375 	0.0694998826015
6.45810546875 	1.53369140625 	0.061047194177
6.44921875 	1.53515625 	0.104954214604
6.45302734375 	1.53720703125 	0.0683258980981
6.44287109375 	1.54423828125 	0.0619081161462
6.42890625 	1.54921875 	0.0540815527902
Warning: Maximum number of iterations has been exceeded.
6.5 	2.5 	0.637121389998
6.5 	2.625 	0.707716991469
6.825 	2.5 	0.747436800501
6.175 	2.625 	0.506143852234
5.85 	2.6875 	0.484620803005
5.85 	2.5625 	0.428191281208
5.525 	2.53125 	0.0825702434061
4.875 	2.71875 	0.311966815371
4.55 	2.5625 	0.554746810675
5.525 	2.65625 	0.254754637239
6.175 	2.46875 	0.519605541207
5.2 	2.65625 	0.144947953354
5.2 	2.53125 	0.2010252798
5.28125 	2.5625 	0.154731157549
5.44375 	2.625 	0.110511074587
5.76875 	2.5 	0.214291304688
5.3421875 	2.6171875 	0.0644908820537
5.4234375 	2.5234375 	0.0598340768569
5.41328125 	2.47265625 	0.129999217344
Warning: Maximum number of iterations has been exceeded.
6.5 	3.5 	0.849808249198
6.5 	3.675 	0.897472020036
6.825 	3.5 	0.893832668075
6.825 	3.325 	0.874892384754
6.5 	3.325 	0.847499413008
6.3375 	3.2375 	0.810675432418
6.0125 	3.4125 	0.729240040698
5.60625 	3.45625 	0.71620881271
5.44375 	3.19375 	0.480003130625
4.915625 	3.040625 	0.0361587227049
4.184375 	3.259375 	0.437935352587
3.49375 	2.84375 	0.813492995226
5.078125 	3.303125 	0.249002113172
5.809375 	3.084375 	0.611724191907
4.590625 	3.215625 	0.206934335133
4.428125 	2.953125 	0.421812632073
4.915625 	3.215625 	0.105189011505
5.240625 	3.040625 	0.249902167958
4.753125 	3.171875 	0.0777177741254
Warning: Maximum number of iterations has been exceeded.
6.5 	4.5 	0.940283321593
6.5 	4.725 	0.970415590514
6.825 	4.5 	0.969398137278
6.825 	4.275 	0.955192924787
6.5 	4.275 	0.94020505596
6.3375 	4.1625 	0.925999843469
6.0125 	4.3875 	0.893871800892
5.60625 	4.44375 	0.861978555216
5.44375 	4.10625 	0.813492995226
4.915625 	3.909375 	0.627886045238
4.184375 	4.190625 	0.338146669797
3.1078125 	4.2046875 	0.45284495578
3.49375 	3.65625 	0.522579635282
2.7625 	3.9375 	0.671206073413
4.37734375 	3.91640625 	0.239649369962
5.06796875 	4.45078125 	0.84260781091
3.8873046875 	3.8548828125 	0.22313532128
4.0802734375 	3.5806640625 	0.325506769977
4.10629882812 	3.73315429687 	0.143460906316
Warning: Maximum number of iterations has been exceeded.
6.5 	5.5 	0.971746106285
6.5 	5.775 	0.986733975112
6.825 	5.5 	0.980120529076
6.825 	5.225 	0.983133755968
6.74375 	5.3625 	0.985364326524
6.6625 	5.5 	0.987673162714
6.5 	5.6375 	0.977772560069
6.3375 	5.6375 	0.976050716131
6.3375 	5.5 	0.985794787509
6.459375 	5.603125 	0.990960319324
6.41875 	5.56875 	0.988260154966
6.5 	5.56875 	0.98176410738
6.58125 	5.5 	0.979807466541
6.58125 	5.43125 	0.984738201456
6.5203125 	5.534375 	0.985716521875
6.540625 	5.5 	0.979533536824
6.5 	5.534375 	0.98031619316
6.540625 	5.465625 	0.972020036002
6.5 	5.465625 	0.981490177663
6.53046875 	5.49140625 	0.982429365266
6.5203125 	5.4828125 	0.973937544024
6.5203125 	5.5 	0.984738201456
6.5 	5.4828125 	0.985638256242
6.515234375 	5.495703125 	0.974876731627
6.505078125 	5.487109375 	0.984346873288
6.5126953125 	5.4935546875 	0.981803240197
6.51015625 	5.49140625 	0.991077717774
6.5076171875 	5.4978515625 	0.975307192612
Warning: Maximum number of iterations has been exceeded.
6.5 	6.5 	0.996556312123
6.5 	6.825 	0.993621350865
6.825 	6.5 	0.997652030993
6.175 	6.825 	0.991351647492
5.85 	6.9875 	0.993934413399
6.175 	7.15 	0.996556312123
6.41875 	6.6625 	0.992799561712
6.09375 	6.6625 	0.993386553964
6.1953125 	6.703125 	0.984620803005
5.9515625 	6.865625 	0.992173436644
6.068359375 	6.81484375 	0.987751428348
6.088671875 	6.69296875 	0.990412459889
6.11025390625 	6.7259765625 	0.99186037411
6.1318359375 	6.758984375 	0.990608123973
6.18515625 	6.7640625 	0.991899506927
6.1419921875 	6.698046875 	0.992173436644
6.17436523438 	6.74755859375 	0.985990451593
6.23784179687 	6.69169921875 	0.991390780308
6.15833740234 	6.74216308594 	0.995617124521
6.18483886719 	6.72534179688 	0.98505126399
6.16357421875 	6.7310546875 	0.991586444392
6.21657714844 	6.69741210938 	0.991703842843
6.17682495117 	6.72264404297 	0.993582218048
6.19007568359 	6.71423339844 	0.990177662988
6.17944335938 	6.71708984375 	0.991351647492
6.20594482422 	6.70026855469 	0.9944040072
6.18606872559 	6.71288452148 	0.992056038194
6.1926940918 	6.70867919922 	0.992290835094
6.18737792969 	6.71010742187 	0.992134303827
Warning: Maximum number of iterations has been exceeded.
6.5 	7.5 	0.996751976207
6.5 	7.875 	0.99647804649
6.825 	7.5 	0.999295609298
6.175 	7.875 	0.999569539015
6.6625 	7.59375 	0.997534632543
6.3375 	7.78125 	0.998512952962
6.58125 	7.640625 	0.995695390154
6.58125 	8.015625 	0.999804335916
6.5203125 	7.62890625 	0.997143304375
6.540625 	7.7578125 	0.998199890428
6.540625 	7.5703125 	0.997143304375
6.58125 	7.453125 	0.997221570009
6.57109375 	7.529296875 	0.994834468185
6.61171875 	7.599609375 	0.997417234093
6.5583984375 	7.57763671875 	0.993817014949
6.5482421875 	7.46630859375 	0.996908507474
6.57299804688 	7.59704589844 	0.996047585505
6.56474609375 	7.55346679688 	0.996125851139
6.56982421875 	7.60913085938 	0.997104171558
6.5533203125 	7.52197265625 	0.997182437192
6.56569824219 	7.58734130859 	0.996556312123
6.55744628906 	7.54376220703 	0.996125851139
6.55950927734 	7.55465698242 	0.99769116381
6.56157226562 	7.56555175781 	0.998121624795
6.56204833984 	7.58248901367 	0.997886827894
6.55887451172 	7.59457397461 	0.997143304375
Warning: Maximum number of iterations has been exceeded.
6.5 	8.5 	0.99780856226
6.5 	8.925 	0.998395554512
6.825 	8.5 	0.997730296627
6.825 	8.075 	0.999256476481
6.58125 	8.7125 	0.999804335916
6.6625 	8.5 	0.998708617046
6.6625 	8.7125 	0.99757376536
6.825 	8.7125 	0.999686937466
6.703125 	8.553125 	0.999765203099
6.74375 	8.60625 	0.999373874932
6.6625 	8.60625 	0.999608671832
6.74375 	8.7125 	0.99780856226
6.6625 	8.81875 	0.998591218596
6.6828125 	8.765625 	0.998239023245
6.7234375 	8.659375 	0.998826015497
6.69296875 	8.7390625 	0.999139078031
6.703125 	8.7125 	0.998826015497
6.67265625 	8.7390625 	0.999530406199
6.69296875 	8.6859375 	0.999804335916
6.677734375 	8.72578125 	0.999608671832
6.6828125 	8.7125 	0.998826015497
6.667578125 	8.72578125 	0.997886827894
6.647265625 	8.72578125 	0.998199890428
6.65615234375 	8.7224609375 	0.998865148313
6.6650390625 	8.719140625 	0.999530406199
6.67265625 	8.7125 	0.99988260155
6.6548828125 	8.719140625 	0.998591218596
6.65234375 	8.7125 	0.997847695077
Warning: Maximum number of iterations has been exceeded.
6.5 	9.5 	0.999530406199
6.5 	9.975 	0.999765203099
6.825 	9.5 	0.998826015497
6.825 	9.025 	0.999099945214
7.15 	9.025 	0.999608671832
6.6625 	9.38125 	0.999452140565
6.9875 	9.14375 	0.999060812397
6.9875 	9.61875 	0.999686937466
6.865625 	9.1734375 	0.999765203099
6.90625 	9.321875 	0.999647804649
6.825 	9.2625 	0.999647804649
6.90625 	9.559375 	0.999452140565
6.825 	9.7375 	0.999804335916
6.8859375 	9.42578125 	0.999647804649
6.865625 	9.5296875 	0.99878688268
6.865625 	9.4109375 	0.998747749863
6.90625 	9.440625 	0.998982546764
6.8453125 	9.48515625 	0.999960867183
6.865625 	9.4703125 	0.999647804649
6.8453125 	9.45546875 	0.999804335916
6.8859375 	9.42578125 	0.999608671832
6.8859375 	9.36640625 	0.999921734366
6.870703125 	9.4443359375 	0.999530406199
Warning: Maximum number of iterations has been exceeded.
7.5 	0.5 	0.0508726618142
7.5 	0.525 	0.059090553338
7.875 	0.5 	0.444079204821
7.125 	0.525 	0.272794865774
7.3125 	0.51875 	0.095758002661
7.6875 	0.50625 	0.133912499022
7.40625 	0.515625 	0.097010252798
7.5 	0.5125 	0.0520466463176
7.40625 	0.509375 	0.0733740314628
7.59375 	0.503125 	0.126320732566
7.453125 	0.5078125 	0.0670345151444
7.546875 	0.5046875 	0.0523205760351
7.5234375 	0.50546875 	0.0459027940831
7.5234375 	0.49296875 	0.059090553338
7.505859375 	0.5076171875 	0.0544337481412
7.51171875 	0.502734375 	0.0540424199734
7.51171875 	0.508984375 	0.115167879784
7.5234375 	0.49921875 	0.12530327933
7.5146484375 	0.50654296875 	0.111411129373
7.5205078125 	0.50166015625 	0.0656648665571
7.51904296875 	0.502880859375 	0.0937230961885
7.517578125 	0.5041015625 	0.12628159975
7.51904296875 	0.506005859375 	0.168192846521
7.52197265625 	0.503564453125 	0.142247788996
7.52124023438 	0.504174804687 	0.0645300148705
7.52709960938 	0.505541992187 	0.0458245284496
7.53186035156 	0.506262207031 	0.118807231745
Warning: Maximum number of iterations has been exceeded.
7.5 	1.5 	0.679071769586
7.5 	1.575 	0.656805196838
7.875 	1.5 	0.735853486734
7.125 	1.575 	0.53561086327
6.75 	1.6125 	0.276942944353
6.75 	1.6875 	0.390702042733
6.0 	1.725 	0.200790482899
5.25 	1.8 	0.604288956719
6.0 	1.65 	0.270759959302
5.25 	1.7625 	0.549933474211
6.375 	1.65 	0.10452375362
6.375 	1.725 	0.162753384989
6.75 	1.65 	0.37019644674
6.1875 	1.70625 	0.0735696955467
6.1875 	1.63125 	0.162401189638
6.234375 	1.6546875 	0.0993973546216
6.046875 	1.7109375 	0.219769899037
6.29296875 	1.665234375 	0.0489160209752
Warning: Maximum number of iterations has been exceeded.
7.5 	2.5 	0.860491508179
7.5 	2.625 	0.851138764968
7.875 	2.5 	0.906629099163
7.125 	2.625 	0.808679658762
6.75 	2.6875 	0.760037567504
6.75 	2.8125 	0.796274555843
6.0 	2.875 	0.626164201299
5.25 	3.0 	0.259098379901
5.25 	2.875 	0.172849651718
4.5 	2.90625 	0.450496986773
3.75 	3.1875 	0.663536041324
4.5 	3.0625 	0.285043437427
6.0 	2.8125 	0.542733035924
4.875 	3.0 	0.0782265007435
4.875 	2.875 	0.196172810519
4.96875 	2.90625 	0.107576113329
4.59375 	3.03125 	0.240079830946
5.0859375 	2.9140625 	0.0822963136887
4.9921875 	3.0078125 	0.0501682711122
5.00390625 	3.05859375 	0.128473037489
Warning: Maximum number of iterations has been exceeded.
7.5 	3.5 	0.94713156453
7.5 	3.675 	0.955584252955
7.875 	3.5 	0.962275964624
7.125 	3.675 	0.942787821867
6.75 	3.7625 	0.911990295061
6.75 	3.5875 	0.915003521954
6.0 	3.85 	0.84237301401
5.25 	4.025 	0.71049542146
5.25 	4.2 	0.777138608437
3.75 	4.4625 	0.196172810519
2.25 	4.8125 	0.559990608124
3.75 	4.2875 	0.0749002113172
3.0 	4.33125 	0.455114659153
2.25 	4.725 	0.604054159818
3.0 	4.55 	0.342686076544
4.5 	4.2 	0.504343742663
3.375 	4.4625 	0.127807779604
3.375 	4.2875 	0.22775299366
3.65625 	4.41875 	0.106676058543
Warning: Maximum number of iterations has been exceeded.
7.5 	4.5 	0.987438365814
7.5 	4.725 	0.979377005557
7.875 	4.5 	0.987673162714
7.125 	4.725 	0.976324645848
6.75 	4.8375 	0.977381231901
7.125 	4.95 	0.987320967363
7.21875 	4.8375 	0.976755106833
6.84375 	4.8375 	0.96536745715
6.515625 	4.89375 	0.97021992643
6.75 	4.725 	0.964741332081
6.515625 	4.66875 	0.954684198169
6.234375 	4.78125 	0.952531893246
5.7890625 	4.809375 	0.940165923143
5.4609375 	4.640625 	0.893323941457
4.76953125 	4.5421875 	0.747945527119
4.04296875 	4.6828125 	0.568482429365
2.806640625 	4.68984375 	0.418290678563
1.787109375 	4.42265625 	0.835289974172
2.78759765625 	4.5193359375 	0.498082491978
0.82470703125 	4.6669921875 	0.932808953588
3.78332519531 	4.57338867188 	0.304727244267
Warning: Maximum number of iterations has been exceeded.
7.5 	5.5 	0.994051811849
7.5 	5.775 	0.992447366361
7.875 	5.5 	0.991469045942
7.875 	5.775 	0.9941692103
7.59375 	5.56875 	0.992682163262
7.78125 	5.70625 	0.993034358613
7.640625 	5.603125 	0.990099397355
8.015625 	5.328125 	0.996908507474
7.62890625 	5.66328125 	0.990686389606
7.39453125 	5.76640625 	0.99428660875
7.7548828125 	5.5666015625 	0.994051811849
7.634765625 	5.633203125 	0.990921186507
7.7578125 	5.5515625 	0.993660483682
7.517578125 	5.684765625 	0.999099945214
7.69775390625 	5.58486328125 	0.995891054238
7.6376953125 	5.6181640625 	0.996086718322
7.69921875 	5.57734375 	0.9941692103
7.7021484375 	5.5623046875 	0.993464819598
7.6435546875 	5.5880859375 	0.995969319872
7.68530273438 	5.58002929688 	0.99307349143
7.62377929688 	5.62084960938 	0.999491273382
7.68255615234 	5.57694091797 	0.995225796353
7.66296386719 	5.59157714844 	0.999726070283
7.67138671875 	5.58271484375 	0.995343194803
7.64904785156 	5.59426269531 	0.996047585505
7.65252685547 	5.59359130859 	0.992643030445
Warning: Maximum number of iterations has been exceeded.
7.5 	6.5 	0.99757376536
7.5 	6.825 	0.998004226344
7.875 	6.5 	0.997182437192
7.875 	6.175 	0.997847695077
7.78125 	6.3375 	0.996986773108
8.15625 	6.3375 	0.997495499726
7.9921875 	6.378125 	0.998434687329
7.828125 	6.41875 	0.99526492917
7.640625 	6.41875 	0.994599671284
7.6875 	6.5 	0.995030132269
7.5 	6.5 	0.994443140017
7.3359375 	6.540625 	0.994795335368
7.453125 	6.41875 	0.997182437192
7.62890625 	6.4796875 	0.995891054238
7.5703125 	6.459375 	0.99769116381
7.59375 	6.5 	0.998669484229
7.4765625 	6.459375 	0.995030132269
7.40625 	6.5 	0.99878688268
7.529296875 	6.46953125 	0.996830241841
7.447265625 	6.48984375 	0.997612898176
7.5087890625 	6.474609375 	0.997886827894
7.48828125 	6.4796875 	0.994990999452
7.5146484375 	6.484765625 	0.995812788605
7.4736328125 	6.494921875 	0.999843468733
7.50439453125 	6.4873046875 	0.996047585505
7.494140625 	6.48984375 	0.995734522971
7.50732421875 	6.4923828125 	0.997182437192
Warning: Maximum number of iterations has been exceeded.
7.5 	7.5 	0.999530406199
7.5 	7.875 	0.998121624795
7.875 	7.5 	0.999843468733
7.125 	7.875 	0.997612898176
6.75 	8.0625 	0.997652030993
7.125 	8.25 	0.997847695077
6.75 	8.25 	0.999686937466
7.3125 	7.96875 	0.999295609298
7.125 	8.0625 	0.998004226344
7.3125 	7.875 	0.998121624795
6.9375 	8.0625 	0.999686937466
7.21875 	7.921875 	0.998043359161
7.03125 	8.015625 	0.998669484229
7.171875 	7.9453125 	0.99988260155
7.125 	7.96875 	0.999295609298
7.171875 	7.8984375 	0.999060812397
7.171875 	7.8046875 	0.998473820146
7.125 	7.78125 	0.998004226344
7.078125 	7.8515625 	0.999256476481
7.1484375 	7.81640625 	0.998082491978
7.1015625 	7.83984375 	0.999765203099
7.13671875 	7.822265625 	0.998473820146
7.125 	7.828125 	0.998199890428
7.13671875 	7.845703125 	0.99780856226
Warning: Maximum number of iterations has been exceeded.
7.5 	8.5 	0.998826015497
7.5 	8.925 	0.999530406199
7.875 	8.5 	0.999726070283
7.125 	8.925 	0.999178210848
7.125 	8.5 	0.999569539015
7.40625 	8.81875 	0.999295609298
7.21875 	8.60625 	0.999804335916
7.359375 	8.765625 	0.999256476481
7.265625 	8.659375 	0.998630351413
7.21875 	8.60625 	0.99988260155
7.640625 	8.234375 	0.999334742115
7.25390625 	8.75234375 	0.998512952962
7.01953125 	8.91171875 	0.99878688268
7.1396484375 	8.8087890625 	0.998630351413
7.3798828125 	8.6029296875 	1.0
7.19970703125 	8.75732421875 	0.998239023245
7.18798828125 	8.85029296875 	0.999334742115
7.24621582031 	8.70710449219 	0.999608671832
7.22680664062 	8.75483398438 	0.99878688268
7.23266601562 	8.70834960938 	0.999530406199
7.19384765625 	8.80380859375 	0.999491273382
7.20355224609 	8.77994384766 	0.999413007748
Warning: Maximum number of iterations has been exceeded.
7.5 	9.5 	0.999334742115
7.5 	9.975 	0.998826015497
7.875 	9.5 	0.999726070283
7.125 	9.975 	0.999686937466
7.3125 	9.85625 	1.0
7.5 	9.7375 	0.999921734366
7.6875 	9.7375 	1.0
7.3125 	9.975 	1.0
7.59375 	9.796875 	0.999960867183
7.40625 	9.915625 	0.999843468733
7.40625 	10.153125 	0.999921734366
7.4765625 	9.84140625 	0.99988260155
7.4296875 	10.04921875 	0.999843468733
7.44140625 	9.997265625 	0.99988260155
7.453125 	9.9453125 	0.999921734366
7.48828125 	9.908203125 	0.999843468733
7.53515625 	9.937890625 	0.999960867183
7.4736328125 	9.94345703125 	0.999686937466
7.4853515625 	10.0102539062 	1.0
7.48754882812 	9.93371582031 	0.999921734366
7.48681640625 	9.95922851562 	0.999960867183
7.494140625 	9.9416015625 	0.999960867183
7.49267578125 	9.99262695313 	0.999921734366
7.505859375 	10.0083984375 	0.999921734366
7.50109863281 	9.99610595703 	0.999960867183
7.49633789062 	9.98381347656 	0.999960867183
7.49340820312 	9.96711425781 	0.999921734366
Warning: Maximum number of iterations has been exceeded.
8.5 	0.5 	0.634342960006
8.5 	0.525 	0.65156139939
8.925 	0.5 	0.767511935509
8.075 	0.525 	0.459145339282
7.65 	0.5375 	0.175001956641
7.65 	0.5125 	0.148704703765
7.225 	0.50625 	0.185528684355
6.8 	0.55 	0.423338811928
7.225 	0.5375 	0.15848790796
7.225 	0.5125 	0.213939109337
7.54375 	0.53125 	0.185567817171
7.4375 	0.525 	0.0754480707521
7.65 	0.525 	0.199538232762
7.4375 	0.5125 	0.0417547155044
7.33125 	0.50625 	0.0598732096736
7.225 	0.525 	0.199459967128
7.54375 	0.515625 	0.0678954371136
7.54375 	0.503125 	0.0396415433983
7.596875 	0.4921875 	0.110589340221
7.4375 	0.5 	0.0734914299131
7.5171875 	0.51171875 	0.0855443374814
7.490625 	0.5078125 	0.0845660170619
7.54375 	0.509375 	0.0585818267199
7.596875 	0.5046875 	0.122094388354
7.5171875 	0.50703125 	0.132151522267
7.54375 	0.50625 	0.0860921969163
7.5171875 	0.50546875 	0.0860921969163
Warning: Maximum number of iterations has been exceeded.
8.5 	1.5 	0.873131407999
8.5 	1.575 	0.845621037802
8.925 	1.5 	0.920560381936
8.075 	1.575 	0.800500900055
7.65 	1.6125 	0.705134225562
7.65 	1.6875 	0.7185176489
6.8 	1.725 	0.412968615481
5.95 	1.8 	0.172693120451
5.95 	1.725 	0.259098379901
4.25 	1.9125 	0.840103310636
6.8 	1.6875 	0.401150504813
5.1 	1.8375 	0.586326993817
6.375 	1.725 	0.164044767942
6.375 	1.8 	0.177976050716
6.26875 	1.78125 	0.05055959928
6.69375 	1.70625 	0.314275651561
6.1359375 	1.7765625 	0.064256085153
6.0296875 	1.8328125 	0.170188620177
6.288671875 	1.751953125 	0.0801440087658
Warning: Maximum number of iterations has been exceeded.
8.5 	2.5 	0.935861313297
8.5 	2.625 	0.953471080848
8.925 	2.5 	0.976168114581
8.075 	2.625 	0.950105658605
8.075 	2.5 	0.926978163888
7.8625 	2.4375 	0.897119824685
8.2875 	2.3125 	0.93218282852
7.65 	2.25 	0.842333881193
7.225 	2.125 	0.767355404242
6.8 	2.25 	0.651326602489
6.05625 	2.21875 	0.249706503874
5.41875 	1.90625 	0.468028488691
4.25 	2.0 	0.828676528136
6.48125 	2.09375 	0.400133051577
7.11875 	2.40625 	0.789700242623
5.84375 	2.03125 	0.0775221100415
5.41875 	2.15625 	0.338655396415
5.684375 	2.140625 	0.192768255459
Warning: Maximum number of iterations has been exceeded.
8.5 	3.5 	0.984542537372
8.5 	3.675 	0.987438365814
8.925 	3.5 	0.983094623151
8.925 	3.325 	0.988181889332
8.60625 	3.5875 	0.987438365814
8.7125 	3.5 	0.983368552868
8.7125 	3.5875 	0.987868826798
8.925 	3.4125 	0.996360648039
8.765625 	3.54375 	0.989081944118
8.81875 	3.5 	0.984386006105
8.81875 	3.54375 	0.980903185411
8.925 	3.54375 	0.988534084683
8.8453125 	3.5109375 	0.987868826798
8.871875 	3.521875 	0.994990999452
8.81875 	3.521875 	0.98516866244
8.765625 	3.54375 	0.989160209752
8.7921875 	3.53828125 	0.980472724427
8.7921875 	3.56015625 	0.990138530171
8.812109375 	3.5314453125 	0.978476950771
8.785546875 	3.5259765625 	0.986303514127
8.81044921875 	3.53930664063 	0.99209517101
8.8021484375 	3.53486328125 	0.992877827346
8.8154296875 	3.53759765625 	0.984894732723
8.825390625 	3.5341796875 	0.984816467089
8.8220703125 	3.52802734375 	0.986812240745
8.81708984375 	3.53520507813 	0.9885732175
8.81875 	3.5328125 	0.982038037098
8.81376953125 	3.53452148438 	0.985912185959
8.81708984375 	3.52973632813 	0.989708069187
8.81459960938 	3.53332519531 	0.992447366361
8.8154296875 	3.53212890625 	0.983212021601
8.81293945313 	3.53298339844 	0.98262502935
Warning: Maximum number of iterations has been exceeded.
8.5 	4.5 	0.994677936918
8.5 	4.725 	0.99671284339
8.925 	4.5 	0.991938639743
8.925 	4.275 	0.999178210848
8.60625 	4.6125 	0.997143304375
8.7125 	4.5 	0.994756202551
8.7125 	4.6125 	0.993269155514
8.925 	4.6125 	0.999452140565
8.765625 	4.528125 	0.994208343117
8.871875 	4.584375 	0.994482272834
8.7921875 	4.5421875 	0.990490725522
9.0046875 	4.4296875 	0.990529858339
8.871875 	4.471875 	0.990529858339
8.88515625 	4.47890625 	0.99209517101
8.8984375 	4.4859375 	0.992643030445
8.85859375 	4.52109375 	0.993777882132
8.83203125 	4.50703125 	0.993151757063
8.838671875 	4.510546875 	0.992682163262
8.851953125 	4.517578125 	0.994795335368
8.8419921875 	4.5123046875 	0.993934413399
8.8453125 	4.5140625 	0.996673710574
8.8154296875 	4.5263671875 	0.990412459889
8.7623046875 	4.5544921875 	0.99295609298
8.78305664063 	4.54438476563 	0.996164983956
8.80380859375 	4.53427734375 	0.995577991704
8.83037109375 	4.52021484375 	0.989903733271
8.8419921875 	4.5123046875 	0.994560538468
8.83244628906 	4.51779785156 	0.993543085231
Warning: Maximum number of iterations has been exceeded.
8.5 	5.5 	0.996204116772
8.5 	5.775 	0.997886827894
8.925 	5.5 	0.998395554512
8.075 	5.775 	0.998747749863
8.7125 	5.56875 	0.995147530719
8.7125 	5.29375 	0.995851921421
8.925 	5.3625 	0.99538232762
8.925 	5.6375 	0.998669484229
8.765625 	5.3796875 	0.997299835642
8.81875 	5.465625 	0.997456366909
8.7125 	5.43125 	0.997612898176
8.81875 	5.603125 	0.995343194803
8.7125 	5.70625 	0.995577991704
8.7390625 	5.64609375 	0.99769116381
8.765625 	5.5859375 	0.997065038741
8.765625 	5.5171875 	0.99769116381
8.7125 	5.6375 	0.997612898176
8.72578125 	5.607421875 	0.999686937466
8.7390625 	5.57734375 	0.99647804649
8.7390625 	5.54296875 	0.998473820146
8.7125 	5.603125 	0.999217343664
8.732421875 	5.5580078125 	0.997260702825
8.719140625 	5.5880859375 	0.999256476481
8.7291015625 	5.56552734375 	0.999530406199
8.72578125 	5.573046875 	0.998082491978
8.7224609375 	5.56337890625 	0.998317288878
Warning: Maximum number of iterations has been exceeded.
8.5 	6.5 	0.998082491978
8.5 	6.825 	0.999843468733
8.925 	6.5 	0.999139078031
8.925 	6.175 	0.998630351413
8.5 	6.175 	0.998199890428
8.075 	6.5 	0.999139078031
8.7125 	6.25625 	0.998826015497
8.5 	6.3375 	0.998473820146
8.7125 	6.3375 	0.999139078031
8.2875 	6.5 	0.996830241841
8.075 	6.58125 	0.997260702825
8.2875 	6.6625 	0.997886827894
8.075 	6.6625 	0.999569539015
8.39375 	6.540625 	0.997143304375
8.39375 	6.378125 	0.997260702825
8.3671875 	6.44921875 	0.997652030993
8.340625 	6.5203125 	0.998669484229
8.2875 	6.58125 	0.99988260155
8.340625 	6.4390625 	0.999178210848
8.32734375 	6.474609375 	0.997769429444
8.27421875 	6.454296875 	0.998591218596
8.2908203125 	6.47080078125 	0.999491273382
8.307421875 	6.4873046875 	0.999765203099
8.3140625 	6.51015625 	0.999921734366
Warning: Maximum number of iterations has been exceeded.
8.5 	7.5 	0.999765203099
8.5 	7.875 	0.998943413947
8.925 	7.5 	0.998747749863
8.925 	7.875 	0.999452140565
8.81875 	7.78125 	0.999686937466
8.7125 	7.6875 	0.998708617046
8.7125 	7.5 	0.998512952962
8.5 	7.6875 	0.999569539015
8.81875 	7.546875 	0.999217343664
8.7125 	7.59375 	0.999765203099
8.81875 	7.5 	0.999413007748
8.81875 	7.40625 	0.999060812397
8.7125 	7.40625 	0.999295609298
8.7390625 	7.4296875 	0.999413007748
8.765625 	7.453125 	0.998982546764
8.765625 	7.5 	0.99902167958
8.7125 	7.453125 	0.999373874932
8.75234375 	7.48828125 	0.99988260155
8.7390625 	7.4765625 	0.999647804649
8.7390625 	7.5 	0.999256476481
8.7125 	7.5234375 	0.99902167958
8.6859375 	7.5234375 	0.999804335916
8.72578125 	7.505859375 	0.999686937466
8.7125 	7.51171875 	0.99902167958
8.72578125 	7.5 	0.999804335916
8.69921875 	7.51171875 	0.999921734366
8.719140625 	7.5029296875 	0.998826015497
8.719140625 	7.4912109375 	0.99988260155
8.71416015625 	7.50659179688 	0.999843468733
8.7158203125 	7.50146484375 	0.999726070283
8.7125 	7.505859375 	0.998747749863
Warning: Maximum number of iterations has been exceeded.
8.5 	8.5 	0.999765203099
8.5 	8.925 	0.999960867183
8.925 	8.5 	0.999726070283
8.925 	8.075 	0.999334742115
9.1375 	7.65 	0.999608671832
9.35 	8.075 	0.999295609298
9.775 	7.8625 	0.999960867183
9.35 	7.65 	0.99902167958
9.5625 	7.225 	0.999804335916
9.775 	7.65 	0.999765203099
9.1375 	7.96875 	0.999843468733
9.35 	7.8625 	0.999921734366
9.1375 	7.8625 	0.999960867183
9.5625 	7.65 	0.999608671832
9.5625 	7.4375 	0.999726070283
9.509375 	7.54375 	0.99878688268
9.296875 	7.54375 	0.999686937466
9.49609375 	7.6234375 	0.999608671832
9.4296875 	7.596875 	0.999334742115
9.5359375 	7.596875 	1.0
9.403125 	7.54375 	0.999804335916
9.436328125 	7.55703125 	0.999099945214
9.516015625 	7.50390625 	0.999843468733
9.45126953125 	7.5736328125 	0.999686937466
9.4728515625 	7.550390625 	0.999569539015
9.46953125 	7.5703125 	0.999726070283
Warning: Maximum number of iterations has been exceeded.
8.5 	9.5 	0.999686937466
8.5 	9.975 	0.999960867183
8.925 	9.5 	0.999960867183
8.075 	9.975 	0.999960867183
8.7125 	9.61875 	0.99988260155
8.7125 	9.14375 	0.99988260155
8.659375 	9.3515625 	0.999686937466
8.446875 	9.2328125 	0.999256476481
8.3140625 	9.03984375 	0.999686937466
8.2875 	9.38125 	0.999960867183
8.56640625 	9.358984375 	0.999921734366
8.4734375 	9.36640625 	0.999960867183
8.553125 	9.2921875 	0.999569539015
8.5265625 	9.15859375 	0.999608671832
8.51328125 	9.210546875 	0.999804335916
8.5 	9.2625 	1.0
8.46015625 	9.299609375 	1.0
8.48671875 	9.195703125 	1.0
8.466796875 	9.2736328125 	1.0
8.4734375 	9.24765625 	0.999960867183
8.453515625 	9.2662109375 	0.999530406199
8.426953125 	9.2513671875 	0.999726070283
8.43857421875 	9.25043945313 	1.0
8.4501953125 	9.24951171875 	0.999726070283
8.46015625 	9.240234375 	1.0
8.4369140625 	9.24208984375 	0.999452140565
8.43359375 	9.225390625 	1.0
8.44604492187 	9.24348144531 	0.99988260155
8.44189453125 	9.23745117188 	0.999686937466
8.44853515625 	9.24116210938 	0.999921734366
Warning: Maximum number of iterations has been exceeded.
9.5 	0.5 	0.885849573452
9.5 	0.525 	0.890467245832
9.975 	0.5 	0.920990842921
9.025 	0.525 	0.813219065508
8.55 	0.5375 	0.699538232762
8.55 	0.5125 	0.673319245519
8.075 	0.50625 	0.397941613837
7.125 	0.54375 	0.321554355483
5.9375 	0.565625 	0.770446896768
6.65 	0.5125 	0.557290443766
7.125 	0.51875 	0.281130155749
6.175 	0.55625 	0.709908429209
7.6 	0.51875 	0.109141426
7.6 	0.49375 	0.102841042498
7.8375 	0.46875 	0.285591296862
8.075 	0.49375 	0.466032715035
7.3625 	0.5125 	0.0957188698443
7.3625 	0.4875 	0.149252563199
7.540625 	0.5109375 	0.0652735383893
7.303125 	0.5296875 	0.120411677233
7.52578125 	0.502734375 	0.0801440087658
Warning: Maximum number of iterations has been exceeded.
9.5 	1.5 	0.955779917038
9.5 	1.575 	0.94482272834
9.975 	1.5 	0.980864052595
9.025 	1.575 	0.923299679111
8.55 	1.6125 	0.898919934257
8.55 	1.6875 	0.900406981295
7.6 	1.725 	0.712999921734
6.65 	1.8 	0.369139860687
6.65 	1.725 	0.369335524771
4.75 	1.9125 	0.703725444157
5.7 	1.8375 	0.363935196055
5.7 	1.9125 	0.350551772717
5.225 	2.00625 	0.515183532911
4.75 	1.95 	0.717813258198
6.175 	1.8375 	0.0491508178759
6.175 	1.9125 	0.103506300384
6.65 	1.8375 	0.381818893324
5.9375 	1.89375 	0.14498708617
Warning: Maximum number of iterations has been exceeded.
9.5 	2.5 	0.975620255146
9.5 	2.625 	0.979181341473
9.975 	2.5 	0.989121076935
9.025 	2.625 	0.961923769273
8.55 	2.6875 	0.951240510292
8.55 	2.5625 	0.939618063708
8.075 	2.53125 	0.943100884402
7.6 	2.75 	0.893871800892
6.65 	2.875 	0.810714565234
6.65 	2.75 	0.739375440244
5.7 	2.78125 	0.451670971277
3.8 	3.09375 	0.62178132582
2.85 	3.0 	0.868944196603
5.7 	2.90625 	0.446779369179
7.6 	2.59375 	0.901385301714
4.75 	2.96875 	0.202786256555
4.75 	3.09375 	0.0880879705721
4.275 	3.25 	0.337285747828
3.8 	3.15625 	0.612115520075
5.225 	2.96875 	0.222665727479
Warning: Maximum number of iterations has been exceeded.
9.5 	3.5 	0.993464819598
9.5 	3.675 	0.995734522971
9.975 	3.5 	0.997612898176
9.025 	3.675 	0.990177662988
8.55 	3.7625 	0.99209517101
9.025 	3.5 	0.98164670893
8.7875 	3.4125 	0.991742975659
8.55 	3.675 	0.985794787509
8.55 	3.5 	0.982311966815
9.025 	3.325 	0.982703294983
8.90625 	3.4125 	0.980590122877
9.38125 	3.4125 	0.987712295531
8.7578125 	3.478125 	0.980707521327
8.6390625 	3.390625 	0.982507630899
8.928515625 	3.47265625 	0.985559990608
8.83203125 	3.4453125 	0.984855599906
8.965625 	3.45625 	0.984816467089
9.03984375 	3.4234375 	0.991938639743
8.883984375 	3.43984375 	0.982429365266
8.824609375 	3.39609375 	0.994051811849
8.93037109375 	3.4412109375 	0.98614698286
8.8951171875 	3.426171875 	0.987555764264
8.9359375 	3.434375 	0.979963997809
Warning: Maximum number of iterations has been exceeded.
9.5 	4.5 	0.995577991704
9.5 	4.725 	0.998669484229
9.975 	4.5 	0.99769116381
9.975 	4.275 	0.995734522971
9.5 	4.275 	0.995695390154
9.025 	4.5 	0.997025905925
9.7375 	4.33125 	0.998278156062
9.5 	4.3875 	0.998826015497
9.7375 	4.3875 	0.99319088988
9.7375 	4.5 	0.999139078031
9.559375 	4.415625 	0.994795335368
9.796875 	4.303125 	0.997143304375
9.57421875 	4.45078125 	0.996438913673
9.6484375 	4.4015625 	0.998278156062
9.61875 	4.44375 	0.997025905925
9.7078125 	4.4296875 	0.998004226344
9.69296875 	4.42265625 	0.996243249589
9.81171875 	4.36640625 	0.998317288878
9.6669921875 	4.4244140625 	0.997456366909
9.715234375 	4.405078125 	0.99757376536
9.678125 	4.415625 	0.998082491978
9.774609375 	4.376953125 	0.998199890428
9.70224609375 	4.40595703125 	0.996517179307
9.72451171875 	4.38837890625 	0.995734522971
Warning: Maximum number of iterations has been exceeded.
9.5 	5.5 	0.999217343664
9.5 	5.775 	0.999647804649
9.975 	5.5 	0.998708617046
9.975 	5.225 	0.99878688268
10.45 	5.225 	0.999373874932
9.7375 	5.43125 	0.99988260155
9.975 	5.3625 	0.999960867183
9.7375 	5.5 	0.998082491978
9.7375 	5.6375 	0.999530406199
9.796875 	5.56875 	0.998356421695
9.559375 	5.56875 	0.999060812397
9.87109375 	5.5171875 	0.998082491978
9.81171875 	5.4484375 	0.998591218596
9.8005859375 	5.538671875 	0.997965093527
9.6669921875 	5.521484375 	0.999765203099
9.82006835938 	5.51826171875 	0.999373874932
9.76904296875 	5.5193359375 	0.998630351413
9.83583984375 	5.5279296875 	0.998865148313
9.7337890625 	5.530078125 	0.997104171558
9.68276367187 	5.53115234375 	0.998982546764
9.76533203125 	5.5494140625 	0.998395554512
9.76625976562 	5.54189453125 	0.998630351413
9.7671875 	5.534375 	0.99769116381
9.75141601563 	5.52470703125 	0.99878688268
9.74956054687 	5.53974609375 	0.999608671832
9.75095214844 	5.52846679688 	0.999491273382
9.75048828125 	5.5322265625 	0.999256476481
9.74260253906 	5.52739257813 	0.999452140565
Warning: Maximum number of iterations has been exceeded.
9.5 	6.5 	0.999608671832
9.5 	6.825 	0.999452140565
9.975 	6.5 	0.999726070283
9.025 	6.825 	0.999452140565
9.025 	7.15 	0.999608671832
9.38125 	6.6625 	0.998082491978
9.85625 	6.6625 	0.999726070283
9.2328125 	6.784375 	0.998747749863
9.1140625 	6.621875 	0.997965093527
8.92109375 	6.5203125 	0.99890428113
9.2625 	6.5 	0.999530406199
9.240234375 	6.71328125 	0.999334742115
9.24765625 	6.6421875 	0.999647804649
9.1734375 	6.703125 	0.999765203099
9.18828125 	6.5609375 	0.999647804649
9.1845703125 	6.596484375 	1.0
9.180859375 	6.63203125 	0.999765203099
9.14375 	6.6625 	0.99902167958
9.076953125 	6.65234375 	0.998865148313
9.047265625 	6.61171875 	0.998317288878
9.084375 	6.58125 	0.998317288878
9.08251953125 	6.5990234375 	0.999765203099
9.0806640625 	6.616796875 	0.999569539015
9.0955078125 	6.637109375 	0.99988260155
Warning: Maximum number of iterations has been exceeded.
9.5 	7.5 	0.999647804649
9.5 	7.875 	0.999608671832
9.975 	7.5 	0.999413007748
9.975 	7.875 	1.0
9.61875 	7.59375 	0.999765203099
9.7375 	7.6875 	0.99902167958
9.7375 	7.5 	0.999960867183
9.975 	7.6875 	0.999960867183
9.796875 	7.546875 	0.999647804649
9.915625 	7.640625 	1.0
9.8265625 	7.5703125 	0.999804335916
9.85625 	7.59375 	0.99988260155
9.7671875 	7.6171875 	0.999960867183
9.8265625 	7.6640625 	0.999530406199
9.7078125 	7.7578125 	0.999452140565
9.61875 	7.78125 	0.999960867183
9.774609375 	7.693359375 	1.0
9.72265625 	7.72265625 	0.999765203099
9.78203125 	7.67578125 	0.999843468733
9.678125 	7.734375 	0.999569539015
9.69296875 	7.69921875 	0.999960867183
9.715234375 	7.716796875 	0.999921734366
9.7078125 	7.7109375 	0.999765203099
9.730078125 	7.705078125 	0.999765203099
9.715234375 	7.693359375 	0.999921734366
9.7263671875 	7.7021484375 	0.999726070283
Warning: Maximum number of iterations has been exceeded.
9.5 	8.5 	0.999921734366
9.5 	8.925 	0.999686937466
9.975 	8.5 	1.0
9.025 	8.925 	0.999569539015
8.55 	9.1375 	0.999843468733
9.025 	9.35 	0.999686937466
9.14375 	9.1375 	0.999960867183
9.2625 	8.925 	0.999960867183
9.2625 	8.7125 	1.0
9.025 	9.1375 	0.999921734366
8.7875 	9.1375 	0.999843468733
8.7875 	8.925 	0.999569539015
9.025 	8.7125 	1.0
8.846875 	9.03125 	0.999843468733
8.90625 	8.925 	0.99988260155
8.90625 	9.03125 	0.999960867183
9.025 	8.81875 	0.999726070283
9.14375 	8.81875 	0.999960867183
8.965625 	8.8984375 	0.999804335916
9.084375 	8.8453125 	1.0
8.9953125 	8.88515625 	0.999960867183
9.025 	8.871875 	0.999647804649
8.9953125 	8.91171875 	1.0
Warning: Maximum number of iterations has been exceeded.
9.5 	9.5 	0.999843468733
9.5 	9.975 	0.999921734366
9.975 	9.5 	1.0
9.025 	9.975 	1.0
9.7375 	9.61875 	1.0
9.5 	9.7375 	0.999921734366
9.7375 	9.5 	0.999921734366
9.2625 	9.7375 	0.999960867183
9.61875 	9.559375 	0.999960867183
9.5 	9.61875 	1.0
9.61875 	9.5 	0.999960867183
9.61875 	9.38125 	0.999686937466
9.678125 	9.2625 	1.0
9.5 	9.38125 	0.999960867183
9.5890625 	9.4703125 	1.0
9.559375 	9.440625 	1.0
9.61875 	9.440625 	0.999960867183
9.678125 	9.38125 	1.0
9.5890625 	9.42578125 	1.0
9.61875 	9.4109375 	1.0
9.5890625 	9.4109375 	0.999960867183
9.5890625 	9.38125 	1.0
9.611328125 	9.403515625 	1.0
9.60390625 	9.39609375 	0.999921734366
9.61875 	9.39609375 	1.0
9.60390625 	9.38125 	1.0
9.6150390625 	9.3923828125 	1.0
9.611328125 	9.388671875 	1.0
9.61875 	9.388671875 	0.999960867183
9.626171875 	9.38125 	0.99988260155
9.626171875 	9.373828125 	0.999960867183
9.62060546875 	9.3849609375 	0.999960867183
9.6224609375 	9.38125 	1.0
9.61875 	9.3849609375 	0.999960867183
Warning: Maximum number of iterations has been exceeded.
