78	6.893429543047847	21.798109597569134
78	6.893429543047847	29.059872931954374
78	6.893429543047847	43.860838830385504
78	6.893429543047847	15.26864480983557
78	6.893429543047847	2.983331521431539
78	6.893429543047847	46.42586911584433
78	6.893429543047847	8.413842408792544
78	6.893429543047847	55.737046622283565
78	6.893429543047847	38.92101415166068
78	6.893429543047847	44.77776515935598
78	6.893429543047847	24.587531898734664
78	6.893429543047847	102.59549466964776
78	6.893429543047847	22.992970565679816
78	6.893429543047847	13.620267486218752
78	6.893429543047847	16.442563979696246
78	6.893429543047847	35.31761313705205
78	6.893429543047847	103.33443805413896
78	6.893429543047847	6.459159028007736
78	6.893429543047847	8.42273773046854
78	6.893429543047847	64.52418082526474
78	6.893429543047847	24.312565225827726
78	6.893429543047847	12.63596052517127
78	6.893429543047847	11.564470744863577
78	6.893429543047847	7.060100251788962
78	6.893429543047847	67.76755318145966
78	6.893429543047847	11.2208807382722
78	6.893429543047847	15.980669756638079
78	6.893429543047847	10.49666910731161
78	6.893429543047847	10.56745429568431
78	6.893429543047847	94.57490145048668
78	6.893429543047847	14.82891594962056
78	6.893429543047847	12.724610762151961
78	6.893429543047847	66.27368272675227
78	6.893429543047847	7.630798211166292
78	6.893429543047847	14.67475971445323
78	6.893429543047847	34.11545827706826
78	6.893429543047847	66.82410636301151
78	6.893429543047847	18.441889836340806
78	6.893429543047847	17.73197235451291
78	6.893429543047847	30.23391497814123
78	6.893429543047847	15.118442016472873
78	6.893429543047847	8.148453375525888
78	6.893429543047847	5.77415888432613
78	6.893429543047847	77.0878060956992
78	6.893429543047847	12.00292923088495
78	6.893429543047847	3.031826283306995
78	6.893429543047847	156.44054374572912
78	6.893429543047847	11.137178917645599
78	6.893429543047847	81.79666111778967
78	6.893429543047847	22.19872158788802
78	6.893429543047847	18.122214552985376
78	6.893429543047847	26.598487172235274
78	6.893429543047847	20.213387571413246
78	6.893429543047847	11.34087534172673
78	6.893429543047847	17.4809357468538
78	6.893429543047847	13.200955454134156
78	6.893429543047847	3.863485501387827
78	6.893429543047847	53.57956602687913
78	6.893429543047847	1.7986112816138595
78	6.893429543047847	4.604714509820963
78	6.893429543047847	2.825920511091638
78	6.893429543047847	15.256691701758031
78	6.893429543047847	34.95297557914443
78	6.893429543047847	50.74175502923085
78	6.893429543047847	25.614874531839828
78	6.893429543047847	27.419349837971392
78	6.893429543047847	28.645148989482895
78	6.893429543047847	39.36661262048079
78	6.893429543047847	50.10646916982931
78	6.893429543047847	18.189220221693006
78	6.893429543047847	10.575505742374581
78	6.893429543047847	24.348903113755384
78	6.893429543047847	95.37062569806675
78	6.893429543047847	36.23237361597702
78	6.893429543047847	34.05392311936368
78	6.893429543047847	8.911858105899173
78	6.893429543047847	5.043343089225971
78	6.893429543047847	7.721044837839498
