33	1.9625756109396457	1.7755997694987466
33	1.9625756109396457	12.930470367803158
33	1.9625756109396457	2.7906182711580914
33	1.9625756109396457	1.1269005595048076
33	1.9625756109396457	3.447551847472546
33	1.9625756109396457	5.404949226188176
33	1.9625756109396457	2.4014442947947843
33	1.9625756109396457	1.1960118123347243
33	1.9625756109396457	12.035099485044633
33	1.9625756109396457	3.6847091026810634
33	1.9625756109396457	6.216130459809969
33	1.9625756109396457	1.7120689824332476
33	1.9625756109396457	0.4208598254553369
33	1.9625756109396457	10.145960476713624
33	1.9625756109396457	3.656613801937998
33	1.9625756109396457	7.83683587535159
33	1.9625756109396457	17.84490200675273
33	1.9625756109396457	2.5618095765393654
33	1.9625756109396457	1.603539288853895
33	1.9625756109396457	4.416837331106703
33	1.9625756109396457	0.9762568392077325
33	1.9625756109396457	3.2563971532427547
33	1.9625756109396457	6.420428555220922
33	1.9625756109396457	1.2999812849431769
33	1.9625756109396457	2.690517454228794
33	1.9625756109396457	5.927997603590407
33	1.9625756109396457	11.531021156758952
33	1.9625756109396457	7.805743567519163
33	1.9625756109396457	5.731804504426011
33	1.9625756109396457	3.366604487719892
33	1.9625756109396457	0.6141933739793395
33	1.9625756109396457	11.678849403510048
33	1.9625756109396457	9.682216840610534
