21	1.5730486448173457	3.6966342959356124
21	1.5730486448173457	4.342055917997739
21	1.5730486448173457	5.030091167681724
21	1.5730486448173457	1.9343821421533973
21	1.5730486448173457	1.2221111049310327
21	1.5730486448173457	2.469100175282211
21	1.5730486448173457	3.1342200031898684
21	1.5730486448173457	4.411508029527696
21	1.5730486448173457	8.640463256135073
21	1.5730486448173457	0.3984503280852351
21	1.5730486448173457	1.0014096095179985
21	1.5730486448173457	0.8323860861908291
21	1.5730486448173457	11.917823002114774
21	1.5730486448173457	6.16670150573649
21	1.5730486448173457	3.952677272806453
21	1.5730486448173457	0.5707648468978789
21	1.5730486448173457	3.7269858705652252
21	1.5730486448173457	9.532668495550409
21	1.5730486448173457	0.5957239044874884
21	1.5730486448173457	3.2634398070015482
21	1.5730486448173457	2.1743370945083864
