32	14.141037139321831	17.58841967057511
32	14.141037139321831	1.5565108166466337
32	14.141037139321831	72.40489703624054
32	14.141037139321831	178.9510359516581
32	14.141037139321831	55.64638146181479
32	14.141037139321831	154.54348917307487
32	14.141037139321831	63.203483526960945
32	14.141037139321831	38.754570235408885
32	14.141037139321831	32.665490270982644
32	14.141037139321831	16.758876289894094
32	14.141037139321831	25.342484275997005
32	14.141037139321831	22.48387105711367
32	14.141037139321831	38.37497100983132
32	14.141037139321831	22.623576284011786
32	14.141037139321831	18.395767537690187
32	14.141037139321831	32.89701643657385
32	14.141037139321831	44.79032361342138
32	14.141037139321831	98.43385999546776
32	14.141037139321831	23.62741799048255
32	14.141037139321831	8.676720464497473
32	14.141037139321831	58.28804184769542
32	14.141037139321831	29.866375966093166
32	14.141037139321831	24.83631294542673
32	14.141037139321831	31.400247083179483
32	14.141037139321831	23.208373440482834
32	14.141037139321831	122.2051043062842
32	14.141037139321831	41.25491216419906
32	14.141037139321831	23.598906667288112
32	14.141037139321831	51.38141946611899
32	14.141037139321831	6.759647373757546
32	14.141037139321831	14.42004434226418
32	14.141037139321831	61.439370392192735
