18	5.270284897526978	26.313084066720233
18	5.270284897526978	37.199866831532006
18	5.270284897526978	10.856644800993388
18	5.270284897526978	4.303307724833837
18	5.270284897526978	12.63262813060561
18	5.270284897526978	14.204953191926602
18	5.270284897526978	11.475510662645227
18	5.270284897526978	11.970757624746414
18	5.270284897526978	39.24400886233785
18	5.270284897526978	26.539188080142715
18	5.270284897526978	6.70056997299001
18	5.270284897526978	4.676518524877031
18	5.270284897526978	19.945703815845352
18	5.270284897526978	34.63635179159173
18	5.270284897526978	16.995391957572544
18	5.270284897526978	20.150357081341248
18	5.270284897526978	3.102981454791806
18	5.270284897526978	1.8031252207986277
