13	2599340240.791011	645351589114.1123
13	2599340240.791011	25310951026797.27
13	2599340240.791011	612003781719.8596
13	2599340240.791011	706593997112.9657
13	2599340240.791011	748294167491.6184
13	2599340240.791011	4398109937600.751
13	2599340240.791011	8115157315737.011
13	2599340240.791011	493929581335.7155
13	2599340240.791011	434328608555.2064
13	2599340240.791011	1652882188204.3723
13	2599340240.791011	4511159441046.018
13	2599340240.791011	12062357669836.87
13	2599340240.791011	6126929704349.77
