23	45.06851344219059	96.55068859276966
23	45.06851344219059	107.68415567908428
23	45.06851344219059	187.82059615718237
23	45.06851344219059	126.3593584144785
23	45.06851344219059	90.76416727866696
23	45.06851344219059	44.1718451953001
23	45.06851344219059	503.9206746948338
23	45.06851344219059	118.85687659247033
23	45.06851344219059	17.585662045012867
23	45.06851344219059	37.5982611654428
23	45.06851344219059	240.6074886761977
23	45.06851344219059	291.8127039705235
23	45.06851344219059	110.53761572346849
23	45.06851344219059	89.01436699407009
23	45.06851344219059	70.64398120928453
23	45.06851344219059	33.497622792591194
23	45.06851344219059	19.260247417593718
23	45.06851344219059	119.09829400780943
23	45.06851344219059	48.12244677440322
23	45.06851344219059	175.74994205520306
23	45.06851344219059	108.29369950278011
23	45.06851344219059	99.11650393888574
23	45.06851344219059	213.21189463942093
