37	3.7345312112218068	38.438390561071266
37	3.7345312112218068	3.8087666301759655
37	3.7345312112218068	5.703862571739189
37	3.7345312112218068	9.060322208675865
37	3.7345312112218068	1.9963700029776084
37	3.7345312112218068	11.745856721062927
37	3.7345312112218068	5.139294337115421
37	3.7345312112218068	3.700847906682398
37	3.7345312112218068	13.079165027344883
37	3.7345312112218068	3.3053849334293086
37	3.7345312112218068	17.8317162224573
37	3.7345312112218068	10.321062073091948
37	3.7345312112218068	18.52559700489622
37	3.7345312112218068	20.73815424574669
37	3.7345312112218068	1.7984063013612843
37	3.7345312112218068	16.59860813648386
37	3.7345312112218068	16.244491196009587
37	3.7345312112218068	87.6832805337962
37	3.7345312112218068	13.090360901439496
37	3.7345312112218068	1.7361375916588762
37	3.7345312112218068	6.678987102474851
37	3.7345312112218068	14.905954776059026
37	3.7345312112218068	13.416193273479143
37	3.7345312112218068	4.832710505954727
37	3.7345312112218068	4.675747476137947
37	3.7345312112218068	16.283124616318585
37	3.7345312112218068	8.51501531485212
37	3.7345312112218068	119.18042046128157
37	3.7345312112218068	28.035558540481382
37	3.7345312112218068	12.313523314803183
37	3.7345312112218068	16.597187955862207
37	3.7345312112218068	16.267872931415493
37	3.7345312112218068	6.778442375417793
37	3.7345312112218068	3.7096555718562136
37	3.7345312112218068	9.828822855095215
37	3.7345312112218068	2.0087394832812095
37	3.7345312112218068	29.96964731649926
