74	20.38667109033853	89.50404918148254
74	20.38667109033853	30.75088196359636
74	20.38667109033853	25.785105318150627
74	20.38667109033853	128.21232029395318
74	20.38667109033853	121.19218346668374
74	20.38667109033853	1092.9791032972498
74	20.38667109033853	20.000549617483948
74	20.38667109033853	40.49612058976756
74	20.38667109033853	75.55522312820979
74	20.38667109033853	35.595718273306666
74	20.38667109033853	33.98503118831643
74	20.38667109033853	9.423654129724145
74	20.38667109033853	188.04476912186723
74	20.38667109033853	21.98862999465829
74	20.38667109033853	7.707363794940259
74	20.38667109033853	531.5254509791515
74	20.38667109033853	48.696843290784564
74	20.38667109033853	58.36903862463202
74	20.38667109033853	47.01275307497146
74	20.38667109033853	34.7401620059218
74	20.38667109033853	230.88744860466622
74	20.38667109033853	44.2275737227646
74	20.38667109033853	206.91603813140503
74	20.38667109033853	287.0774142442171
74	20.38667109033853	97.61591908904848
74	20.38667109033853	61.467190679568034
74	20.38667109033853	161.24548941178693
74	20.38667109033853	232.74930398790855
74	20.38667109033853	195.04189588678693
74	20.38667109033853	82.57626877116081
74	20.38667109033853	104.93167567872104
74	20.38667109033853	52.53288783036225
74	20.38667109033853	45.958388637811396
74	20.38667109033853	58.571295500603064
74	20.38667109033853	103.89100636901624
74	20.38667109033853	97.90141774709096
74	20.38667109033853	136.72612035905425
74	20.38667109033853	18.883442727761928
74	20.38667109033853	69.07902236495532
74	20.38667109033853	71.1769001785683
74	20.38667109033853	64.48319806899359
74	20.38667109033853	48.74149110920125
74	20.38667109033853	123.98910668766221
74	20.38667109033853	40.45592956686376
74	20.38667109033853	45.08700415301029
74	20.38667109033853	94.60487211666128
74	20.38667109033853	14.24370260986009
74	20.38667109033853	33.46073026334536
74	20.38667109033853	59.72149984947404
74	20.38667109033853	19.34151237892256
74	20.38667109033853	29.310092042359102
74	20.38667109033853	95.68060347787548
74	20.38667109033853	46.86851039088136
74	20.38667109033853	25.76094588650614
74	20.38667109033853	26.799519724934537
74	20.38667109033853	38.54976565404703
74	20.38667109033853	21.313005036029992
74	20.38667109033853	12.489446263747311
74	20.38667109033853	37.6221466307022
74	20.38667109033853	134.1296954424768
74	20.38667109033853	45.99884650479176
74	20.38667109033853	51.80791141915549
74	20.38667109033853	170.391562864711
74	20.38667109033853	101.77397204535794
74	20.38667109033853	37.76240479857273
74	20.38667109033853	12.88986014759839
74	20.38667109033853	40.826087833023685
74	20.38667109033853	239.64699736002314
74	20.38667109033853	27.314070555659768
74	20.38667109033853	62.67005498884806
74	20.38667109033853	17.489510611338694
74	20.38667109033853	278.1173083640414
74	20.38667109033853	259.8332585626209
74	20.38667109033853	89.09014809278301
