80	48.387896312025966	291.9196677647903
80	48.387896312025966	331.16205275565744
80	48.387896312025966	154.83446016032988
80	48.387896312025966	303.2239063627352
80	48.387896312025966	124.72343024055681
80	48.387896312025966	22.99980388537548
80	48.387896312025966	169.11255089404287
80	48.387896312025966	824.8280491584676
80	48.387896312025966	38.773187685348205
80	48.387896312025966	139.9288253433082
80	48.387896312025966	127.81917114787296
80	48.387896312025966	94.11284333351432
80	48.387896312025966	255.37960863769806
80	48.387896312025966	34.4534823974475
80	48.387896312025966	106.07574074001715
80	48.387896312025966	131.1346204736278
80	48.387896312025966	570.4468539313739
80	48.387896312025966	30.23062055732684
80	48.387896312025966	168.35113733449091
80	48.387896312025966	78.33619159155548
80	48.387896312025966	75.84273839767519
80	48.387896312025966	100.18590502012522
80	48.387896312025966	315.228715042086
80	48.387896312025966	659.3430937124078
80	48.387896312025966	142.95048332172584
80	48.387896312025966	95.98768827318564
80	48.387896312025966	155.33649357451912
80	48.387896312025966	59.25932082154115
80	48.387896312025966	29.217008901589097
80	48.387896312025966	96.989534907203
80	48.387896312025966	210.2045111671648
80	48.387896312025966	107.04063929541299
80	48.387896312025966	239.4471838512536
80	48.387896312025966	61.60432661285249
80	48.387896312025966	188.6205423929258
80	48.387896312025966	90.51717714940291
80	48.387896312025966	57.355473422249915
80	48.387896312025966	30.023774372017588
80	48.387896312025966	164.75827390271726
80	48.387896312025966	59.83529937862074
80	48.387896312025966	108.23205786743486
80	48.387896312025966	274.13603725983216
80	48.387896312025966	849.2638236992296
80	48.387896312025966	335.68324687962314
80	48.387896312025966	401.5271033917207
80	48.387896312025966	187.67972445789567
80	48.387896312025966	273.27871757060325
80	48.387896312025966	264.5685872599395
80	48.387896312025966	91.40782172104147
80	48.387896312025966	223.02290468035767
80	48.387896312025966	196.42391792479916
80	48.387896312025966	401.22973898179947
80	48.387896312025966	1640.7068496167067
80	48.387896312025966	295.117510845814
80	48.387896312025966	583.8902406575609
80	48.387896312025966	4.628111559466943
80	48.387896312025966	91.52490762350112
80	48.387896312025966	387.4399124597961
80	48.387896312025966	92.59893242925361
80	48.387896312025966	64.10479574672677
80	48.387896312025966	25.26195419961052
80	48.387896312025966	201.73559377164173
80	48.387896312025966	211.3717779618171
80	48.387896312025966	247.77125267070707
80	48.387896312025966	112.29660097612062
80	48.387896312025966	35.60536173017094
80	48.387896312025966	834.4494460113208
80	48.387896312025966	154.2360698105466
80	48.387896312025966	454.2810445738009
80	48.387896312025966	223.64330442121891
80	48.387896312025966	50.61469077241103
80	48.387896312025966	22.935194869428123
80	48.387896312025966	269.66520668619603
80	48.387896312025966	976.409092764379
80	48.387896312025966	115.70770488768373
80	48.387896312025966	40.09618630433279
80	48.387896312025966	189.07572849377325
80	48.387896312025966	35.21028020225102
80	48.387896312025966	140.1489092517537
80	48.387896312025966	4.463614359691516
