16	25.260029493362637	29.95743511503081
16	25.260029493362637	659.0062675259297
16	25.260029493362637	5.659120595804097
16	25.260029493362637	343.5530466068441
16	25.260029493362637	83.56270454523744
16	25.260029493362637	83.34294157655748
16	25.260029493362637	44.85639108998554
16	25.260029493362637	96.57692603170696
16	25.260029493362637	138.11790148177388
16	25.260029493362637	24.789278285689058
16	25.260029493362637	102.52514204075891
16	25.260029493362637	120.83182621783706
16	25.260029493362637	85.31976966778089
16	25.260029493362637	35.850113794254916
16	25.260029493362637	92.09971528228976
16	25.260029493362637	24.57646326769228
