97	11.087447816589442	94.04593191879661
97	11.087447816589442	192.4029384923178
97	11.087447816589442	27.82023509460599
97	11.087447816589442	15.860374760950789
97	11.087447816589442	25.63725933813845
97	11.087447816589442	11.271459176923711
97	11.087447816589442	40.57655998188737
97	11.087447816589442	11.587620329964054
97	11.087447816589442	22.757976024107354
97	11.087447816589442	9.95282241052208
97	11.087447816589442	23.038881587694636
97	11.087447816589442	49.21849528885777
97	11.087447816589442	25.668642410125592
97	11.087447816589442	99.12807661268722
97	11.087447816589442	20.909072308609534
97	11.087447816589442	20.56003445749293
97	11.087447816589442	28.575245437384314
97	11.087447816589442	61.18630876060547
97	11.087447816589442	121.6234637007136
97	11.087447816589442	13.063986127112424
97	11.087447816589442	33.09971872777018
97	11.087447816589442	9.706379470183156
97	11.087447816589442	108.04673201816414
97	11.087447816589442	88.15123901974081
97	11.087447816589442	7.260373133746428
97	11.087447816589442	23.441624300866536
97	11.087447816589442	8.937284740736692
97	11.087447816589442	39.60500573160976
97	11.087447816589442	16.659312438831932
97	11.087447816589442	23.314746629101595
97	11.087447816589442	9.042804824591224
97	11.087447816589442	11.90619113272875
97	11.087447816589442	4.906619539369772
97	11.087447816589442	43.50233027317516
97	11.087447816589442	95.74403796455658
97	11.087447816589442	45.027521729555005
97	11.087447816589442	30.93854911151317
97	11.087447816589442	41.71901862287318
97	11.087447816589442	31.380299167578826
97	11.087447816589442	10.725695550033858
97	11.087447816589442	170.46131772852027
97	11.087447816589442	16.595500885806597
97	11.087447816589442	11.142709461788318
97	11.087447816589442	33.82074633121932
97	11.087447816589442	40.82208259607735
97	11.087447816589442	20.55630400308619
97	11.087447816589442	34.530921095376485
97	11.087447816589442	48.885416327525576
97	11.087447816589442	13.613477990746722
97	11.087447816589442	44.00241139495846
97	11.087447816589442	29.2428039285121
97	11.087447816589442	222.8461581427544
97	11.087447816589442	8.606523119651756
97	11.087447816589442	51.752113841252445
97	11.087447816589442	24.39771922096019
97	11.087447816589442	34.0216050610897
97	11.087447816589442	9.785182914507844
97	11.087447816589442	12.737313774849852
97	11.087447816589442	13.935523445202392
97	11.087447816589442	274.6109560566199
97	11.087447816589442	43.21094928561417
97	11.087447816589442	16.534725124728073
97	11.087447816589442	37.39698154402558
97	11.087447816589442	86.76255411697726
97	11.087447816589442	63.424325893415215
97	11.087447816589442	24.819140184388065
97	11.087447816589442	29.98286643850507
97	11.087447816589442	47.18800850349151
97	11.087447816589442	10.8887124615227
97	11.087447816589442	41.371168757176584
97	11.087447816589442	44.43271606146668
97	11.087447816589442	29.64414350405169
97	11.087447816589442	59.39318718977771
97	11.087447816589442	16.481000057472322
97	11.087447816589442	14.503866913779824
97	11.087447816589442	5.8634981969032935
97	11.087447816589442	20.365334996762186
97	11.087447816589442	31.782985245548364
97	11.087447816589442	9.032381425055952
97	11.087447816589442	28.061780975857303
97	11.087447816589442	11.796214160055994
97	11.087447816589442	134.43397154977592
97	11.087447816589442	5.964346631201365
97	11.087447816589442	44.3249321510594
97	11.087447816589442	24.904855739357313
97	11.087447816589442	25.513621197050647
97	11.087447816589442	30.180574261515126
97	11.087447816589442	47.76078889833535
97	11.087447816589442	128.66493568561486
97	11.087447816589442	26.9270066458272
97	11.087447816589442	219.47324076208304
97	11.087447816589442	34.41281201850642
97	11.087447816589442	6.472215198150889
97	11.087447816589442	130.6981096715549
97	11.087447816589442	8.672844087971749
97	11.087447816589442	20.77381735557403
97	11.087447816589442	39.47081421056496
