108	7.721266873686426	11.80328988040979
108	7.721266873686426	8.944884199095
108	7.721266873686426	2.326448961309271
108	7.721266873686426	33.358910529520145
108	7.721266873686426	20.358698976189153
108	7.721266873686426	10.012689565824685
108	7.721266873686426	29.998305344136597
108	7.721266873686426	76.0603539661945
108	7.721266873686426	9.142647578852177
108	7.721266873686426	69.16404425044111
108	7.721266873686426	23.66853026418796
108	7.721266873686426	15.730333947476502
108	7.721266873686426	9.391247904335948
108	7.721266873686426	14.570320729272579
108	7.721266873686426	9.208007189461677
108	7.721266873686426	7.4606370921078655
108	7.721266873686426	52.26419352795689
108	7.721266873686426	12.041403652324654
108	7.721266873686426	27.847054740073588
108	7.721266873686426	125.76959886084175
108	7.721266873686426	134.3962364372555
108	7.721266873686426	28.35091153844039
108	7.721266873686426	1.7517185198091811
108	7.721266873686426	92.24122269187218
108	7.721266873686426	178.84603454167222
108	7.721266873686426	21.18727060899549
108	7.721266873686426	23.490606942770597
108	7.721266873686426	10.843601795418055
108	7.721266873686426	92.74057719478806
108	7.721266873686426	39.24691457604713
108	7.721266873686426	21.44576343788792
108	7.721266873686426	105.90707861505759
108	7.721266873686426	25.64792525357421
108	7.721266873686426	33.0308812632417
108	7.721266873686426	2.238942486159607
108	7.721266873686426	21.915067304894794
108	7.721266873686426	103.66732572192267
108	7.721266873686426	27.056031984898354
108	7.721266873686426	53.2949560080836
108	7.721266873686426	5.306668319154143
108	7.721266873686426	22.61528650909655
108	7.721266873686426	4.206803822887161
108	7.721266873686426	29.262840345615174
108	7.721266873686426	18.94800872941725
108	7.721266873686426	10.502337416578696
108	7.721266873686426	5.567535687546219
108	7.721266873686426	126.57764538013477
108	7.721266873686426	2.1425762713041885
108	7.721266873686426	16.370055928571162
108	7.721266873686426	66.14690135976446
108	7.721266873686426	59.92280362307842
108	7.721266873686426	8.21322050011419
108	7.721266873686426	7.380398153651441
108	7.721266873686426	3.292704868814594
108	7.721266873686426	46.58822391895111
108	7.721266873686426	13.608813402783255
108	7.721266873686426	41.82664862044642
108	7.721266873686426	7.596176714638724
108	7.721266873686426	10.546886519636953
108	7.721266873686426	19.432119637426062
108	7.721266873686426	38.89290916851672
108	7.721266873686426	6.036939409592209
108	7.721266873686426	32.63728674465462
108	7.721266873686426	20.210355041576165
108	7.721266873686426	58.77867887039479
108	7.721266873686426	16.878911726619094
108	7.721266873686426	23.151256498806518
108	7.721266873686426	9.78154326667948
108	7.721266873686426	15.19389074299681
108	7.721266873686426	39.14427011722928
108	7.721266873686426	14.617870364526041
108	7.721266873686426	66.87841124289369
108	7.721266873686426	4.328358178676144
108	7.721266873686426	11.458031819160812
108	7.721266873686426	36.05436621806308
108	7.721266873686426	102.73920557296717
108	7.721266873686426	103.90144194189546
108	7.721266873686426	8.207835568451767
108	7.721266873686426	14.709990779212362
108	7.721266873686426	9.921686618360653
108	7.721266873686426	5.463388727315108
108	7.721266873686426	39.5936804000945
108	7.721266873686426	78.18102800529184
108	7.721266873686426	34.24927197957908
108	7.721266873686426	98.69127903802872
108	7.721266873686426	2.4476965959077703
108	7.721266873686426	25.76567450370714
108	7.721266873686426	262.4864103944643
108	7.721266873686426	80.90528004521389
108	7.721266873686426	21.318919369712187
108	7.721266873686426	10.4943835385928
108	7.721266873686426	10.273208658792056
108	7.721266873686426	11.351355310975462
108	7.721266873686426	20.066451664848522
108	7.721266873686426	32.51463047089092
108	7.721266873686426	66.99376228756311
108	7.721266873686426	101.2823205254104
108	7.721266873686426	336.7149015429821
108	7.721266873686426	8.115679746650459
108	7.721266873686426	22.1566912174024
108	7.721266873686426	91.45469984049376
108	7.721266873686426	42.91062610359694
108	7.721266873686426	6.433010613892765
108	7.721266873686426	31.46692469526876
108	7.721266873686426	12.929673479157717
108	7.721266873686426	9.864176050552627
108	7.721266873686426	106.12096263405112
108	7.721266873686426	30.45704590622236
