33	6018745214.74	9.70013284267e+12
33	6018745214.74	1.62411798089e+12
33	6018745214.74	2.01781258952e+12
33	6018745214.74	1.0146664174e+13
33	6018745214.74	922321302003.0
33	6018745214.74	6.78250803902e+12
33	6018745214.74	982782214806.0
33	6018745214.74	709494409080.0
33	6018745214.74	3.64655559477e+12
33	6018745214.74	718994805375.0
33	6018745214.74	467875827956.0
33	6018745214.74	750058725741.0
33	6018745214.74	1.01898256983e+14
33	6018745214.74	945453014161.0
33	6018745214.74	412546183901.0
33	6018745214.74	623244489463.0
33	6018745214.74	7.90786338845e+12
33	6018745214.74	2.12088805485e+12
33	6018745214.74	1.07264610284e+13
33	6018745214.74	2.79360688427e+12
33	6018745214.74	7.0399524468e+12
33	6018745214.74	3.79815955035e+13
33	6018745214.74	1.45139336058e+12
33	6018745214.74	1.72730819461e+13
33	6018745214.74	5.25415488279e+12
33	6018745214.74	480494105873.0
33	6018745214.74	1.80497340734e+12
33	6018745214.74	352994733857.0
33	6018745214.74	1.03645196381e+14
33	6018745214.74	2.51954701858e+13
33	6018745214.74	3.78694422882e+13
33	6018745214.74	3.02346453374e+12
33	6018745214.74	3.4666080426e+12
