106	2.182590452045241	9.929452648792953
106	2.182590452045241	9.626104013439127
106	2.182590452045241	0.4721490894904774
106	2.182590452045241	9.132296639800643
106	2.182590452045241	5.152970368144361
106	2.182590452045241	1.2427662141238074
106	2.182590452045241	4.029203583005778
106	2.182590452045241	3.7523138916580328
106	2.182590452045241	7.247046129017245
106	2.182590452045241	4.899500555191914
106	2.182590452045241	2.9780894772343722
106	2.182590452045241	7.289452183308569
106	2.182590452045241	10.066962032603959
106	2.182590452045241	1.4417108194782997
106	2.182590452045241	5.865965190770263
106	2.182590452045241	25.468722596855883
106	2.182590452045241	0.8300898070071921
106	2.182590452045241	5.355355862690016
106	2.182590452045241	21.099510055778342
106	2.182590452045241	14.017032973423005
106	2.182590452045241	5.084860084503437
106	2.182590452045241	10.262369873425689
106	2.182590452045241	0.9169480446882428
106	2.182590452045241	13.683032185798659
106	2.182590452045241	2.33990481969858
106	2.182590452045241	11.076623275724758
106	2.182590452045241	9.271223050052711
106	2.182590452045241	0.5449627094499117
106	2.182590452045241	8.3835033131215
106	2.182590452045241	12.913295709999154
106	2.182590452045241	3.3209024895098693
106	2.182590452045241	6.968521017980372
106	2.182590452045241	4.993845358167064
106	2.182590452045241	4.337455568507924
106	2.182590452045241	1.2024790462961683
106	2.182590452045241	1.7441542653689064
106	2.182590452045241	1.6423596351531062
106	2.182590452045241	10.393997500226137
106	2.182590452045241	5.772038159834181
106	2.182590452045241	26.298472956692148
106	2.182590452045241	1.5686456910288127
106	2.182590452045241	9.257491892434688
106	2.182590452045241	9.754467378570359
106	2.182590452045241	5.508161311816172
106	2.182590452045241	1.6193878850845937
106	2.182590452045241	3.947774111256183
106	2.182590452045241	17.163638982263773
106	2.182590452045241	10.97137823800296
106	2.182590452045241	3.610248821034294
106	2.182590452045241	16.570032566931467
106	2.182590452045241	5.082041401922848
106	2.182590452045241	12.389569163547366
106	2.182590452045241	8.319245494119992
106	2.182590452045241	31.469690566744358
106	2.182590452045241	2.0122481807140247
106	2.182590452045241	1.4355019032118912
106	2.182590452045241	1.051583992801597
106	2.182590452045241	1.945018077560282
106	2.182590452045241	1.3190335512991422
106	2.182590452045241	11.527254391943593
106	2.182590452045241	3.4595760577429377
106	2.182590452045241	20.984234307730013
106	2.182590452045241	17.182961776134704
106	2.182590452045241	10.592141136867532
106	2.182590452045241	2.636703815643343
106	2.182590452045241	11.434467659606216
106	2.182590452045241	3.4746202550319016
106	2.182590452045241	5.40368009910663
106	2.182590452045241	4.512816427058515
106	2.182590452045241	12.472867928378566
106	2.182590452045241	8.045433035657634
106	2.182590452045241	11.754310605650849
106	2.182590452045241	17.221634469799394
106	2.182590452045241	8.54743781627359
106	2.182590452045241	1.259534493398376
106	2.182590452045241	22.201984912882455
106	2.182590452045241	16.85412920254877
106	2.182590452045241	2.36315760038394
106	2.182590452045241	11.521617256487973
106	2.182590452045241	7.695911429295249
106	2.182590452045241	8.95053158033238
106	2.182590452045241	3.1127456920349297
106	2.182590452045241	2.330033104465852
106	2.182590452045241	2.572702275909133
106	2.182590452045241	8.797469807210064
106	2.182590452045241	8.063568294488176
106	2.182590452045241	5.810700793285087
106	2.182590452045241	5.465253692906284
106	2.182590452045241	3.406678024045041
106	2.182590452045241	15.025940469471292
106	2.182590452045241	9.968555113032654
106	2.182590452045241	10.151000701315118
106	2.182590452045241	3.434792812339009
106	2.182590452045241	5.79524855160886
106	2.182590452045241	4.198771842960336
106	2.182590452045241	1.828964151153704
106	2.182590452045241	12.018362567124472
106	2.182590452045241	3.152950155295176
106	2.182590452045241	10.871317914842443
106	2.182590452045241	7.031243436840639
106	2.182590452045241	6.544277706492719
106	2.182590452045241	2.063862824952871
106	2.182590452045241	11.795144258581063
106	2.182590452045241	2.3187458926425975
106	2.182590452045241	2.963116501980692
106	2.182590452045241	14.022408223534653
