14	25.471201405395707	206.55669157327577
14	25.471201405395707	32.24730931016851
14	25.471201405395707	401.5575507434586
14	25.471201405395707	92.40733096858627
14	25.471201405395707	648.0934869459427
14	25.471201405395707	30.07575709981944
14	25.471201405395707	52.6718661148999
14	25.471201405395707	61.36792453783167
14	25.471201405395707	115.58560497574
14	25.471201405395707	27.381156148891538
14	25.471201405395707	122.69842890067422
14	25.471201405395707	46.16346844276563
14	25.471201405395707	128.26962367404602
14	25.471201405395707	101.71577936856305
