43	8798564793.05	4.08780030077e+12
43	8798564793.05	3.14429040636e+12
43	8798564793.05	2.96619547659e+13
43	8798564793.05	748131024029.0
43	8798564793.05	3.48806226346e+12
43	8798564793.05	2.31193761341e+12
43	8798564793.05	1.48511501305e+12
43	8798564793.05	1.17155931276e+14
43	8798564793.05	1.55194626938e+13
43	8798564793.05	3.69554067259e+12
43	8798564793.05	1.15037038841e+12
43	8798564793.05	3.29396548168e+12
43	8798564793.05	2.00627950231e+12
43	8798564793.05	188613519927.0
43	8798564793.05	6.36908236682e+13
43	8798564793.05	9.84681750167e+12
43	8798564793.05	2.98304804594e+13
43	8798564793.05	256735950551.0
43	8798564793.05	1.48147885074e+12
43	8798564793.05	4.22878137012e+12
43	8798564793.05	6.08342025515e+12
43	8798564793.05	8.95329200828e+12
43	8798564793.05	2.26739220063e+12
43	8798564793.05	6.29424896046e+12
43	8798564793.05	1.62784780664e+12
43	8798564793.05	908775603718.0
43	8798564793.05	3.67526014146e+12
43	8798564793.05	2.63151140937e+12
43	8798564793.05	5.27092778713e+12
43	8798564793.05	2.33872293503e+12
43	8798564793.05	2.98535762593e+12
43	8798564793.05	2.34390171328e+13
43	8798564793.05	3.61287869331e+14
43	8798564793.05	6.68440614208e+12
43	8798564793.05	1.03547592295e+13
43	8798564793.05	2.80580726366e+13
43	8798564793.05	2.26544945593e+14
43	8798564793.05	4.55915579074e+12
43	8798564793.05	9.96764714194e+12
43	8798564793.05	2.3033613114e+12
43	8798564793.05	9.40193694019e+12
43	8798564793.05	332166942366.0
43	8798564793.05	6.76043990225e+12
