21	18.21805215981177	17.028064406874638
21	18.21805215981177	87.51431944638887
21	18.21805215981177	156.44283256541593
21	18.21805215981177	40.77731150005597
21	18.21805215981177	205.3833256624357
21	18.21805215981177	48.04251131613019
21	18.21805215981177	3.713449159167525
21	18.21805215981177	19.533507095577022
21	18.21805215981177	187.29735645975413
21	18.21805215981177	31.373893427679995
21	18.21805215981177	45.97244267537174
21	18.21805215981177	31.305492963031547
21	18.21805215981177	58.299930928942345
21	18.21805215981177	118.04729465595163
21	18.21805215981177	10.019945630912726
21	18.21805215981177	24.922060687018686
21	18.21805215981177	95.10929036312416
21	18.21805215981177	103.52847998730239
21	18.21805215981177	39.784409647909605
21	18.21805215981177	69.36974244974046
21	18.21805215981177	21.340613781018707
