43	5.539714986547591	0.850275839305384
43	5.539714986547591	6.152206641675819
43	5.539714986547591	15.14816235021034
43	5.539714986547591	122.38667275458668
43	5.539714986547591	11.04044909605294
43	5.539714986547591	2.4709220260367304
43	5.539714986547591	16.480378772656753
43	5.539714986547591	9.112581189647516
43	5.539714986547591	2.8569958362062793
43	5.539714986547591	86.64363014035787
43	5.539714986547591	9.452584486325359
43	5.539714986547591	4.340655964506528
43	5.539714986547591	26.57210907206351
43	5.539714986547591	6.0331161642915605
43	5.539714986547591	8.469092106641737
43	5.539714986547591	26.411385544703023
43	5.539714986547591	22.375450541589846
43	5.539714986547591	14.6957650935623
43	5.539714986547591	39.412742646997536
43	5.539714986547591	13.847726980907707
43	5.539714986547591	113.88533503198961
43	5.539714986547591	12.205306015968059
43	5.539714986547591	34.38803227528492
43	5.539714986547591	7.155329686142239
43	5.539714986547591	3.2951293029087405
43	5.539714986547591	28.948889464519354
43	5.539714986547591	27.471338329767352
43	5.539714986547591	139.71323249930734
43	5.539714986547591	22.43000538621249
43	5.539714986547591	57.984746376359745
43	5.539714986547591	14.368155773530578
43	5.539714986547591	13.008680238903612
43	5.539714986547591	20.90331329004221
43	5.539714986547591	17.87282910775277
43	5.539714986547591	20.784749536898435
43	5.539714986547591	8.331164468515642
43	5.539714986547591	23.153447900477747
43	5.539714986547591	13.75362402308408
43	5.539714986547591	20.1463776263888
43	5.539714986547591	41.50779313836943
43	5.539714986547591	11.990781890871864
43	5.539714986547591	40.78170680665676
43	5.539714986547591	7.603396370230415
