198	10.102488720915192	3.300103359677612
198	10.102488720915192	82.44998521488824
198	10.102488720915192	11.130099862540657
198	10.102488720915192	26.827324782685192
198	10.102488720915192	74.85451351792267
198	10.102488720915192	19.253855378162108
198	10.102488720915192	12.170411206819203
198	10.102488720915192	31.681272818563915
198	10.102488720915192	16.082968712421927
198	10.102488720915192	5.333592264829468
198	10.102488720915192	50.79982039451564
198	10.102488720915192	49.760787895056225
198	10.102488720915192	9.56265798058306
198	10.102488720915192	23.331993558173387
198	10.102488720915192	32.29205853473498
198	10.102488720915192	13.636014649293656
198	10.102488720915192	127.76152612443866
198	10.102488720915192	9.617451523939751
198	10.102488720915192	10.26049795824715
198	10.102488720915192	37.353174202013655
198	10.102488720915192	104.63535507475245
198	10.102488720915192	3.159459744709228
198	10.102488720915192	128.68364190793613
198	10.102488720915192	25.96314648969455
198	10.102488720915192	18.41282501701809
198	10.102488720915192	54.2210440370556
198	10.102488720915192	77.38173477854177
198	10.102488720915192	15.474596876513074
198	10.102488720915192	158.8723790256028
198	10.102488720915192	9.425718742360711
198	10.102488720915192	3.2245205727121973
198	10.102488720915192	16.885432522387298
198	10.102488720915192	81.00340418599349
198	10.102488720915192	4.2413778250574365
198	10.102488720915192	21.9618955273293
198	10.102488720915192	22.79157967201622
198	10.102488720915192	27.537318541022568
198	10.102488720915192	58.261669652975975
198	10.102488720915192	8.42960264482602
198	10.102488720915192	6.884186241107126
198	10.102488720915192	137.68675264122717
198	10.102488720915192	10.927952584014504
198	10.102488720915192	15.69353144514101
198	10.102488720915192	28.299885652921645
198	10.102488720915192	6.804162788902285
198	10.102488720915192	26.67658483841548
198	10.102488720915192	117.44009496079155
198	10.102488720915192	5.395631437780243
198	10.102488720915192	39.98679439941377
198	10.102488720915192	40.55833749493968
198	10.102488720915192	8.646824675959776
198	10.102488720915192	21.698626908129963
198	10.102488720915192	15.160367673173448
198	10.102488720915192	7.382732811468202
198	10.102488720915192	25.27996177980134
198	10.102488720915192	69.16033253624332
198	10.102488720915192	23.579349496066357
198	10.102488720915192	13.479699632175791
198	10.102488720915192	57.83099208298604
198	10.102488720915192	24.741576536814787
198	10.102488720915192	24.348045448785143
198	10.102488720915192	98.80648095444182
198	10.102488720915192	14.045887049260282
198	10.102488720915192	24.676162471033273
198	10.102488720915192	30.43483860081799
198	10.102488720915192	72.52577122963937
198	10.102488720915192	22.205768371962748
198	10.102488720915192	42.20592000580232
198	10.102488720915192	43.11455658191408
198	10.102488720915192	20.234715993436552
198	10.102488720915192	142.2615252795152
198	10.102488720915192	23.235689935687684
198	10.102488720915192	7.149113621728747
198	10.102488720915192	5.751383391970239
198	10.102488720915192	39.6817231328937
198	10.102488720915192	42.20369504485401
198	10.102488720915192	8.327668890864178
198	10.102488720915192	101.22118685853404
198	10.102488720915192	12.43301887742899
198	10.102488720915192	26.394350224251593
198	10.102488720915192	11.188201102558288
198	10.102488720915192	54.8729458716543
198	10.102488720915192	18.9961459135912
198	10.102488720915192	71.64571025796663
198	10.102488720915192	27.654611662307328
198	10.102488720915192	8.566801888681708
198	10.102488720915192	17.771677317386185
198	10.102488720915192	38.697724360573915
198	10.102488720915192	8.31635516097191
198	10.102488720915192	9.466800806298854
198	10.102488720915192	44.38534759998184
198	10.102488720915192	73.46182402244173
198	10.102488720915192	23.335922669933357
198	10.102488720915192	29.49724986587899
198	10.102488720915192	178.21775371362213
198	10.102488720915192	43.955338512487266
198	10.102488720915192	16.101767798998612
198	10.102488720915192	23.175673531486904
198	10.102488720915192	30.01592579958604
198	10.102488720915192	75.4416961190391
198	10.102488720915192	8.363800607186143
198	10.102488720915192	15.662495364132171
198	10.102488720915192	34.42858504088216
198	10.102488720915192	21.898852805549122
198	10.102488720915192	14.007683112670454
198	10.102488720915192	14.139264960620668
198	10.102488720915192	8.175366154081393
198	10.102488720915192	13.004275923494598
198	10.102488720915192	81.98848347722502
198	10.102488720915192	24.097351697735434
198	10.102488720915192	5.539669913411413
198	10.102488720915192	19.747566586363185
198	10.102488720915192	80.71218399730498
198	10.102488720915192	40.76292685626777
198	10.102488720915192	4.171728210778896
198	10.102488720915192	32.824195006164764
198	10.102488720915192	56.75286775521594
198	10.102488720915192	49.25632816915952
198	10.102488720915192	30.80822443911014
198	10.102488720915192	7.503423865546337
198	10.102488720915192	53.866835881966004
198	10.102488720915192	38.822352015960355
198	10.102488720915192	3.6805387934603067
198	10.102488720915192	27.929896570015305
198	10.102488720915192	3.8542770331312224
198	10.102488720915192	22.299896870549425
198	10.102488720915192	57.889943338485466
198	10.102488720915192	3.9388086513990506
198	10.102488720915192	9.6926224054967
198	10.102488720915192	8.014674251917773
198	10.102488720915192	50.42980973018713
198	10.102488720915192	13.261610198941195
198	10.102488720915192	22.70631167869833
198	10.102488720915192	46.63989896496294
198	10.102488720915192	13.794898134885656
198	10.102488720915192	129.45122722915073
198	10.102488720915192	24.339016344740227
198	10.102488720915192	7.116141402342608
198	10.102488720915192	34.713085649341544
198	10.102488720915192	39.479533045028546
198	10.102488720915192	6.44970740640213
198	10.102488720915192	47.174244467413644
198	10.102488720915192	44.524810700113385
198	10.102488720915192	14.2139557002986
198	10.102488720915192	207.558893654887
198	10.102488720915192	20.87870699571361
198	10.102488720915192	30.163264800249483
198	10.102488720915192	19.83699581590735
198	10.102488720915192	86.63250394096181
198	10.102488720915192	60.73803685625749
198	10.102488720915192	125.27944125412003
198	10.102488720915192	6.3215104198852865
198	10.102488720915192	13.697546190788863
198	10.102488720915192	60.416861528385915
198	10.102488720915192	64.62696300532284
198	10.102488720915192	13.081545906950193
198	10.102488720915192	32.456577035765974
198	10.102488720915192	9.706788873625792
198	10.102488720915192	26.646548901952894
198	10.102488720915192	19.22129974082322
198	10.102488720915192	40.4990738992004
198	10.102488720915192	12.922361436543543
198	10.102488720915192	10.01223066525037
198	10.102488720915192	12.573654117153811
198	10.102488720915192	27.640252927569474
198	10.102488720915192	17.81327006580822
198	10.102488720915192	50.74874248588766
198	10.102488720915192	7.236159094421689
198	10.102488720915192	34.6394800783028
198	10.102488720915192	399.6555981865319
198	10.102488720915192	126.9654651355512
198	10.102488720915192	17.975194210191972
198	10.102488720915192	14.72786807757472
198	10.102488720915192	10.257455854798703
198	10.102488720915192	20.47330852596295
198	10.102488720915192	78.55542158940975
198	10.102488720915192	25.25758739601842
198	10.102488720915192	7.134285707683339
198	10.102488720915192	40.85511454048959
198	10.102488720915192	41.33966813843414
198	10.102488720915192	20.13856899488236
198	10.102488720915192	55.44482402076331
198	10.102488720915192	22.146748840729465
198	10.102488720915192	12.098558307564932
198	10.102488720915192	52.29444618644155
198	10.102488720915192	66.21320670636047
198	10.102488720915192	34.38716226098729
198	10.102488720915192	43.75989012079286
198	10.102488720915192	14.684309134077395
198	10.102488720915192	8.41071732064956
198	10.102488720915192	8.130261076625668
198	10.102488720915192	92.54352461328703
198	10.102488720915192	247.1556287337764
198	10.102488720915192	9.942634786606385
198	10.102488720915192	169.58109568422225
198	10.102488720915192	25.169390821125504
198	10.102488720915192	32.850462540406205
198	10.102488720915192	9.094637946072075
