56	110545512.82450697	196107614905.91678
56	110545512.82450697	1377469086978.879
56	110545512.82450697	33973592302.714672
56	110545512.82450697	10577730480.228628
56	110545512.82450697	147287099359.582
56	110545512.82450697	2557158069.1976705
56	110545512.82450697	303137836604.7757
56	110545512.82450697	16567268318.835564
56	110545512.82450697	386455994335.61957
56	110545512.82450697	4170905941.8413343
56	110545512.82450697	115252438628.31207
56	110545512.82450697	18293084301.534035
56	110545512.82450697	11686201435.122713
56	110545512.82450697	57862843217.58994
56	110545512.82450697	265027509703.53915
56	110545512.82450697	230897059977.3474
56	110545512.82450697	684861923944.0782
56	110545512.82450697	35520770106.24633
56	110545512.82450697	8878778383.234535
56	110545512.82450697	93663415256.85551
56	110545512.82450697	1230271803753.5886
56	110545512.82450697	17681267923.052708
56	110545512.82450697	1339694278339.6003
56	110545512.82450697	5996974510.7654
56	110545512.82450697	19503311896.481625
56	110545512.82450697	12952127834.836536
56	110545512.82450697	69482406293.29813
56	110545512.82450697	387352868288.7336
56	110545512.82450697	22924981378.903038
56	110545512.82450697	21584680820.14251
56	110545512.82450697	71377326337.4468
56	110545512.82450697	30679443731.875717
56	110545512.82450697	62903067876.09404
56	110545512.82450697	443055231453.14087
56	110545512.82450697	562629837441.8904
56	110545512.82450697	3131721379.3403
56	110545512.82450697	7825795326.681034
56	110545512.82450697	328047975039.4384
56	110545512.82450697	15144683220.242508
56	110545512.82450697	9041640808130.006
56	110545512.82450697	241930761141.03735
56	110545512.82450697	17073950362.27886
56	110545512.82450697	70874707212.59589
56	110545512.82450697	11657621868.287144
56	110545512.82450697	681254831402.853
56	110545512.82450697	256100030120.92667
56	110545512.82450697	960998425936.9501
56	110545512.82450697	38108450024.7196
56	110545512.82450697	577482290309.888
56	110545512.82450697	116434066012.3164
56	110545512.82450697	31160178256.779747
56	110545512.82450697	7169629542.730066
56	110545512.82450697	337013603329.65784
56	110545512.82450697	8298528189.451682
56	110545512.82450697	121034464811.36594
56	110545512.82450697	549464325710.24646
