22	8192921587.984296	899953678444.6322
22	8192921587.984296	1529912152587.7002
22	8192921587.984296	5850213115.990301
22	8192921587.984296	25281270345242.633
22	8192921587.984296	5541898306179.693
22	8192921587.984296	808296507240.4552
22	8192921587.984296	566831863221.0922
22	8192921587.984296	19990736096212.566
22	8192921587.984296	18898766088468.645
22	8192921587.984296	5747242568126.704
22	8192921587.984296	5393717107051.051
22	8192921587.984296	18788420437507.797
22	8192921587.984296	996966553910.3374
22	8192921587.984296	16585738663511.441
22	8192921587.984296	16244851812937.895
22	8192921587.984296	2429410377675.9272
22	8192921587.984296	14077246316489.71
22	8192921587.984296	672425935564.5857
22	8192921587.984296	1055671979748.5013
22	8192921587.984296	2201875609590.4443
22	8192921587.984296	9921054069964.04
22	8192921587.984296	12615606752533.277
