105	18.712720713367997	488.9364848854526
105	18.712720713367997	179.45875028520658
105	18.712720713367997	41.37553022605799
105	18.712720713367997	15.492798387193425
105	18.712720713367997	145.80125677134268
105	18.712720713367997	205.005882859691
105	18.712720713367997	153.94576661255775
105	18.712720713367997	61.80860686307409
105	18.712720713367997	32.72013021219829
105	18.712720713367997	61.065357413393386
105	18.712720713367997	33.93866289639964
105	18.712720713367997	23.652011829782012
105	18.712720713367997	103.22570014083634
105	18.712720713367997	65.48221436547867
105	18.712720713367997	12.234094251322288
105	18.712720713367997	275.1294935200195
105	18.712720713367997	31.17202552099183
105	18.712720713367997	58.07617697722226
105	18.712720713367997	33.09303741626659
105	18.712720713367997	118.00994226360574
105	18.712720713367997	85.28367688400482
105	18.712720713367997	9.509464922329755
105	18.712720713367997	12.942018653770425
105	18.712720713367997	70.57470156587178
105	18.712720713367997	55.98453553318554
105	18.712720713367997	158.27810017638836
105	18.712720713367997	95.75081873176717
105	18.712720713367997	149.77585551151725
105	18.712720713367997	64.18868870525503
105	18.712720713367997	55.26802657641194
105	18.712720713367997	95.0625995330056
105	18.712720713367997	38.58037333903787
105	18.712720713367997	34.663890854252905
105	18.712720713367997	29.890112114963994
105	18.712720713367997	190.4141052380861
105	18.712720713367997	211.21264496010224
105	18.712720713367997	137.50136253676072
105	18.712720713367997	41.441101722777496
105	18.712720713367997	127.19578808722522
105	18.712720713367997	7.0595868521628775
105	18.712720713367997	62.58253120049555
105	18.712720713367997	43.416247762330855
105	18.712720713367997	82.4894436911793
105	18.712720713367997	17.444581222228898
105	18.712720713367997	15.02505359414551
105	18.712720713367997	137.6834240373532
105	18.712720713367997	52.411472039913484
105	18.712720713367997	99.74962004838179
105	18.712720713367997	66.32179348172104
105	18.712720713367997	34.14310592076489
105	18.712720713367997	41.36991883407807
105	18.712720713367997	37.85300203896673
105	18.712720713367997	62.14110494783199
105	18.712720713367997	43.4465615426038
105	18.712720713367997	18.42447834224638
105	18.712720713367997	44.081030466249196
105	18.712720713367997	122.0507224277015
105	18.712720713367997	16.06527301325325
105	18.712720713367997	189.03494128618095
105	18.712720713367997	44.993937252839174
105	18.712720713367997	74.64961005325839
105	18.712720713367997	80.04117622335298
105	18.712720713367997	98.56929966141992
105	18.712720713367997	11.239055582274435
105	18.712720713367997	65.56049490349191
105	18.712720713367997	2.3656696324084265
105	18.712720713367997	39.30180132101544
105	18.712720713367997	38.13594910180334
105	18.712720713367997	7.3841829995844295
105	18.712720713367997	7.95425973477681
105	18.712720713367997	84.05438178798559
105	18.712720713367997	240.21465463924773
105	18.712720713367997	14.058968136064605
105	18.712720713367997	437.7563587463621
105	18.712720713367997	36.00570796903929
105	18.712720713367997	328.16515087196615
105	18.712720713367997	16.265372982391995
105	18.712720713367997	86.06991247882098
105	18.712720713367997	23.983441133657422
105	18.712720713367997	54.83907639790542
105	18.712720713367997	35.62469326249256
105	18.712720713367997	24.42229255514603
105	18.712720713367997	106.03036911592747
105	18.712720713367997	40.677592969082944
105	18.712720713367997	55.03013086052092
105	18.712720713367997	33.4203143180411
105	18.712720713367997	12.223909550437368
105	18.712720713367997	16.039545443354395
105	18.712720713367997	24.946001902239942
105	18.712720713367997	59.5210902878171
105	18.712720713367997	8.516662225608698
105	18.712720713367997	117.09620557131997
105	18.712720713367997	13.912750419715227
105	18.712720713367997	26.547503189784386
105	18.712720713367997	88.87900730540068
105	18.712720713367997	101.27011261892329
105	18.712720713367997	26.045338853093106
105	18.712720713367997	9.71772380283933
105	18.712720713367997	55.995560765257366
105	18.712720713367997	18.25001850585313
105	18.712720713367997	134.1410106568327
105	18.712720713367997	20.31311848964172
105	18.712720713367997	179.87493049594266
105	18.712720713367997	48.71611301803976
105	18.712720713367997	46.291436308190924
