91	57.9661524515397	459.67996884827005
91	57.9661524515397	64.43979265725856
91	57.9661524515397	66.43713769531323
91	57.9661524515397	254.010130820616
91	57.9661524515397	667.1162238364984
91	57.9661524515397	153.925262785331
91	57.9661524515397	28.230333273540257
91	57.9661524515397	77.45667241552101
91	57.9661524515397	375.21403696789656
91	57.9661524515397	97.76139687999918
91	57.9661524515397	147.54517851732825
91	57.9661524515397	96.52385659223683
91	57.9661524515397	181.86883308869056
91	57.9661524515397	156.26678740188777
91	57.9661524515397	122.2322747864657
91	57.9661524515397	369.5746917063812
91	57.9661524515397	92.87994104987163
91	57.9661524515397	77.99169858381049
91	57.9661524515397	43.21087415356381
91	57.9661524515397	40.711177498553496
91	57.9661524515397	81.22405410064414
91	57.9661524515397	246.26441228311225
91	57.9661524515397	151.5980966362518
91	57.9661524515397	384.88866157551615
91	57.9661524515397	389.8832671181668
91	57.9661524515397	108.86449784968158
91	57.9661524515397	275.7803906606931
91	57.9661524515397	389.44650925778086
91	57.9661524515397	74.18203107069851
91	57.9661524515397	15.098261842712237
91	57.9661524515397	157.53188386816348
91	57.9661524515397	116.63609635778161
91	57.9661524515397	228.5358470886478
91	57.9661524515397	636.0977226888857
91	57.9661524515397	1138.3485697979984
91	57.9661524515397	178.22131812395784
91	57.9661524515397	188.1767242275415
91	57.9661524515397	351.77877580582
91	57.9661524515397	439.97446101281867
91	57.9661524515397	69.84827965686799
91	57.9661524515397	99.08793379962194
91	57.9661524515397	144.4222993529648
91	57.9661524515397	320.36243955449385
91	57.9661524515397	323.4808574720526
91	57.9661524515397	113.0423768900804
91	57.9661524515397	176.4889145075417
91	57.9661524515397	79.06925207634664
91	57.9661524515397	31.98192304994543
91	57.9661524515397	148.00043025529334
91	57.9661524515397	63.71146593987767
91	57.9661524515397	71.54770096124206
91	57.9661524515397	113.61069909930117
91	57.9661524515397	23.995141005283962
91	57.9661524515397	405.06351286114267
91	57.9661524515397	87.40456898983102
91	57.9661524515397	19.408657933095313
91	57.9661524515397	127.71558542997793
91	57.9661524515397	330.8055051437402
91	57.9661524515397	728.1257167676474
91	57.9661524515397	94.32388183695429
91	57.9661524515397	61.75104057048555
91	57.9661524515397	254.75686797339876
91	57.9661524515397	38.12638242827071
91	57.9661524515397	203.89574792276855
91	57.9661524515397	57.13946954797423
91	57.9661524515397	36.233564813936944
91	57.9661524515397	134.20140786237084
91	57.9661524515397	534.2695130101471
91	57.9661524515397	197.56936933164732
91	57.9661524515397	18.284487187997062
91	57.9661524515397	216.73291637555695
91	57.9661524515397	128.1881700210061
91	57.9661524515397	114.37571676420097
91	57.9661524515397	82.30736102401221
91	57.9661524515397	978.3622749872633
91	57.9661524515397	70.76403211924483
91	57.9661524515397	142.03539836916966
91	57.9661524515397	115.43408731130798
91	57.9661524515397	136.07397632995574
91	57.9661524515397	872.8721631013339
91	57.9661524515397	3004.2747561315455
91	57.9661524515397	118.50969368707828
91	57.9661524515397	419.1599956592812
91	57.9661524515397	155.43181537715736
91	57.9661524515397	99.90704405034528
91	57.9661524515397	1213.4739704746826
91	57.9661524515397	505.70481976676587
91	57.9661524515397	299.45489895235664
91	57.9661524515397	167.72111137608425
91	57.9661524515397	211.9071428357905
91	57.9661524515397	335.1171869847325
