39	20.336257585405697	46.44000467773912
39	20.336257585405697	54.38031276066167
39	20.336257585405697	45.065300517285486
39	20.336257585405697	68.32170048805767
39	20.336257585405697	40.842826955763286
39	20.336257585405697	70.85556975650408
39	20.336257585405697	50.43126773994908
39	20.336257585405697	143.8336994762889
39	20.336257585405697	71.04383025070666
39	20.336257585405697	145.13674746978973
39	20.336257585405697	105.49554421923477
39	20.336257585405697	34.289161667378586
39	20.336257585405697	134.03297999069298
39	20.336257585405697	152.92207499451143
39	20.336257585405697	123.09034326693072
39	20.336257585405697	20.11646870077429
39	20.336257585405697	212.96277010204614
39	20.336257585405697	95.2226407126673
39	20.336257585405697	24.883454386809927
39	20.336257585405697	47.0100054736107
39	20.336257585405697	404.84753350430975
39	20.336257585405697	31.775290293472874
39	20.336257585405697	17.749452341804712
39	20.336257585405697	68.01395347894695
39	20.336257585405697	113.47710887212959
39	20.336257585405697	41.7723642881403
39	20.336257585405697	125.93837534107415
39	20.336257585405697	130.24710081069077
39	20.336257585405697	5.590278436978395
39	20.336257585405697	43.92899519934354
39	20.336257585405697	41.43236422945684
39	20.336257585405697	18.368651390978684
39	20.336257585405697	107.08914939372
39	20.336257585405697	19.10406715491858
39	20.336257585405697	47.541957093788646
39	20.336257585405697	99.04839212031591
39	20.336257585405697	38.37067375936248
39	20.336257585405697	138.07871717529522
39	20.336257585405697	78.09133344855404
