32	12.148857026059437	69.03497410006025
32	12.148857026059437	25.038909954630732
32	12.148857026059437	7.448472679181217
32	12.148857026059437	39.70310722590691
32	12.148857026059437	17.756783833265796
32	12.148857026059437	36.91881206343803
32	12.148857026059437	121.7104833284303
32	12.148857026059437	16.454558126535055
32	12.148857026059437	13.290449170858441
32	12.148857026059437	41.002507140438446
32	12.148857026059437	10.502446040420699
32	12.148857026059437	145.45914347671132
32	12.148857026059437	9.72586945996377
32	12.148857026059437	95.320065945858
32	12.148857026059437	12.54331203112881
32	12.148857026059437	15.302565621958095
32	12.148857026059437	8.013660680845973
32	12.148857026059437	84.70828723139536
32	12.148857026059437	32.3211948977248
32	12.148857026059437	12.06462824103596
32	12.148857026059437	65.30518261976745
32	12.148857026059437	49.77607967546051
32	12.148857026059437	13.80330937520262
32	12.148857026059437	19.971343454884057
32	12.148857026059437	59.55876885247965
32	12.148857026059437	105.07199260277365
32	12.148857026059437	38.28081512268449
32	12.148857026059437	9.76869839280515
32	12.148857026059437	50.22807818752367
32	12.148857026059437	19.632864671827395
32	12.148857026059437	96.87315489064748
32	12.148857026059437	41.09443071070062
