41	42.033105617348355	163.17204233784884
41	42.033105617348355	39.62399935444593
41	42.033105617348355	31.795148816838328
41	42.033105617348355	352.2225350860317
41	42.033105617348355	80.94083348190681
41	42.033105617348355	42.67703960648256
41	42.033105617348355	59.39333314054756
41	42.033105617348355	105.11451474351747
41	42.033105617348355	53.2227976137383
41	42.033105617348355	156.20719404780817
41	42.033105617348355	79.179776526789
41	42.033105617348355	18.95942405665228
41	42.033105617348355	85.17425353356016
41	42.033105617348355	80.36809981505773
41	42.033105617348355	73.93221069733588
41	42.033105617348355	364.1352473908511
41	42.033105617348355	198.54964184929315
41	42.033105617348355	55.874315009120345
41	42.033105617348355	35.937796231388866
41	42.033105617348355	98.84766386553908
41	42.033105617348355	28.200652888040104
41	42.033105617348355	108.56812332562725
41	42.033105617348355	34.71638487831276
41	42.033105617348355	22.71317822991028
41	42.033105617348355	113.50740350647887
41	42.033105617348355	124.99932898864068
41	42.033105617348355	4.021371327610495
41	42.033105617348355	333.81320295779403
41	42.033105617348355	160.42653095272638
41	42.033105617348355	29.99934916759131
41	42.033105617348355	55.662876541709245
41	42.033105617348355	42.31416058250653
41	42.033105617348355	55.15426876015163
41	42.033105617348355	737.6596583935872
41	42.033105617348355	237.46576982311223
41	42.033105617348355	237.7079527832753
41	42.033105617348355	5.918803865261016
41	42.033105617348355	339.7230206519887
41	42.033105617348355	269.52273400292677
41	42.033105617348355	137.9166816539933
41	42.033105617348355	889.4876001913243
