13	32.29480106547649	39.84003785128476
13	32.29480106547649	113.28703049308666
13	32.29480106547649	136.79126739856457
13	32.29480106547649	37.188859513525266
13	32.29480106547649	103.44654827267873
13	32.29480106547649	38.04159816583912
13	32.29480106547649	20.12463976812872
13	32.29480106547649	161.00022611952122
13	32.29480106547649	57.01501785656914
13	32.29480106547649	464.783009547866
13	32.29480106547649	93.95767242788708
13	32.29480106547649	530.2228716755358
13	32.29480106547649	47.82071114341727
