15	12.790156945556536	58.13900597858993
15	12.790156945556536	51.66267526467549
15	12.790156945556536	150.99365308814043
15	12.790156945556536	12.347806049366016
15	12.790156945556536	8.634941720754668
15	12.790156945556536	34.863256370907145
15	12.790156945556536	30.22545407580795
15	12.790156945556536	11.994351892273718
15	12.790156945556536	22.314828994542133
15	12.790156945556536	30.39197439971847
15	12.790156945556536	18.425421866361674
15	12.790156945556536	15.358519714700446
15	12.790156945556536	16.81180117484705
15	12.790156945556536	23.709802970330767
15	12.790156945556536	55.379122661534716
