21	10.613907757624697	34.19294657556567
21	10.613907757624697	50.18292595310119
21	10.613907757624697	14.77530613358089
21	10.613907757624697	117.74502764475797
21	10.613907757624697	5.464198851800525
21	10.613907757624697	59.98571550723012
21	10.613907757624697	9.12267545919529
21	10.613907757624697	143.08157023364768
21	10.613907757624697	86.82031309722412
21	10.613907757624697	41.139547943969845
21	10.613907757624697	7.350638425503947
21	10.613907757624697	2.41690513869195
21	10.613907757624697	27.36804090735927
21	10.613907757624697	19.375875091554246
21	10.613907757624697	18.596177103678045
21	10.613907757624697	7.80152322137079
21	10.613907757624697	115.12501705392295
21	10.613907757624697	81.23360745339404
21	10.613907757624697	62.9827877247252
21	10.613907757624697	73.99891165369199
21	10.613907757624697	17.356051706643214
