87	972999582.55	801838923969.0
87	972999582.55	31590103856.0
87	972999582.55	282215474864.0
87	972999582.55	203769080534.0
87	972999582.55	127330651997.0
87	972999582.55	152581901320.0
87	972999582.55	3.03403280038e+12
87	972999582.55	2.74677195879e+12
87	972999582.55	6.57595753013e+12
87	972999582.55	671967505513.0
87	972999582.55	14891041091.5
87	972999582.55	582938175714.0
87	972999582.55	2.86726575212e+12
87	972999582.55	261036077941.0
87	972999582.55	1.34144661765e+12
87	972999582.55	750467945167.0
87	972999582.55	868999194879.0
87	972999582.55	167052226981.0
87	972999582.55	160059717142.0
87	972999582.55	314271803004.0
87	972999582.55	210381665294.0
87	972999582.55	3.57909460699e+12
87	972999582.55	425560058541.0
87	972999582.55	3.07914679058e+12
87	972999582.55	443164452288.0
87	972999582.55	3.60784794614e+13
87	972999582.55	72319141761.4
87	972999582.55	164121455824.0
87	972999582.55	52111473591.4
87	972999582.55	9.4556995272e+12
87	972999582.55	385616642603.0
87	972999582.55	602585789083.0
87	972999582.55	55764173264.9
87	972999582.55	106544455585.0
87	972999582.55	791273417745.0
87	972999582.55	992377502989.0
87	972999582.55	1.2521727514e+12
87	972999582.55	3.76150423296e+12
87	972999582.55	87983870848.8
87	972999582.55	1.11629456092e+12
87	972999582.55	178694067601.0
87	972999582.55	367712806020.0
87	972999582.55	296043734526.0
87	972999582.55	5.11439682574e+12
87	972999582.55	2.52482816585e+12
87	972999582.55	643932762538.0
87	972999582.55	107901025434.0
87	972999582.55	206941992215.0
87	972999582.55	37965961528.7
87	972999582.55	254232420677.0
87	972999582.55	1.53841245383e+12
87	972999582.55	475791267919.0
87	972999582.55	47007881593.7
87	972999582.55	1.54623950616e+13
87	972999582.55	3.06589816028e+12
87	972999582.55	22801767298.2
87	972999582.55	100595084031.0
87	972999582.55	25981075589.6
87	972999582.55	5.42955805289e+12
87	972999582.55	4.29244635651e+12
87	972999582.55	88367559609.1
87	972999582.55	235166438273.0
87	972999582.55	144567951859.0
87	972999582.55	811322300714.0
87	972999582.55	110949618810.0
87	972999582.55	1.09026031872e+12
87	972999582.55	4.68105270019e+12
87	972999582.55	50259538111.6
87	972999582.55	1.72527917057e+12
87	972999582.55	7.16942613885e+12
87	972999582.55	2.69422227686e+12
87	972999582.55	8.50958806505e+12
87	972999582.55	890518360502.0
87	972999582.55	742555575540.0
87	972999582.55	803647535641.0
87	972999582.55	2.36665138097e+12
87	972999582.55	81894785909.8
87	972999582.55	450892561164.0
87	972999582.55	242004254828.0
87	972999582.55	2.9959810596e+12
87	972999582.55	138152509027.0
87	972999582.55	982698918987.0
87	972999582.55	9.17069465757e+12
87	972999582.55	116110567920.0
87	972999582.55	197697928783.0
87	972999582.55	1.37529600482e+12
87	972999582.55	339473760819.0
