58	15.206057887424704	23.369222001633332
58	15.206057887424704	23.05675328619571
58	15.206057887424704	105.71279466515749
58	15.206057887424704	58.81524828449248
58	15.206057887424704	67.75052935091942
58	15.206057887424704	29.746697366536093
58	15.206057887424704	21.90955649674979
58	15.206057887424704	86.56984626983862
58	15.206057887424704	75.12336804542726
58	15.206057887424704	6.394958130811637
58	15.206057887424704	82.77244817342175
58	15.206057887424704	60.085375698102744
58	15.206057887424704	5.093796346790517
58	15.206057887424704	200.58900254562147
58	15.206057887424704	24.425778102848913
58	15.206057887424704	230.67081345336138
58	15.206057887424704	16.25801512460552
58	15.206057887424704	43.810662228672875
58	15.206057887424704	195.3509957170156
58	15.206057887424704	89.35333348656978
58	15.206057887424704	32.33499851560558
58	15.206057887424704	130.96460231302612
58	15.206057887424704	6.9678394130733885
58	15.206057887424704	44.495180628477556
58	15.206057887424704	15.017106097285051
58	15.206057887424704	97.03708971968487
58	15.206057887424704	7.530393511805129
58	15.206057887424704	225.04598007865556
58	15.206057887424704	44.743474379175
58	15.206057887424704	27.079935305271604
58	15.206057887424704	5.8106208280808005
58	15.206057887424704	208.4058257428989
58	15.206057887424704	6.371834632338789
58	15.206057887424704	27.85422879055048
58	15.206057887424704	55.82924816360589
58	15.206057887424704	41.23881833153244
58	15.206057887424704	83.72513471667472
58	15.206057887424704	26.87614369355725
58	15.206057887424704	21.633556204749507
58	15.206057887424704	241.20601110086616
58	15.206057887424704	13.848854555436523
58	15.206057887424704	154.11724942625608
58	15.206057887424704	47.770716267990004
58	15.206057887424704	9.435681491312543
58	15.206057887424704	43.787128235511766
58	15.206057887424704	5.469886338561464
58	15.206057887424704	67.23884153321022
58	15.206057887424704	127.65061253140705
58	15.206057887424704	26.37848332293666
58	15.206057887424704	13.48085704615114
58	15.206057887424704	33.52292205004158
58	15.206057887424704	68.30663305902472
58	15.206057887424704	46.55666847240413
58	15.206057887424704	154.14367777101808
58	15.206057887424704	25.077283850915034
58	15.206057887424704	13.697631871226607
58	15.206057887424704	22.492147642724717
58	15.206057887424704	73.19631342739456
