46	45.18479668634254	76.46994904234472
46	45.18479668634254	162.36792210862956
46	45.18479668634254	226.90142717510662
46	45.18479668634254	61.90119882957368
46	45.18479668634254	209.59419129865435
46	45.18479668634254	189.3715143399042
46	45.18479668634254	107.0820217680197
46	45.18479668634254	731.7512515511872
46	45.18479668634254	44.06490100578182
46	45.18479668634254	26.699715163351147
46	45.18479668634254	136.00009264089317
46	45.18479668634254	755.4466607027016
46	45.18479668634254	244.3912445230803
46	45.18479668634254	234.49757287460704
46	45.18479668634254	30.176917585783215
46	45.18479668634254	782.0901980211448
46	45.18479668634254	334.26129473799955
46	45.18479668634254	115.92933424902259
46	45.18479668634254	49.283050140548184
46	45.18479668634254	344.2185633068049
46	45.18479668634254	442.564795653043
46	45.18479668634254	233.26113756382418
46	45.18479668634254	44.45840864626472
46	45.18479668634254	650.7856947018986
46	45.18479668634254	938.1617644874781
46	45.18479668634254	63.411222334805466
46	45.18479668634254	115.53944489970885
46	45.18479668634254	118.47909639266732
46	45.18479668634254	338.21077521983506
46	45.18479668634254	24.08992641788344
46	45.18479668634254	144.15525913964152
46	45.18479668634254	269.7575431301647
46	45.18479668634254	175.67649766985272
46	45.18479668634254	23.77574527840238
46	45.18479668634254	23.078142365834978
46	45.18479668634254	232.46740654403993
46	45.18479668634254	48.369460075857525
46	45.18479668634254	202.84402140744388
46	45.18479668634254	703.036908392334
46	45.18479668634254	277.18098064764786
46	45.18479668634254	247.90197947842324
46	45.18479668634254	475.3303007690021
46	45.18479668634254	59.03851203209116
46	45.18479668634254	470.13324571893355
46	45.18479668634254	93.82550611423484
46	45.18479668634254	45.459542085576224
