35	4.124761441728086	96.56844775286042
35	4.124761441728086	10.108611768609846
35	4.124761441728086	21.42638240387097
35	4.124761441728086	16.43133240928087
35	4.124761441728086	14.829966228888804
35	4.124761441728086	18.87844322679826
35	4.124761441728086	5.737477589557461
35	4.124761441728086	46.022038715106454
35	4.124761441728086	73.72149050552649
35	4.124761441728086	66.80627777029709
35	4.124761441728086	52.794937713760916
35	4.124761441728086	4.172432868822923
35	4.124761441728086	9.98667744523574
35	4.124761441728086	2.562942032989796
35	4.124761441728086	1.3775105445591538
35	4.124761441728086	11.708144919033739
35	4.124761441728086	29.658011069515855
35	4.124761441728086	72.25001118872326
35	4.124761441728086	7.2034306980998695
35	4.124761441728086	9.390400907864409
35	4.124761441728086	2.4010093858479826
35	4.124761441728086	9.747522508560488
35	4.124761441728086	1.09685525242871
35	4.124761441728086	9.24592961405021
35	4.124761441728086	1.1498464104254544
35	4.124761441728086	37.145334234570555
35	4.124761441728086	2.4424132085755303
35	4.124761441728086	12.564745145708864
35	4.124761441728086	7.671988512283301
35	4.124761441728086	51.14753370120273
35	4.124761441728086	18.992174920755566
35	4.124761441728086	18.843440533482116
35	4.124761441728086	79.77969396250244
35	4.124761441728086	45.2448054579981
35	4.124761441728086	5.012217834740841
