23	5.037464854573199	10.190444643390684
23	5.037464854573199	18.495550868268882
23	5.037464854573199	14.81121249996086
23	5.037464854573199	118.48857781968434
23	5.037464854573199	32.23482012654693
23	5.037464854573199	15.612955033904415
23	5.037464854573199	7.345955835760835
23	5.037464854573199	15.891693561626646
23	5.037464854573199	47.82160053339265
23	5.037464854573199	5.636366088976615
23	5.037464854573199	2.583570325137299
23	5.037464854573199	24.3148679367062
23	5.037464854573199	14.515165935029195
23	5.037464854573199	7.778199503437851
23	5.037464854573199	31.702311839025093
23	5.037464854573199	3.4974111792734335
23	5.037464854573199	2.4176014978337292
23	5.037464854573199	11.621862524272716
23	5.037464854573199	9.945583359544129
23	5.037464854573199	30.091648331213158
23	5.037464854573199	74.97169821169575
23	5.037464854573199	28.04909409980271
23	5.037464854573199	21.400519243111297
