29	14.804088292013423	19.295567929273687
29	14.804088292013423	359.285897696451
29	14.804088292013423	51.576949480809304
29	14.804088292013423	300.26835994914563
29	14.804088292013423	0.9539431696618834
29	14.804088292013423	27.08868211227736
29	14.804088292013423	61.38646506779303
29	14.804088292013423	55.12675051826578
29	14.804088292013423	7.203919333291014
29	14.804088292013423	24.859736782623656
29	14.804088292013423	30.906358045008947
29	14.804088292013423	39.85803494095378
29	14.804088292013423	85.16400148666521
29	14.804088292013423	281.85537848638097
29	14.804088292013423	9.261353642251052
29	14.804088292013423	36.21695763124356
29	14.804088292013423	23.25480065810448
29	14.804088292013423	77.6959557315106
29	14.804088292013423	19.487486212902176
29	14.804088292013423	118.6576976790057
29	14.804088292013423	15.826162806026675
29	14.804088292013423	91.32830249541854
29	14.804088292013423	30.90949583937678
29	14.804088292013423	2.398785042503775
29	14.804088292013423	17.4472675902807
29	14.804088292013423	30.226123486686976
29	14.804088292013423	13.224196867815326
29	14.804088292013423	9.871579805375191
29	14.804088292013423	28.6587329694196
