100	41.831566614542595	134.77683579340527
100	41.831566614542595	135.24427562389903
100	41.831566614542595	83.64871670026758
100	41.831566614542595	151.7533285380998
100	41.831566614542595	444.945476763169
100	41.831566614542595	115.71860024820678
100	41.831566614542595	152.5866742075757
100	41.831566614542595	98.93918777341761
100	41.831566614542595	250.1606962756164
100	41.831566614542595	125.08818361396037
100	41.831566614542595	537.2614074324855
100	41.831566614542595	219.13898820756964
100	41.831566614542595	100.16813853064576
100	41.831566614542595	51.00802228898494
100	41.831566614542595	29.49088713960512
100	41.831566614542595	171.69819134955853
100	41.831566614542595	229.57135951990006
100	41.831566614542595	52.82478103468442
100	41.831566614542595	95.37226747576852
100	41.831566614542595	640.3319345799665
100	41.831566614542595	207.6050976854694
100	41.831566614542595	180.54183228545904
100	41.831566614542595	270.55062910913017
100	41.831566614542595	52.20137127799791
100	41.831566614542595	28.62613622882003
100	41.831566614542595	189.21877003512347
100	41.831566614542595	138.3305134375073
100	41.831566614542595	146.26134547318827
100	41.831566614542595	47.58286702053873
100	41.831566614542595	105.17243958903065
100	41.831566614542595	63.550180178241014
100	41.831566614542595	51.858005512358496
100	41.831566614542595	145.91578546139888
100	41.831566614542595	246.94907074660455
100	41.831566614542595	2494.681208513938
100	41.831566614542595	22.359759180956672
100	41.831566614542595	74.87830488198452
100	41.831566614542595	402.51482999983756
100	41.831566614542595	47.285400782943306
100	41.831566614542595	249.12986681812384
100	41.831566614542595	139.6539258252035
100	41.831566614542595	18.564431467495012
100	41.831566614542595	25.435992063509612
100	41.831566614542595	105.49139306017823
100	41.831566614542595	223.4897379198947
100	41.831566614542595	61.891102435139295
100	41.831566614542595	4.42694642991923
100	41.831566614542595	33.02856803754042
100	41.831566614542595	356.9838619481894
100	41.831566614542595	365.20633651225427
100	41.831566614542595	74.12576919149821
100	41.831566614542595	231.87042761801206
100	41.831566614542595	141.0629704934851
100	41.831566614542595	10.473483094670263
100	41.831566614542595	114.48644040220934
100	41.831566614542595	287.1566228738595
100	41.831566614542595	58.024189443554256
100	41.831566614542595	82.46365532034447
100	41.831566614542595	1049.6511115884477
100	41.831566614542595	192.52175448881616
100	41.831566614542595	39.27649911071436
100	41.831566614542595	19.68387321341041
100	41.831566614542595	170.08172971136358
100	41.831566614542595	17.17096999480953
100	41.831566614542595	17.056556001502216
100	41.831566614542595	99.40956395465508
100	41.831566614542595	323.5001799888232
100	41.831566614542595	253.0218628233969
100	41.831566614542595	32.319648668108194
100	41.831566614542595	159.0413453507481
100	41.831566614542595	374.5861484291179
100	41.831566614542595	124.80551673410883
100	41.831566614542595	537.3385578983731
100	41.831566614542595	225.5014599172382
100	41.831566614542595	235.67642068563586
100	41.831566614542595	1303.6590435827907
100	41.831566614542595	54.36268407333994
100	41.831566614542595	48.78217328384398
100	41.831566614542595	30.817231215749146
100	41.831566614542595	16.858045030540225
100	41.831566614542595	133.73766409220173
100	41.831566614542595	166.6087272515259
100	41.831566614542595	37.32384634397203
100	41.831566614542595	168.1560582419592
100	41.831566614542595	116.6922621376132
100	41.831566614542595	301.2360381605359
100	41.831566614542595	269.7038027782506
100	41.831566614542595	27.739170652392726
100	41.831566614542595	125.89534459770917
100	41.831566614542595	131.50424923216238
100	41.831566614542595	90.80358990755163
100	41.831566614542595	305.1217556750287
100	41.831566614542595	21.62157511740745
100	41.831566614542595	54.616902225758345
100	41.831566614542595	91.45608141911075
100	41.831566614542595	48.68618987899644
100	41.831566614542595	134.33050061673674
100	41.831566614542595	53.788690750714174
100	41.831566614542595	60.97401381817534
100	41.831566614542595	99.41821399757303
