120	44.22667701975218	124.16092467125954
120	44.22667701975218	340.60891294220613
120	44.22667701975218	123.29046874388308
120	44.22667701975218	109.91350516088
120	44.22667701975218	176.71917114153032
120	44.22667701975218	20.5673730403017
120	44.22667701975218	164.3249048052425
120	44.22667701975218	215.9658436815064
120	44.22667701975218	86.93669427720333
120	44.22667701975218	10.449723499878127
120	44.22667701975218	186.06888074621182
120	44.22667701975218	44.60407999379478
120	44.22667701975218	158.22815583555177
120	44.22667701975218	261.549164434463
120	44.22667701975218	59.41738521027458
120	44.22667701975218	270.59286757474325
120	44.22667701975218	100.73339266609754
120	44.22667701975218	1000.2937816467326
120	44.22667701975218	60.082922010096134
120	44.22667701975218	65.41349350340485
120	44.22667701975218	61.60156424952357
120	44.22667701975218	171.76237095403522
120	44.22667701975218	188.19360733845284
120	44.22667701975218	51.588823867504615
120	44.22667701975218	87.1207338147315
120	44.22667701975218	26.047001303775534
120	44.22667701975218	35.37463825180561
120	44.22667701975218	136.51930289555276
120	44.22667701975218	176.02694081920754
120	44.22667701975218	279.40389764474395
120	44.22667701975218	160.93318191550665
120	44.22667701975218	914.4319357089388
120	44.22667701975218	48.81579493155279
120	44.22667701975218	197.87420528030492
120	44.22667701975218	65.49626114597697
120	44.22667701975218	7.01358150584279
120	44.22667701975218	159.7884991460609
120	44.22667701975218	90.58353853058658
120	44.22667701975218	283.67826956139163
120	44.22667701975218	291.6653495536539
120	44.22667701975218	30.239112631567075
120	44.22667701975218	25.84294660374414
120	44.22667701975218	123.94435340725248
120	44.22667701975218	66.76898932816611
120	44.22667701975218	146.5641648336851
120	44.22667701975218	35.7221095830491
120	44.22667701975218	158.2694831385176
120	44.22667701975218	269.5648905488789
120	44.22667701975218	270.42581627711957
120	44.22667701975218	73.17938157700347
120	44.22667701975218	71.94598736454056
120	44.22667701975218	344.3435073123721
120	44.22667701975218	661.6890652120615
120	44.22667701975218	220.42598558176354
120	44.22667701975218	89.66646881708657
120	44.22667701975218	111.25109451427292
120	44.22667701975218	96.5410422030422
120	44.22667701975218	76.19556511365884
120	44.22667701975218	640.3296163417297
120	44.22667701975218	433.3289730880129
120	44.22667701975218	231.42646983533427
120	44.22667701975218	88.44334692257867
120	44.22667701975218	385.123413641884
120	44.22667701975218	247.1910764871574
120	44.22667701975218	344.1910710296045
120	44.22667701975218	48.81033962062907
120	44.22667701975218	42.54568219497181
120	44.22667701975218	75.33480925614587
120	44.22667701975218	47.76764864014616
120	44.22667701975218	83.35918756993867
120	44.22667701975218	177.83286687701144
120	44.22667701975218	251.3499384829475
120	44.22667701975218	100.22011415455422
120	44.22667701975218	323.7087957574892
120	44.22667701975218	36.32865700057121
120	44.22667701975218	107.75550692327592
120	44.22667701975218	323.1483591682567
120	44.22667701975218	495.6489409484223
120	44.22667701975218	157.34884870803907
120	44.22667701975218	377.6027007012378
120	44.22667701975218	43.82197960373575
120	44.22667701975218	76.00951905947612
120	44.22667701975218	84.82557061316882
120	44.22667701975218	166.12600145814824
120	44.22667701975218	189.90017795096932
120	44.22667701975218	368.53993324833885
120	44.22667701975218	232.8418228359618
120	44.22667701975218	43.40208723893159
120	44.22667701975218	48.79803479275513
120	44.22667701975218	490.1848136746507
120	44.22667701975218	40.49435176763386
120	44.22667701975218	36.3911054859068
120	44.22667701975218	269.4338032883454
120	44.22667701975218	99.83713263196944
120	44.22667701975218	73.46914387987384
120	44.22667701975218	85.92437504678027
120	44.22667701975218	46.44046666092748
120	44.22667701975218	60.14244291087485
120	44.22667701975218	45.19688976829948
120	44.22667701975218	66.35703893850878
120	44.22667701975218	65.9065513744477
120	44.22667701975218	516.6179510885671
120	44.22667701975218	248.63047503992286
120	44.22667701975218	518.5622594086249
120	44.22667701975218	254.51083344620397
120	44.22667701975218	28.974827993591155
120	44.22667701975218	923.9151437588696
120	44.22667701975218	423.13622298220764
120	44.22667701975218	69.61082975342197
120	44.22667701975218	101.77023863345268
120	44.22667701975218	191.77943625065703
120	44.22667701975218	164.01220584567486
120	44.22667701975218	135.95723637322098
120	44.22667701975218	246.73438850243213
120	44.22667701975218	115.44624694753286
120	44.22667701975218	92.47482842761009
120	44.22667701975218	42.07029945549857
120	44.22667701975218	201.64879026199543
120	44.22667701975218	1328.0045024776282
120	44.22667701975218	85.31116446822894
