56	24.839588345025817	22.528469692012337
56	24.839588345025817	8.231463303849539
56	24.839588345025817	125.73250120551658
56	24.839588345025817	122.78638473393505
56	24.839588345025817	90.78524938017208
56	24.839588345025817	27.034380484899476
56	24.839588345025817	27.48099006793084
56	24.839588345025817	194.5686723862064
56	24.839588345025817	116.049848926184
56	24.839588345025817	230.6721383045039
56	24.839588345025817	120.5800854707431
56	24.839588345025817	49.53155641981283
56	24.839588345025817	415.4486590399959
56	24.839588345025817	43.818681820445015
56	24.839588345025817	67.39797544035744
56	24.839588345025817	74.95629062329658
56	24.839588345025817	39.47196349809901
56	24.839588345025817	48.14750434521365
56	24.839588345025817	144.65134800198172
56	24.839588345025817	127.1150305123219
56	24.839588345025817	65.94469710193815
56	24.839588345025817	6.64336609397426
56	24.839588345025817	82.71300906627128
56	24.839588345025817	12.700988431787799
56	24.839588345025817	36.24232895297611
56	24.839588345025817	25.55243555351549
56	24.839588345025817	65.00072157624611
56	24.839588345025817	242.6553098205606
56	24.839588345025817	890.5913771839436
56	24.839588345025817	72.02671285056165
56	24.839588345025817	12.070969386637547
56	24.839588345025817	390.2744322083331
56	24.839588345025817	340.24823554872904
56	24.839588345025817	87.54563072923452
56	24.839588345025817	71.79146525727599
56	24.839588345025817	84.2152105563373
56	24.839588345025817	26.143905802446906
56	24.839588345025817	54.257833244722065
56	24.839588345025817	36.19665301966817
56	24.839588345025817	27.7010250027035
56	24.839588345025817	76.90996064749663
56	24.839588345025817	29.651170106945195
56	24.839588345025817	282.47064163689595
56	24.839588345025817	30.82574637657438
56	24.839588345025817	55.63737281389084
56	24.839588345025817	83.85379386560325
56	24.839588345025817	157.11940724965666
56	24.839588345025817	55.12355164839212
56	24.839588345025817	19.868596544072616
56	24.839588345025817	267.6784797777589
56	24.839588345025817	484.8300036612537
56	24.839588345025817	195.30257960023545
56	24.839588345025817	457.5236273862186
56	24.839588345025817	77.66030055805483
56	24.839588345025817	54.34282898543039
56	24.839588345025817	97.79487272604189
