60	9.874066941593805	3.8867862578845807
60	9.874066941593805	47.3991166475317
60	9.874066941593805	35.52446561343756
60	9.874066941593805	21.138693189878566
60	9.874066941593805	13.139325723579056
60	9.874066941593805	13.882965729511216
60	9.874066941593805	25.184776701261715
60	9.874066941593805	0.7812161044647208
60	9.874066941593805	117.08882093869197
60	9.874066941593805	128.94628528789613
60	9.874066941593805	7.611583864584905
60	9.874066941593805	92.80668466998105
60	9.874066941593805	14.635063969879434
60	9.874066941593805	33.389886078381195
60	9.874066941593805	25.038618822119716
60	9.874066941593805	6.32465887085807
60	9.874066941593805	7.795634436722564
60	9.874066941593805	15.75988799339211
60	9.874066941593805	11.4502395956626
60	9.874066941593805	23.112236245723953
60	9.874066941593805	27.692731655197857
60	9.874066941593805	99.58283035874727
60	9.874066941593805	43.25853379475499
60	9.874066941593805	28.159457301241545
60	9.874066941593805	63.07177746379353
60	9.874066941593805	28.432166004065877
60	9.874066941593805	13.853570486043624
60	9.874066941593805	35.11377871236317
60	9.874066941593805	56.18206494539278
60	9.874066941593805	4.3956510695123745
60	9.874066941593805	40.910702419376776
60	9.874066941593805	20.872845969105658
60	9.874066941593805	131.72920180347361
60	9.874066941593805	7.139199188733195
60	9.874066941593805	3.4601380544344185
60	9.874066941593805	5.18323965140991
60	9.874066941593805	18.072552824521583
60	9.874066941593805	20.111956872875677
60	9.874066941593805	100.44385183200862
60	9.874066941593805	14.442464748532672
60	9.874066941593805	15.531097708759688
60	9.874066941593805	5.615003256621646
60	9.874066941593805	62.58497232553654
60	9.874066941593805	41.96350767622317
60	9.874066941593805	114.71813732424724
60	9.874066941593805	94.39716970717292
60	9.874066941593805	62.14071728901344
60	9.874066941593805	111.90040653676331
60	9.874066941593805	34.418886370526124
60	9.874066941593805	6.558713872738702
60	9.874066941593805	147.59715289971717
60	9.874066941593805	79.05565063362494
60	9.874066941593805	48.935261133371014
60	9.874066941593805	27.434751908717537
60	9.874066941593805	73.93760487614766
60	9.874066941593805	26.472458153666025
60	9.874066941593805	32.90017265022444
60	9.874066941593805	2.0476468478610617
60	9.874066941593805	29.86972047525088
60	9.874066941593805	6.227600872017952
