32	10.137898549627687	7.380084648390475
32	10.137898549627687	20.556234835510548
32	10.137898549627687	12.428982594696667
32	10.137898549627687	22.44697115441589
32	10.137898549627687	9.933852008414195
32	10.137898549627687	127.16287313602638
32	10.137898549627687	88.43624387866059
32	10.137898549627687	29.447700176449963
32	10.137898549627687	73.2823054648322
32	10.137898549627687	151.0285397335776
32	10.137898549627687	7.407163319451332
32	10.137898549627687	17.013946684464397
32	10.137898549627687	18.27322279215319
32	10.137898549627687	73.72925403164743
32	10.137898549627687	42.70254493503672
32	10.137898549627687	13.10814242601039
32	10.137898549627687	100.09392846570596
32	10.137898549627687	82.56383243634183
32	10.137898549627687	11.00975321646084
32	10.137898549627687	91.2347506290863
32	10.137898549627687	3.0121132819253154
32	10.137898549627687	44.28952746938626
32	10.137898549627687	22.918161969648295
32	10.137898549627687	255.9245908604426
32	10.137898549627687	32.204260709026805
32	10.137898549627687	3.905752071415814
32	10.137898549627687	30.05534166309115
32	10.137898549627687	6.5402127678253645
32	10.137898549627687	145.89857883680756
32	10.137898549627687	12.827959578905825
32	10.137898549627687	14.995729173946575
32	10.137898549627687	33.27924872942234
