20	144788244.976	362186075212.0
20	144788244.976	21162241802.7
20	144788244.976	5071979028.93
20	144788244.976	46955191279.7
20	144788244.976	746518924662.0
20	144788244.976	66904877933.0
20	144788244.976	74161367512.3
20	144788244.976	263161529103.0
20	144788244.976	78177153733.4
20	144788244.976	6050010477.62
20	144788244.976	1.09712333322e+12
20	144788244.976	261219233309.0
20	144788244.976	9639074401.41
20	144788244.976	144640464051.0
20	144788244.976	42338504750.5
20	144788244.976	243408365240.0
20	144788244.976	99052938014.2
20	144788244.976	249771316881.0
20	144788244.976	107855010348.0
20	144788244.976	12928183319.4
