15	16.533708861512928	3.919371966357641
15	16.533708861512928	321.5811633735164
15	16.533708861512928	10.138081936266918
15	16.533708861512928	52.583037539835416
15	16.533708861512928	52.16975662406416
15	16.533708861512928	101.87175582167826
15	16.533708861512928	610.7207953214626
15	16.533708861512928	35.28483817641162
15	16.533708861512928	8.659830129715282
15	16.533708861512928	27.484231176400634
15	16.533708861512928	28.19121206829987
15	16.533708861512928	225.78369599512115
15	16.533708861512928	48.8232768044805
15	16.533708861512928	116.0303092363472
15	16.533708861512928	73.34876862389213
