39	6.2450491961297265	21.0269145782986
39	6.2450491961297265	8.653630239633879
39	6.2450491961297265	17.775459669981313
39	6.2450491961297265	29.309496404061207
39	6.2450491961297265	19.994914495959332
39	6.2450491961297265	12.16870400632311
39	6.2450491961297265	11.889874729542315
39	6.2450491961297265	33.80760464431969
39	6.2450491961297265	6.270551409224121
39	6.2450491961297265	43.71374816811252
39	6.2450491961297265	5.637768057880386
39	6.2450491961297265	33.68488478361661
39	6.2450491961297265	105.9043662867137
39	6.2450491961297265	44.35353575538744
39	6.2450491961297265	47.50783546216925
39	6.2450491961297265	11.457150459574075
39	6.2450491961297265	18.818233251106072
39	6.2450491961297265	33.988945343401014
39	6.2450491961297265	23.93146974524577
39	6.2450491961297265	17.14255166755386
39	6.2450491961297265	14.568069555603687
39	6.2450491961297265	21.216349033134286
39	6.2450491961297265	13.784201683082266
39	6.2450491961297265	8.32059405342065
39	6.2450491961297265	13.684859709385016
39	6.2450491961297265	45.41346668118598
39	6.2450491961297265	25.591043453734653
39	6.2450491961297265	12.403276036033024
39	6.2450491961297265	28.051029076400372
39	6.2450491961297265	40.201705850532875
39	6.2450491961297265	7.215604684188182
39	6.2450491961297265	6.463195669020349
39	6.2450491961297265	97.76557184420349
39	6.2450491961297265	17.88160921232704
39	6.2450491961297265	6.659069870818099
39	6.2450491961297265	3.498183759824776
39	6.2450491961297265	5.334648530002251
39	6.2450491961297265	139.02674984519606
39	6.2450491961297265	85.1103313435858
