21	4.266327817945078	12.324070310467112
21	4.266327817945078	2.1719063052683625
21	4.266327817945078	58.41016515250559
21	4.266327817945078	8.920614879535155
21	4.266327817945078	9.38763864805278
21	4.266327817945078	12.648337521130083
21	4.266327817945078	3.2036257616951516
21	4.266327817945078	2.1540007692696257
21	4.266327817945078	9.429284648845503
21	4.266327817945078	18.187344708610453
21	4.266327817945078	2.338998482902929
21	4.266327817945078	11.14046409559993
21	4.266327817945078	52.02296951309433
21	4.266327817945078	21.11518061490535
21	4.266327817945078	8.272845047217713
21	4.266327817945078	10.02232849297947
21	4.266327817945078	29.209313702040525
21	4.266327817945078	4.875462340945562
21	4.266327817945078	30.725941028405767
21	4.266327817945078	7.076022677720064
21	4.266327817945078	3.098121625048871
