220	1.8081071036921337	6.611830486021116
220	1.8081071036921337	6.430908193145436
220	1.8081071036921337	2.26763849417957
220	1.8081071036921337	2.0935722592718076
220	1.8081071036921337	4.064246507770131
220	1.8081071036921337	10.234885640065924
220	1.8081071036921337	6.847981703270691
220	1.8081071036921337	5.3276595429391165
220	1.8081071036921337	5.115100927413746
220	1.8081071036921337	1.5217138250204607
220	1.8081071036921337	7.141128121453754
220	1.8081071036921337	59.13599248955645
220	1.8081071036921337	1.6797561462800887
220	1.8081071036921337	7.119811763676838
220	1.8081071036921337	0.8825378348371818
220	1.8081071036921337	12.283254173865656
220	1.8081071036921337	5.619147821760533
220	1.8081071036921337	9.66075251835842
220	1.8081071036921337	6.156027467989707
220	1.8081071036921337	4.713053450871371
220	1.8081071036921337	10.956654100966594
220	1.8081071036921337	1.156777017030083
220	1.8081071036921337	6.251974145417983
220	1.8081071036921337	1.173290814805928
220	1.8081071036921337	5.648738907024163
220	1.8081071036921337	1.2539732165679793
220	1.8081071036921337	1.5475126067420488
220	1.8081071036921337	0.7802067442329151
220	1.8081071036921337	7.748113366962519
220	1.8081071036921337	11.11640042474436
220	1.8081071036921337	28.233458920046992
220	1.8081071036921337	3.509224519560477
220	1.8081071036921337	3.5358279557160426
220	1.8081071036921337	6.787708267192461
220	1.8081071036921337	1.5066471284153555
220	1.8081071036921337	31.464433742002825
220	1.8081071036921337	18.067231033655155
220	1.8081071036921337	2.1258598687802355
220	1.8081071036921337	9.100500434096384
220	1.8081071036921337	2.2994032818638295
220	1.8081071036921337	4.918919178806619
220	1.8081071036921337	0.6441261289793343
220	1.8081071036921337	9.409116903182886
220	1.8081071036921337	34.467278563038164
220	1.8081071036921337	21.831759558292063
220	1.8081071036921337	6.138952977796515
220	1.8081071036921337	8.452101263715356
220	1.8081071036921337	3.337487940835378
220	1.8081071036921337	3.6902394914088927
220	1.8081071036921337	1.326282211762796
220	1.8081071036921337	11.065688192054719
220	1.8081071036921337	3.418113051378647
220	1.8081071036921337	7.745309671166009
220	1.8081071036921337	12.008975659021472
220	1.8081071036921337	4.07666198914714
220	1.8081071036921337	2.7917360521061947
220	1.8081071036921337	3.3802884756306457
220	1.8081071036921337	8.990600395938039
220	1.8081071036921337	7.976267556490992
220	1.8081071036921337	3.8602111292801125
220	1.8081071036921337	16.847678069515077
220	1.8081071036921337	4.194654958209583
220	1.8081071036921337	4.308937805207477
220	1.8081071036921337	1.7425262283611316
220	1.8081071036921337	2.8172070962907485
220	1.8081071036921337	31.81824453555197
220	1.8081071036921337	17.57819282009144
220	1.8081071036921337	1.2026246397275702
220	1.8081071036921337	5.166578681855529
220	1.8081071036921337	7.330746928764758
220	1.8081071036921337	7.030387534429625
220	1.8081071036921337	9.720764149133835
220	1.8081071036921337	7.457987479099121
220	1.8081071036921337	14.015074829009134
220	1.8081071036921337	22.438821208318338
220	1.8081071036921337	1.0199074420208063
220	1.8081071036921337	17.724235144728024
220	1.8081071036921337	3.8431324018372144
220	1.8081071036921337	141.34176650709327
220	1.8081071036921337	10.826211889619
220	1.8081071036921337	5.437712462329003
220	1.8081071036921337	4.839692391610706
220	1.8081071036921337	0.8719379734722408
220	1.8081071036921337	2.6320571470122296
220	1.8081071036921337	10.72417788148099
220	1.8081071036921337	4.646736098600422
220	1.8081071036921337	2.8083868533998735
220	1.8081071036921337	4.4070438487644665
220	1.8081071036921337	3.7167426713154685
220	1.8081071036921337	4.304529995096659
220	1.8081071036921337	0.2533660881914849
220	1.8081071036921337	10.500263141206615
220	1.8081071036921337	6.204395409420971
220	1.8081071036921337	6.509119745548555
220	1.8081071036921337	3.3472941636320703
220	1.8081071036921337	5.91417310536372
220	1.8081071036921337	2.5078485271254634
220	1.8081071036921337	15.317017270909593
220	1.8081071036921337	7.947548646893346
220	1.8081071036921337	6.464036574719609
220	1.8081071036921337	2.8418963378995126
220	1.8081071036921337	6.780769865353192
220	1.8081071036921337	5.42293217813421
220	1.8081071036921337	3.3972510293189453
220	1.8081071036921337	10.217788394430618
220	1.8081071036921337	1.2407328160231714
220	1.8081071036921337	5.80395082067332
220	1.8081071036921337	12.484887713357026
220	1.8081071036921337	22.291120658410232
220	1.8081071036921337	0.8518773497357754
220	1.8081071036921337	13.280936103571397
220	1.8081071036921337	1.6797825385304375
220	1.8081071036921337	1.757362129570677
220	1.8081071036921337	1.3657618443311108
220	1.8081071036921337	7.622560644096429
220	1.8081071036921337	4.5188456355938005
220	1.8081071036921337	6.123294881399105
220	1.8081071036921337	23.390495865753547
220	1.8081071036921337	21.849374737358676
220	1.8081071036921337	19.813277585152797
220	1.8081071036921337	36.575433447656714
220	1.8081071036921337	5.5875615237351415
220	1.8081071036921337	2.624498141294256
220	1.8081071036921337	2.2809861498482213
220	1.8081071036921337	1.390289466168131
220	1.8081071036921337	2.458815712409806
220	1.8081071036921337	3.237765845389555
220	1.8081071036921337	1.412900464831198
220	1.8081071036921337	2.06709770514934
220	1.8081071036921337	7.906276082482569
220	1.8081071036921337	3.179670569041726
220	1.8081071036921337	8.229532391854864
220	1.8081071036921337	7.95042943667305
220	1.8081071036921337	6.105966637710559
220	1.8081071036921337	0.03841655024101769
220	1.8081071036921337	5.267433341664371
220	1.8081071036921337	0.8502965304643297
220	1.8081071036921337	1.6367872776432202
220	1.8081071036921337	5.617540792947078
220	1.8081071036921337	1.2850727882658064
220	1.8081071036921337	1.862392049350802
220	1.8081071036921337	2.446643985242908
220	1.8081071036921337	1.229243745670622
220	1.8081071036921337	3.6424934462046457
220	1.8081071036921337	1.1264499307628857
220	1.8081071036921337	12.24878374767825
220	1.8081071036921337	3.131760962077953
220	1.8081071036921337	5.783913619784148
220	1.8081071036921337	4.891695595471586
220	1.8081071036921337	12.912128564052244
220	1.8081071036921337	6.904524523568864
220	1.8081071036921337	3.0881982565203705
220	1.8081071036921337	1.1789571412328794
220	1.8081071036921337	18.546973945435106
220	1.8081071036921337	1.4772040778717364
220	1.8081071036921337	3.3679715954700993
220	1.8081071036921337	29.298287896768997
220	1.8081071036921337	1.8787765014595554
220	1.8081071036921337	10.401354507668074
220	1.8081071036921337	1.0360548424233424
220	1.8081071036921337	3.492147627015575
220	1.8081071036921337	1.84247847271297
220	1.8081071036921337	1.6455744889031998
220	1.8081071036921337	10.551862613802324
220	1.8081071036921337	4.505156146177201
220	1.8081071036921337	8.785233804575066
220	1.8081071036921337	5.736840759428712
220	1.8081071036921337	15.35848633102864
220	1.8081071036921337	28.461962868710224
220	1.8081071036921337	6.364063344979347
220	1.8081071036921337	7.313049706694771
220	1.8081071036921337	8.385108506051495
220	1.8081071036921337	21.22264474100137
220	1.8081071036921337	2.1837867668710262
220	1.8081071036921337	7.166395806547432
220	1.8081071036921337	3.1298919003819274
220	1.8081071036921337	18.040002324515623
220	1.8081071036921337	14.194274123262895
220	1.8081071036921337	5.345149616820105
220	1.8081071036921337	1.043592172548802
220	1.8081071036921337	17.738095427287174
220	1.8081071036921337	4.688393875178089
220	1.8081071036921337	8.368411382290528
220	1.8081071036921337	6.669899077301713
220	1.8081071036921337	6.87715090537195
220	1.8081071036921337	4.559914374163962
220	1.8081071036921337	9.040897574009795
220	1.8081071036921337	8.367182956064147
220	1.8081071036921337	21.21928228887365
220	1.8081071036921337	3.2462643367204134
220	1.8081071036921337	6.308337078448664
220	1.8081071036921337	10.154282483808851
220	1.8081071036921337	5.56501132129848
220	1.8081071036921337	20.703114941496107
220	1.8081071036921337	0.9640356493954959
220	1.8081071036921337	2.7403547349825454
220	1.8081071036921337	8.275349861828817
220	1.8081071036921337	2.379919884558138
220	1.8081071036921337	10.444284287277865
220	1.8081071036921337	12.208687180874955
220	1.8081071036921337	2.290186838861206
220	1.8081071036921337	4.206345020538571
220	1.8081071036921337	4.344275593396165
220	1.8081071036921337	0.8061739755418816
220	1.8081071036921337	3.696181232195567
220	1.8081071036921337	17.240144496197154
220	1.8081071036921337	4.573004479630675
220	1.8081071036921337	21.56045575284587
220	1.8081071036921337	4.11189991192678
220	1.8081071036921337	1.9550795625511763
220	1.8081071036921337	3.552841865386559
220	1.8081071036921337	3.2027074342233166
220	1.8081071036921337	1.211020658259811
220	1.8081071036921337	15.391181360956287
220	1.8081071036921337	6.6698599697093135
220	1.8081071036921337	5.828583119286561
220	1.8081071036921337	13.346812525446415
220	1.8081071036921337	0.928855193588506
220	1.8081071036921337	18.87606422714016
220	1.8081071036921337	7.332722951056216
