41	14.72614322193305	8.96015679420689
41	14.72614322193305	118.98689800150495
41	14.72614322193305	76.37826117971056
41	14.72614322193305	13.51633293620628
41	14.72614322193305	45.91444293593418
41	14.72614322193305	62.74333445946032
41	14.72614322193305	10.678714924512805
41	14.72614322193305	8.722930071417643
41	14.72614322193305	183.2378834340179
41	14.72614322193305	29.768270054381535
41	14.72614322193305	48.658411831661276
41	14.72614322193305	114.95581127547071
41	14.72614322193305	86.19862904751392
41	14.72614322193305	171.1514605942597
41	14.72614322193305	106.37877589599475
41	14.72614322193305	57.30684873490323
41	14.72614322193305	22.12124345928222
41	14.72614322193305	144.3316923965951
41	14.72614322193305	77.75992075007969
41	14.72614322193305	58.27486110018124
41	14.72614322193305	34.90242907869659
41	14.72614322193305	63.66729125833133
41	14.72614322193305	26.49639399437508
41	14.72614322193305	18.479184546626307
41	14.72614322193305	64.30263380755065
41	14.72614322193305	27.35367747936559
41	14.72614322193305	39.90496347791504
41	14.72614322193305	52.94881823265304
41	14.72614322193305	11.853864465116736
41	14.72614322193305	58.770444826871795
41	14.72614322193305	27.531381444225577
41	14.72614322193305	66.7015033646355
41	14.72614322193305	70.60023171374516
41	14.72614322193305	42.940516923833194
41	14.72614322193305	18.16797373257263
41	14.72614322193305	63.49303609373474
41	14.72614322193305	52.57020172657044
41	14.72614322193305	20.63209139759521
41	14.72614322193305	11.565228349312687
41	14.72614322193305	13.067784510994498
41	14.72614322193305	28.48799829949013
