15	0.7145391579481367	0.684918250437512
15	0.7145391579481367	3.4826346256721514
15	0.7145391579481367	0.5169772090646334
15	0.7145391579481367	0.3918491215179018
15	0.7145391579481367	1.6869866212759947
15	0.7145391579481367	4.720402798036067
15	0.7145391579481367	0.46581398677804464
15	0.7145391579481367	0.9594050714029372
15	0.7145391579481367	1.7568117708123252
15	0.7145391579481367	3.558039543262605
15	0.7145391579481367	2.061817018146917
15	0.7145391579481367	11.294942174469822
15	0.7145391579481367	2.749619210760467
15	0.7145391579481367	0.6158041378639303
15	0.7145391579481367	1.6091630906570202
