27	15.832702303838538	93.46563360393165
27	15.832702303838538	33.41876392548342
27	15.832702303838538	286.5603031786087
27	15.832702303838538	121.19017302765342
27	15.832702303838538	59.74196031332382
27	15.832702303838538	63.44051903226921
27	15.832702303838538	59.20338180436129
27	15.832702303838538	75.94475389063976
27	15.832702303838538	24.845189243147903
27	15.832702303838538	43.55719159414764
27	15.832702303838538	39.0329016384795
27	15.832702303838538	140.4551852612549
27	15.832702303838538	45.288408087048616
27	15.832702303838538	36.33349046700558
27	15.832702303838538	67.5614455325707
27	15.832702303838538	5.290046148077464
27	15.832702303838538	19.92658836460391
27	15.832702303838538	20.04166828594134
27	15.832702303838538	81.22805184054039
27	15.832702303838538	28.188913563103956
27	15.832702303838538	31.910679454485233
27	15.832702303838538	5.095263257900128
27	15.832702303838538	15.947131639914769
27	15.832702303838538	41.75805884842734
27	15.832702303838538	69.85350866060821
27	15.832702303838538	12.643969736174215
27	15.832702303838538	75.44052286600193
