26	2.9062484165135496	23.12160436844333
26	2.9062484165135496	2.4121030511153667
26	2.9062484165135496	17.228332354727623
26	2.9062484165135496	4.600921449687702
26	2.9062484165135496	14.520039113899417
26	2.9062484165135496	4.025013493920604
26	2.9062484165135496	2.838948547407951
26	2.9062484165135496	27.125639434529855
26	2.9062484165135496	6.3351091650776645
26	2.9062484165135496	10.007059489867908
26	2.9062484165135496	129.9736951208486
26	2.9062484165135496	5.244264144622607
26	2.9062484165135496	26.188558240212295
26	2.9062484165135496	0.8503705514415032
26	2.9062484165135496	7.664835530716543
26	2.9062484165135496	7.673871501286828
26	2.9062484165135496	3.2968877330040804
26	2.9062484165135496	36.26828953408989
26	2.9062484165135496	6.852727111280344
26	2.9062484165135496	19.17757727255417
26	2.9062484165135496	9.870871101119608
26	2.9062484165135496	6.440111723652331
26	2.9062484165135496	7.303145145608545
26	2.9062484165135496	3.8104124033115587
26	2.9062484165135496	3.2052105057799265
26	2.9062484165135496	35.80761211571144
