51	3.320786618024909	28.57047125167405
51	3.320786618024909	1.3891286063246577
51	3.320786618024909	95.47836295879988
51	3.320786618024909	2.2045991380332604
51	3.320786618024909	17.700528671400512
51	3.320786618024909	37.35847843978445
51	3.320786618024909	19.279477267519532
51	3.320786618024909	22.174863061593385
51	3.320786618024909	12.42079543398564
51	3.320786618024909	4.938909372967408
51	3.320786618024909	14.596543788092914
51	3.320786618024909	2.860787082178553
51	3.320786618024909	7.367737495250578
51	3.320786618024909	11.187134661613486
51	3.320786618024909	41.47750545626608
51	3.320786618024909	1.5136080742771296
51	3.320786618024909	6.861490683097003
51	3.320786618024909	10.860566696553056
51	3.320786618024909	20.14164539986935
51	3.320786618024909	21.554313012516705
51	3.320786618024909	1.7181770036677484
51	3.320786618024909	8.024017072195164
51	3.320786618024909	18.829627995969652
51	3.320786618024909	49.82367723544869
51	3.320786618024909	19.349378922493656
51	3.320786618024909	19.61676088070158
51	3.320786618024909	10.648333775763156
51	3.320786618024909	32.71131292066747
51	3.320786618024909	7.888446943975641
51	3.320786618024909	4.880078388295863
51	3.320786618024909	44.41386531039074
51	3.320786618024909	2.7464687643091525
51	3.320786618024909	3.5028378708577477
51	3.320786618024909	4.2364982799052004
51	3.320786618024909	15.867592384074158
51	3.320786618024909	15.087927546577076
51	3.320786618024909	10.853095576622096
51	3.320786618024909	9.80172454298326
51	3.320786618024909	2.616390151308498
51	3.320786618024909	8.112699301945574
51	3.320786618024909	13.496905233270832
51	3.320786618024909	10.261284213637666
51	3.320786618024909	11.426679803658393
51	3.320786618024909	6.504358603674365
51	3.320786618024909	3.2790678264348356
51	3.320786618024909	16.362901729375924
51	3.320786618024909	5.4325291561040245
51	3.320786618024909	14.830627848460225
51	3.320786618024909	9.770335640422598
51	3.320786618024909	51.514321740729784
51	3.320786618024909	0.32146856534580287
