43	7.572655700655834	61.07365684415459
43	7.572655700655834	46.486522372925386
43	7.572655700655834	80.73902690676223
43	7.572655700655834	15.203650163146918
43	7.572655700655834	7.479004699464898
43	7.572655700655834	29.75611745528791
43	7.572655700655834	18.626464485825405
43	7.572655700655834	7.950650318142128
43	7.572655700655834	6.8514782417237265
43	7.572655700655834	3.5888052916129523
43	7.572655700655834	35.592975907526295
43	7.572655700655834	45.69334039539089
43	7.572655700655834	1.873095375331291
43	7.572655700655834	27.66295705655977
43	7.572655700655834	33.57481436171122
43	7.572655700655834	2.5762428776073207
43	7.572655700655834	8.42756755192367
43	7.572655700655834	20.354297201502476
43	7.572655700655834	15.107851417464357
43	7.572655700655834	14.71128928506455
43	7.572655700655834	8.519370256575812
43	7.572655700655834	25.358144496060863
43	7.572655700655834	6.498071327711474
43	7.572655700655834	27.709659517805036
43	7.572655700655834	52.129567062211436
43	7.572655700655834	3.8869924377569607
43	7.572655700655834	18.24173729411247
43	7.572655700655834	27.249703484587496
43	7.572655700655834	28.732938961562613
43	7.572655700655834	8.65855200655144
43	7.572655700655834	28.84404536420571
43	7.572655700655834	4.531335901139446
43	7.572655700655834	20.531624608429066
43	7.572655700655834	6.997124629805087
43	7.572655700655834	9.7515022532456
43	7.572655700655834	71.42218987869632
43	7.572655700655834	11.5246456603791
43	7.572655700655834	35.15865630664558
43	7.572655700655834	11.248249597400708
43	7.572655700655834	25.26532390765955
43	7.572655700655834	12.873474846919843
43	7.572655700655834	27.613025171806097
43	7.572655700655834	9.584128424035256
