21	12.724368089218721	69.30273227470526
21	12.724368089218721	33.98749007330802
21	12.724368089218721	17.437277923610242
21	12.724368089218721	9.216086832711419
21	12.724368089218721	28.424625801907375
21	12.724368089218721	6.825639164519308
21	12.724368089218721	7.756803616696043
21	12.724368089218721	8.254424287712862
21	12.724368089218721	42.565825451656174
21	12.724368089218721	33.04379802204131
21	12.724368089218721	14.406358275819168
21	12.724368089218721	25.174648630229346
21	12.724368089218721	41.71815419117973
21	12.724368089218721	22.330952892618463
21	12.724368089218721	142.43640915641586
21	12.724368089218721	57.335577088905985
21	12.724368089218721	18.74300777005321
21	12.724368089218721	30.71703385096073
21	12.724368089218721	15.666070896900056
21	12.724368089218721	4.298704211975545
21	12.724368089218721	22.727343116143714
