27	260419318.527	495816791880.0
27	260419318.527	1.98455844989e+12
27	260419318.527	430920161667.0
27	260419318.527	192610671527.0
27	260419318.527	124553543540.0
27	260419318.527	701315770261.0
27	260419318.527	151194935915.0
27	260419318.527	166229765819.0
27	260419318.527	313629043432.0
27	260419318.527	915299528674.0
27	260419318.527	106724804579.0
27	260419318.527	1.36588885328e+12
27	260419318.527	136670080957.0
27	260419318.527	16779374954.1
27	260419318.527	125050582464.0
27	260419318.527	95201056105.3
27	260419318.527	109859547482.0
27	260419318.527	175050428453.0
27	260419318.527	85888507066.3
27	260419318.527	228461955843.0
27	260419318.527	53110235859.8
27	260419318.527	135849968653.0
27	260419318.527	34820133249.2
27	260419318.527	40326815332.4
27	260419318.527	14051994879.4
27	260419318.527	972868598111.0
27	260419318.527	630113364568.0
