32	30.37357579138145	116.04397241352699
32	30.37357579138145	65.51357623715055
32	30.37357579138145	191.24642898504007
32	30.37357579138145	223.14797296796146
32	30.37357579138145	82.26677699875684
32	30.37357579138145	166.54782858929144
32	30.37357579138145	152.08369221917036
32	30.37357579138145	87.07766945385693
32	30.37357579138145	34.31631960666225
32	30.37357579138145	78.99225435225144
32	30.37357579138145	155.54813328390694
32	30.37357579138145	54.64945575656862
32	30.37357579138145	108.59188755242138
32	30.37357579138145	25.92171883524177
32	30.37357579138145	26.708636870059745
32	30.37357579138145	381.773846458541
32	30.37357579138145	24.07710208892048
32	30.37357579138145	12.879307078653802
32	30.37357579138145	270.91155918891366
32	30.37357579138145	21.87349405203727
32	30.37357579138145	400.7841804224976
32	30.37357579138145	456.75572805710556
32	30.37357579138145	66.2781942857425
32	30.37357579138145	36.55307858286166
32	30.37357579138145	54.5186958899387
32	30.37357579138145	42.794832354710735
32	30.37357579138145	12.657906981914188
32	30.37357579138145	45.956929636182885
32	30.37357579138145	294.4427082086625
32	30.37357579138145	21.50311165580387
32	30.37357579138145	34.82255081076271
32	30.37357579138145	198.38847794070725
