23	14.981593351359695	429.85059724308564
23	14.981593351359695	19.16447505534968
23	14.981593351359695	28.949146455117734
23	14.981593351359695	247.5663678088324
23	14.981593351359695	60.48522693206764
23	14.981593351359695	167.89057164685659
23	14.981593351359695	21.004149869386925
23	14.981593351359695	40.63654076416915
23	14.981593351359695	61.30307379419603
23	14.981593351359695	12.163703269510536
23	14.981593351359695	87.06208444410824
23	14.981593351359695	12.06986901859769
23	14.981593351359695	559.2214330692349
23	14.981593351359695	13.932307911407188
23	14.981593351359695	11.371457464772938
23	14.981593351359695	28.982000570858805
23	14.981593351359695	8.94057874714059
23	14.981593351359695	153.27473736414638
23	14.981593351359695	7.775518217549227
23	14.981593351359695	79.88378149037493
23	14.981593351359695	46.79619832994982
23	14.981593351359695	34.92261862641376
23	14.981593351359695	110.56622802509571
