19	1.6245561551193266	5.929274158407198
19	1.6245561551193266	3.5075891544785054
19	1.6245561551193266	6.406548251878397
19	1.6245561551193266	16.632180742113224
19	1.6245561551193266	6.306458533615763
19	1.6245561551193266	4.087827560541927
19	1.6245561551193266	17.007606467602617
19	1.6245561551193266	6.553230669309293
19	1.6245561551193266	7.585325007813353
19	1.6245561551193266	2.5990309304467845
19	1.6245561551193266	64.92213400858209
19	1.6245561551193266	2.9726933434621645
19	1.6245561551193266	0.678195059371508
19	1.6245561551193266	1.3799086698962713
19	1.6245561551193266	3.4234946149442163
19	1.6245561551193266	7.28074061701581
19	1.6245561551193266	6.240572413013976
19	1.6245561551193266	9.553974384656321
19	1.6245561551193266	6.223747160859753
