17	26.028201774416367	17.025604173026796
17	26.028201774416367	33.87605878967686
17	26.028201774416367	92.58439473432695
17	26.028201774416367	275.4755047034975
17	26.028201774416367	1674.5919200342173
17	26.028201774416367	75.8721837916931
17	26.028201774416367	8.304231226268772
17	26.028201774416367	437.76843105412553
17	26.028201774416367	45.40846983904202
17	26.028201774416367	43.34379392255264
17	26.028201774416367	108.8818620477313
17	26.028201774416367	99.6187680481767
17	26.028201774416367	394.9639588405448
17	26.028201774416367	227.42201760028587
17	26.028201774416367	363.68073375954833
17	26.028201774416367	195.6825016197422
17	26.028201774416367	179.89135583631744
