24	4.022199618161139	12.794248618645957
24	4.022199618161139	13.363440483033243
24	4.022199618161139	5.630073381899478
24	4.022199618161139	7.700357541577816
24	4.022199618161139	4.313728403390195
24	4.022199618161139	43.34018724495742
24	4.022199618161139	8.387336307802636
24	4.022199618161139	1.2036273129310004
24	4.022199618161139	10.09265324594727
24	4.022199618161139	13.068310094958761
24	4.022199618161139	13.488502114038173
24	4.022199618161139	15.061385874618178
24	4.022199618161139	7.390102530876329
24	4.022199618161139	32.02661833683733
24	4.022199618161139	4.6899589599566625
24	4.022199618161139	1.167831739299071
24	4.022199618161139	1.3930655399209457
24	4.022199618161139	19.916000046714448
24	4.022199618161139	4.048149090910504
24	4.022199618161139	53.23461167948814
24	4.022199618161139	1.823136583577327
24	4.022199618161139	5.820690034489063
24	4.022199618161139	43.57073104339035
24	4.022199618161139	11.904441877385832
