23	3.9780229605066575	22.35290763625718
23	3.9780229605066575	11.50830056214116
23	3.9780229605066575	6.507069581726395
23	3.9780229605066575	3.05259435012347
23	3.9780229605066575	12.320830482996982
23	3.9780229605066575	2.348048926401909
23	3.9780229605066575	3.2835936841450764
23	3.9780229605066575	5.025110231201449
23	3.9780229605066575	20.70379528112442
23	3.9780229605066575	13.58292768338315
23	3.9780229605066575	3.084377645010494
23	3.9780229605066575	11.56030151069192
23	3.9780229605066575	30.178313455302472
23	3.9780229605066575	20.743810799398766
23	3.9780229605066575	1.5793587562692601
23	3.9780229605066575	22.977015711671722
23	3.9780229605066575	12.405836179482815
23	3.9780229605066575	62.82008481365919
23	3.9780229605066575	22.676156923622276
23	3.9780229605066575	3.9903246031554143
23	3.9780229605066575	17.64485011708642
23	3.9780229605066575	2.730689645311722
23	3.9780229605066575	18.10687522548065
