20	3.4298028187971807	14.980268938788695
20	3.4298028187971807	0.9955045829581565
20	3.4298028187971807	1.1535980080064776
20	3.4298028187971807	6.136300712238952
20	3.4298028187971807	51.921725850392825
20	3.4298028187971807	1.853434504630342
20	3.4298028187971807	12.28003970581309
20	3.4298028187971807	8.864742609669227
20	3.4298028187971807	25.44919680770124
20	3.4298028187971807	10.599873172945045
20	3.4298028187971807	5.723546418558508
20	3.4298028187971807	38.60717785018409
20	3.4298028187971807	5.3129513895153755
20	3.4298028187971807	13.698683637827358
20	3.4298028187971807	29.893259191953067
20	3.4298028187971807	2.4413569410357865
20	3.4298028187971807	30.5463621432145
20	3.4298028187971807	0.9917447141244832
20	3.4298028187971807	5.211657619919542
20	3.4298028187971807	6.9183834975581044
