21	6.235582365355727	3.0345341916576722
21	6.235582365355727	6.474600953062249
21	6.235582365355727	100.22438458416953
21	6.235582365355727	13.255583364652963
21	6.235582365355727	67.13353007011567
21	6.235582365355727	5.590550624161936
21	6.235582365355727	2.200753776210247
21	6.235582365355727	7.0211937895885015
21	6.235582365355727	54.232555610945084
21	6.235582365355727	41.82504851569108
21	6.235582365355727	7.438230162104628
21	6.235582365355727	34.07392094811086
21	6.235582365355727	7.410154482823469
21	6.235582365355727	17.991041960428532
21	6.235582365355727	10.603095998449454
21	6.235582365355727	30.165276788593268
21	6.235582365355727	6.065648613994633
21	6.235582365355727	29.202969467908773
21	6.235582365355727	13.479560856261251
21	6.235582365355727	11.77587746888911
21	6.235582365355727	3.59323206154303
