25	1.4303208182691982	2.4391133626194326
25	1.4303208182691982	2.1014819802308353
25	1.4303208182691982	0.759288778611667
25	1.4303208182691982	5.375529304044257
25	1.4303208182691982	16.634269003749342
25	1.4303208182691982	3.2845371983500486
25	1.4303208182691982	4.316549436953551
25	1.4303208182691982	15.583990633859184
25	1.4303208182691982	1.5046076052003883
25	1.4303208182691982	14.587298646419764
25	1.4303208182691982	0.24845804064865082
25	1.4303208182691982	0.596787505025509
25	1.4303208182691982	9.063501019388866
25	1.4303208182691982	1.7326490252466535
25	1.4303208182691982	3.5537116215144273
25	1.4303208182691982	6.465815053679928
25	1.4303208182691982	2.803301558061304
25	1.4303208182691982	20.372394855941117
25	1.4303208182691982	7.131365690192241
25	1.4303208182691982	2.104393719611938
25	1.4303208182691982	4.164119543173126
25	1.4303208182691982	9.677619057640843
25	1.4303208182691982	3.2806806885194946
25	1.4303208182691982	4.738254713360081
25	1.4303208182691982	5.711175274347663
