28	400481214.564	1.46432692697e+13
28	400481214.564	643374597190.0
28	400481214.564	44355372852.4
28	400481214.564	460784943080.0
28	400481214.564	407211588801.0
28	400481214.564	1.71383569582e+12
28	400481214.564	1.22557623498e+12
28	400481214.564	1.77676821621e+12
28	400481214.564	165614367341.0
28	400481214.564	3.83336476717e+12
28	400481214.564	1.303546472e+12
28	400481214.564	237370106922.0
28	400481214.564	349873335678.0
28	400481214.564	13213661446.4
28	400481214.564	924150298116.0
28	400481214.564	92957685443.1
28	400481214.564	88521481745.2
28	400481214.564	226723404164.0
28	400481214.564	2936905675.08
28	400481214.564	2.59034780808e+13
28	400481214.564	160145387286.0
28	400481214.564	4.62390403451e+12
28	400481214.564	88975102398.4
28	400481214.564	47594159663.6
28	400481214.564	545937173352.0
28	400481214.564	634345507705.0
28	400481214.564	191244461354.0
28	400481214.564	510675536667.0
