110	37387116.76785856	67685670909.66049
110	37387116.76785856	84094061702.57317
110	37387116.76785856	101782139796.12228
110	37387116.76785856	5004540302.236995
110	37387116.76785856	26247616000.28679
110	37387116.76785856	114165803579.37961
110	37387116.76785856	41092838155.30114
110	37387116.76785856	217743803537.97778
110	37387116.76785856	4852462343.277139
110	37387116.76785856	82590630442.8229
110	37387116.76785856	17082840532.140064
110	37387116.76785856	267042610534.80875
110	37387116.76785856	39512750327.270195
110	37387116.76785856	68716064803.24041
110	37387116.76785856	6856174591.18349
110	37387116.76785856	2471580857.9940085
110	37387116.76785856	36695842171.5952
110	37387116.76785856	24871163719.7202
110	37387116.76785856	42025746173.736824
110	37387116.76785856	24736382911.927395
110	37387116.76785856	49958074273.03117
110	37387116.76785856	5864838177.316877
110	37387116.76785856	21533249534.02307
110	37387116.76785856	153281881320.6715
110	37387116.76785856	188155291991.0325
110	37387116.76785856	237599197346.93784
110	37387116.76785856	1044105197.6038233
110	37387116.76785856	59564735688.043785
110	37387116.76785856	2092323051.7743378
110	37387116.76785856	26343421169.338333
110	37387116.76785856	7395533341.043995
110	37387116.76785856	16024990888.554798
110	37387116.76785856	4457262695.390834
110	37387116.76785856	17233137176.34162
110	37387116.76785856	21613638455.883877
110	37387116.76785856	23421887687.888462
110	37387116.76785856	16280881920.07404
110	37387116.76785856	32326696017.382294
110	37387116.76785856	842445575755.7577
110	37387116.76785856	22276889163.87471
110	37387116.76785856	214837562793.24515
110	37387116.76785856	29804013541.65132
110	37387116.76785856	37496151398.830154
110	37387116.76785856	66799092582.66073
110	37387116.76785856	1235744613.2985387
110	37387116.76785856	40192198764.63309
110	37387116.76785856	40476534030.98795
110	37387116.76785856	7740605806.145645
110	37387116.76785856	6057519334.320454
110	37387116.76785856	5937706192.554707
110	37387116.76785856	3448269847.8410807
110	37387116.76785856	15140142596.737103
110	37387116.76785856	24447381172.80306
110	37387116.76785856	41069609931.49789
110	37387116.76785856	243658204207.6985
110	37387116.76785856	86134284709.75735
110	37387116.76785856	74296260879.35513
110	37387116.76785856	9425558978.706951
110	37387116.76785856	2069855015.0787208
110	37387116.76785856	300897017201.7128
110	37387116.76785856	9329829404.75324
110	37387116.76785856	831323385.5646752
110	37387116.76785856	272915626194.55252
110	37387116.76785856	4131108607.0564556
110	37387116.76785856	47805382023.93643
110	37387116.76785856	794349109356.558
110	37387116.76785856	2023374134956.5037
110	37387116.76785856	1060409181.473172
110	37387116.76785856	3140428192.7672343
110	37387116.76785856	4092873658.3581295
110	37387116.76785856	1696956751368.6062
110	37387116.76785856	1274913266.621025
110	37387116.76785856	22390359625.77494
110	37387116.76785856	790147045588.7252
110	37387116.76785856	19927371592.659817
110	37387116.76785856	32282977444.66797
110	37387116.76785856	25892779402.806717
110	37387116.76785856	161325400439.50107
110	37387116.76785856	1018708664.5356324
110	37387116.76785856	16692462808.53035
110	37387116.76785856	399679612278.53156
110	37387116.76785856	34679285131.176735
110	37387116.76785856	32227085091.625256
110	37387116.76785856	61166202379.951225
110	37387116.76785856	10104925217.240532
110	37387116.76785856	19421179146.47301
110	37387116.76785856	46160215539.65608
110	37387116.76785856	18293343866.247623
110	37387116.76785856	8429119471.322402
110	37387116.76785856	6374287915.681038
110	37387116.76785856	93999749068.00497
110	37387116.76785856	17789832429.89933
110	37387116.76785856	17508174589.55281
110	37387116.76785856	19952224736.154583
110	37387116.76785856	11181486135.18946
110	37387116.76785856	65514961361.09096
110	37387116.76785856	49276796636.13426
110	37387116.76785856	138669957064.5594
110	37387116.76785856	118893376253.42389
110	37387116.76785856	1346829259767.4685
110	37387116.76785856	146076047519.0217
110	37387116.76785856	390281490.3955148
110	37387116.76785856	31395424764.13831
110	37387116.76785856	15011546484.33842
110	37387116.76785856	43831401427.740456
110	37387116.76785856	4852142111.758905
110	37387116.76785856	46040950253.87011
110	37387116.76785856	9747230941.709703
110	37387116.76785856	38885237094.09062
110	37387116.76785856	966876292468.274
