38	2.1783059839420393	7.074615779417337
38	2.1783059839420393	7.170005188687473
38	2.1783059839420393	6.675514849627663
38	2.1783059839420393	7.219473368865095
38	2.1783059839420393	14.798067123662268
38	2.1783059839420393	14.455225189862743
38	2.1783059839420393	6.4391055553983705
38	2.1783059839420393	1.6946498257849922
38	2.1783059839420393	3.2248789685738637
38	2.1783059839420393	1.392812720940875
38	2.1783059839420393	23.278507406512084
38	2.1783059839420393	1.0840244848157317
38	2.1783059839420393	3.2658864646093435
38	2.1783059839420393	6.523943384276679
38	2.1783059839420393	27.5457532920903
38	2.1783059839420393	3.0436633941962685
38	2.1783059839420393	11.017698843924025
38	2.1783059839420393	11.68592615900819
38	2.1783059839420393	7.484247688857167
38	2.1783059839420393	2.5592728063385257
38	2.1783059839420393	1.4058284642691217
38	2.1783059839420393	19.12664460973494
38	2.1783059839420393	21.323890261411343
38	2.1783059839420393	2.567135835178109
38	2.1783059839420393	5.056400755735653
38	2.1783059839420393	33.55866971599651
38	2.1783059839420393	3.5524828600416676
38	2.1783059839420393	18.02124846955461
38	2.1783059839420393	2.1718891550018538
38	2.1783059839420393	13.62368885544548
38	2.1783059839420393	6.4066072871179145
38	2.1783059839420393	24.790283568645638
38	2.1783059839420393	5.870622631328613
38	2.1783059839420393	4.62909994760543
38	2.1783059839420393	4.4787950493155275
38	2.1783059839420393	5.801942914396919
38	2.1783059839420393	9.718356842158373
38	2.1783059839420393	9.165132708961899
