40	46.51232831682895	450.91798604549535
40	46.51232831682895	449.8987769866434
40	46.51232831682895	18.05158527223441
40	46.51232831682895	126.91040690028298
40	46.51232831682895	152.24094535257547
40	46.51232831682895	1991.6589962737903
40	46.51232831682895	38.335976149544614
40	46.51232831682895	84.81428982754133
40	46.51232831682895	156.22957477202667
40	46.51232831682895	144.35492734014707
40	46.51232831682895	53.576155664638925
40	46.51232831682895	129.81700678096692
40	46.51232831682895	137.71528980332138
40	46.51232831682895	103.77198494883191
40	46.51232831682895	29.465941461170015
40	46.51232831682895	328.493188093515
40	46.51232831682895	28.46910090794303
40	46.51232831682895	294.43651499664713
40	46.51232831682895	385.2720667338171
40	46.51232831682895	39.53513010588234
40	46.51232831682895	196.21474037725733
40	46.51232831682895	99.69443840147787
40	46.51232831682895	354.3561743149075
40	46.51232831682895	52.228696929165736
40	46.51232831682895	504.4264780590028
40	46.51232831682895	335.12871686870517
40	46.51232831682895	47.55759401222644
40	46.51232831682895	277.08629029163137
40	46.51232831682895	55.36060286120307
40	46.51232831682895	70.52245963497838
40	46.51232831682895	81.2294035633996
40	46.51232831682895	68.85308387021735
40	46.51232831682895	92.52573683722714
40	46.51232831682895	439.2572078975928
40	46.51232831682895	35.41627038011179
40	46.51232831682895	139.5156772308021
40	46.51232831682895	42.01126390229517
40	46.51232831682895	85.39364588151324
40	46.51232831682895	294.1490938565073
40	46.51232831682895	183.03920300782445
