46	1.9219515766861384	3.602692032982474
46	1.9219515766861384	9.240631035659792
46	1.9219515766861384	3.96710667284404
46	1.9219515766861384	5.693092103927833
46	1.9219515766861384	6.542121539942248
46	1.9219515766861384	3.516072078353381
46	1.9219515766861384	4.606882735082909
46	1.9219515766861384	11.481153190560995
46	1.9219515766861384	4.410433083288685
46	1.9219515766861384	6.337302709764964
46	1.9219515766861384	5.487144895139473
46	1.9219515766861384	31.768332664261784
46	1.9219515766861384	75.33991226198886
46	1.9219515766861384	18.32837311159286
46	1.9219515766861384	4.646477179771226
46	1.9219515766861384	1.1594956357190356
46	1.9219515766861384	13.310941144942708
46	1.9219515766861384	1.3632107766322423
46	1.9219515766861384	0.6261823557087294
46	1.9219515766861384	16.28494858497573
46	1.9219515766861384	13.555619164125561
46	1.9219515766861384	5.418467929537878
46	1.9219515766861384	6.680463208680128
46	1.9219515766861384	3.7257437591502147
46	1.9219515766861384	2.9341605357451863
46	1.9219515766861384	3.5545074571098594
46	1.9219515766861384	8.368000725380911
46	1.9219515766861384	1.7878035646235668
46	1.9219515766861384	8.661868247238367
46	1.9219515766861384	9.03975500205608
46	1.9219515766861384	10.496775634223987
46	1.9219515766861384	1.0091123296157396
46	1.9219515766861384	6.204621418328683
46	1.9219515766861384	23.24238252401997
46	1.9219515766861384	5.245466767215757
46	1.9219515766861384	4.374580293281627
46	1.9219515766861384	4.810544875440231
46	1.9219515766861384	1.853991269965839
46	1.9219515766861384	2.4386881411724497
46	1.9219515766861384	13.653574087363438
46	1.9219515766861384	2.9724776016047607
46	1.9219515766861384	26.264584765388403
46	1.9219515766861384	1.9112911050980494
46	1.9219515766861384	18.502959848112027
46	1.9219515766861384	7.618650469710813
46	1.9219515766861384	6.9215637985177345
