71	17.74436057500561	31.836828705357767
71	17.74436057500561	30.817190356105346
71	17.74436057500561	69.00257148751089
71	17.74436057500561	32.34446509522968
71	17.74436057500561	50.91425928115725
71	17.74436057500561	6.150183064910006
71	17.74436057500561	65.16781383197143
71	17.74436057500561	55.07045093929677
71	17.74436057500561	20.791930234616764
71	17.74436057500561	15.949481511436526
71	17.74436057500561	32.915219652503
71	17.74436057500561	76.56439463501692
71	17.74436057500561	86.73844498772533
71	17.74436057500561	30.04551355055378
71	17.74436057500561	20.597070662390887
71	17.74436057500561	22.062214053779538
71	17.74436057500561	71.52209182904484
71	17.74436057500561	62.5491236409566
71	17.74436057500561	6.263456424982317
71	17.74436057500561	74.24210887810082
71	17.74436057500561	13.068509346699317
71	17.74436057500561	25.57199032990945
71	17.74436057500561	32.311010297819585
71	17.74436057500561	156.11269648670145
71	17.74436057500561	10.740250726765826
71	17.74436057500561	36.71007567781271
71	17.74436057500561	25.735551279414878
71	17.74436057500561	75.8207680528754
71	17.74436057500561	72.93159811647472
71	17.74436057500561	144.87751898407063
71	17.74436057500561	25.752811430492006
71	17.74436057500561	51.45741638836392
71	17.74436057500561	34.89642048407472
71	17.74436057500561	13.478724738609216
71	17.74436057500561	60.770595203745074
71	17.74436057500561	79.89162281678212
71	17.74436057500561	25.21999433599965
71	17.74436057500561	72.0514844996149
71	17.74436057500561	102.96792714061014
71	17.74436057500561	15.08018163356574
71	17.74436057500561	77.05208252282623
71	17.74436057500561	48.305341025667495
71	17.74436057500561	299.5287305195782
71	17.74436057500561	44.03692525337952
71	17.74436057500561	7.5907718108261015
71	17.74436057500561	25.396930362166707
71	17.74436057500561	145.27117084693515
71	17.74436057500561	67.1205976215356
71	17.74436057500561	188.46860466696057
71	17.74436057500561	85.0908811003497
71	17.74436057500561	103.2431537989325
71	17.74436057500561	46.26966451445459
71	17.74436057500561	61.094786084720745
71	17.74436057500561	39.60689810005862
71	17.74436057500561	96.23590257107406
71	17.74436057500561	182.79304286770554
71	17.74436057500561	79.79424081059496
71	17.74436057500561	78.77305097126109
71	17.74436057500561	16.46777764111158
71	17.74436057500561	19.072506565625233
71	17.74436057500561	126.48899898047249
71	17.74436057500561	92.06041191735508
71	17.74436057500561	28.47591849827148
71	17.74436057500561	6.541807578564302
71	17.74436057500561	327.1865104974486
71	17.74436057500561	183.3262968082489
71	17.74436057500561	25.11840964384408
71	17.74436057500561	10.486083549719364
71	17.74436057500561	28.023642881983168
71	17.74436057500561	13.005849105703195
71	17.74436057500561	69.15373040227342
