46	30.44117910548511	139.19189804634513
46	30.44117910548511	242.85377861357776
46	30.44117910548511	81.85988708087295
46	30.44117910548511	92.23478549431366
46	30.44117910548511	124.67596935498382
46	30.44117910548511	101.30394032747407
46	30.44117910548511	76.56139955334069
46	30.44117910548511	185.20037344789282
46	30.44117910548511	98.32613207357197
46	30.44117910548511	250.34026199811163
46	30.44117910548511	70.51655635737158
46	30.44117910548511	32.4977985605874
46	30.44117910548511	95.39872673564653
46	30.44117910548511	28.70966254650772
46	30.44117910548511	109.30984813397895
46	30.44117910548511	79.5039630797615
46	30.44117910548511	400.94107003596764
46	30.44117910548511	200.94810681075995
46	30.44117910548511	14.173436774681958
46	30.44117910548511	24.41184991979631
46	30.44117910548511	106.15766573464167
46	30.44117910548511	430.5431279241227
46	30.44117910548511	38.49063766059636
46	30.44117910548511	91.86493584416725
46	30.44117910548511	14.066452180742873
46	30.44117910548511	466.0614487934619
46	30.44117910548511	17.871621205508003
46	30.44117910548511	84.85545149823821
46	30.44117910548511	21.919496491900958
46	30.44117910548511	40.882688777856536
46	30.44117910548511	24.512188850558875
46	30.44117910548511	22.333456793622133
46	30.44117910548511	31.935956816175153
46	30.44117910548511	39.26529791150671
46	30.44117910548511	354.79323309752766
46	30.44117910548511	36.23344006566258
46	30.44117910548511	224.96195869680204
46	30.44117910548511	33.95801917652289
46	30.44117910548511	219.79062210735887
46	30.44117910548511	23.46614804728189
46	30.44117910548511	514.6848595935637
46	30.44117910548511	291.7236918952782
46	30.44117910548511	15.049753304957573
46	30.44117910548511	217.79959318141465
46	30.44117910548511	104.00068670767794
46	30.44117910548511	119.93810649924292
