53	7.551277651848718	9.437345448916943
53	7.551277651848718	6.407143152257268
53	7.551277651848718	38.347672970790946
53	7.551277651848718	27.989093033359897
53	7.551277651848718	3.998565848337254
53	7.551277651848718	31.21579956327807
53	7.551277651848718	14.402695535826677
53	7.551277651848718	38.519828510037705
53	7.551277651848718	40.38829112191865
53	7.551277651848718	6.603416112835503
53	7.551277651848718	63.09004381984618
53	7.551277651848718	8.05646265846781
53	7.551277651848718	4.4789804209059225
53	7.551277651848718	14.524316128824028
53	7.551277651848718	88.52529053911948
53	7.551277651848718	81.64069075076262
53	7.551277651848718	60.4290723426202
53	7.551277651848718	28.72174897970462
53	7.551277651848718	19.294222219224665
53	7.551277651848718	15.535937287039085
53	7.551277651848718	8.33670431939964
53	7.551277651848718	18.604638648072658
53	7.551277651848718	25.006748114352177
53	7.551277651848718	13.44638588231789
53	7.551277651848718	18.79147142287677
53	7.551277651848718	8.074562231531006
53	7.551277651848718	6.025815270350169
53	7.551277651848718	60.12656259282248
53	7.551277651848718	17.014568484518893
53	7.551277651848718	7.177198880731413
53	7.551277651848718	12.29810653712682
53	7.551277651848718	30.0905250371686
53	7.551277651848718	28.642037657143103
53	7.551277651848718	35.32504945759346
53	7.551277651848718	6.9299748997004835
53	7.551277651848718	9.180377204972578
53	7.551277651848718	19.347106908721894
53	7.551277651848718	20.365866435068423
53	7.551277651848718	15.979338788217675
53	7.551277651848718	8.925298716911906
53	7.551277651848718	14.46405080066499
53	7.551277651848718	54.746035401111506
53	7.551277651848718	10.078383232333113
53	7.551277651848718	34.03339804295576
53	7.551277651848718	17.12808061315248
53	7.551277651848718	67.3960269596888
53	7.551277651848718	6.865962156539612
53	7.551277651848718	149.5474944146301
53	7.551277651848718	14.13709519187574
53	7.551277651848718	20.07453687058908
53	7.551277651848718	42.039071275815004
53	7.551277651848718	16.216540297846475
53	7.551277651848718	6.662208717337049
