15	38.58326428945043	262.83188569853326
15	38.58326428945043	107.82407473431053
15	38.58326428945043	70.85800671985668
15	38.58326428945043	58.11923304987495
15	38.58326428945043	81.63879366761796
15	38.58326428945043	109.32185482631645
15	38.58326428945043	75.3779995654381
15	38.58326428945043	185.9445747517959
15	38.58326428945043	36.09545548636234
15	38.58326428945043	47.8949504238979
15	38.58326428945043	70.61583597957272
15	38.58326428945043	49.77563187733611
15	38.58326428945043	203.3388303723652
15	38.58326428945043	24.71221698852072
15	38.58326428945043	209.518003148981
