13	3.422060465310975	64.12722633153606
13	3.422060465310975	22.33682400081556
13	3.422060465310975	49.88402671195414
13	3.422060465310975	49.070996122629396
13	3.422060465310975	52.86138093881171
13	3.422060465310975	4.972318673509757
13	3.422060465310975	147.3691676563503
13	3.422060465310975	38.36226484946934
13	3.422060465310975	134.62404826093106
13	3.422060465310975	11.103162116762173
13	3.422060465310975	14.012893102138596
13	3.422060465310975	2.0180425054722306
13	3.422060465310975	28.467848605591193
