40	11.431274062097366	22.517155456772414
40	11.431274062097366	39.198407278120136
40	11.431274062097366	4.803927712764626
40	11.431274062097366	1.3226707151590626
40	11.431274062097366	74.48101758077375
40	11.431274062097366	79.93641699118403
40	11.431274062097366	187.30347800829043
40	11.431274062097366	235.84150849270256
40	11.431274062097366	12.316016858582788
40	11.431274062097366	39.95282556762862
40	11.431274062097366	102.8272136733857
40	11.431274062097366	24.284964947468602
40	11.431274062097366	11.998081424243697
40	11.431274062097366	17.416282311619735
40	11.431274062097366	26.397810346322863
40	11.431274062097366	35.6210977226287
40	11.431274062097366	32.774164830940734
40	11.431274062097366	164.69715435115037
40	11.431274062097366	44.056043738976875
40	11.431274062097366	118.1759612346641
40	11.431274062097366	56.849470904128815
40	11.431274062097366	11.720554959405241
40	11.431274062097366	18.340638581337682
40	11.431274062097366	90.89288764346081
40	11.431274062097366	9.47764750811027
40	11.431274062097366	33.062769540593905
40	11.431274062097366	16.959162170313377
40	11.431274062097366	6.0954274840108065
40	11.431274062097366	26.86670920880838
40	11.431274062097366	55.03585051708372
40	11.431274062097366	270.38451835608026
40	11.431274062097366	19.682878689462964
40	11.431274062097366	61.27362907742827
40	11.431274062097366	22.900410942956995
40	11.431274062097366	115.52436723375097
40	11.431274062097366	231.2799565610603
40	11.431274062097366	208.68403675125617
40	11.431274062097366	40.52938116268456
40	11.431274062097366	320.1766312863579
40	11.431274062097366	21.915914153980445
