74	23.437717469100846	166.83769908963905
74	23.437717469100846	7.93351557556461
74	23.437717469100846	27.26348627374888
74	23.437717469100846	96.44015551861966
74	23.437717469100846	99.06127556163325
74	23.437717469100846	43.150020401130135
74	23.437717469100846	67.80985162199016
74	23.437717469100846	64.5462131893608
74	23.437717469100846	41.14875212828904
74	23.437717469100846	113.02414132187248
74	23.437717469100846	48.551634066932685
74	23.437717469100846	73.33241599349147
74	23.437717469100846	30.32227830621832
74	23.437717469100846	74.76609168996126
74	23.437717469100846	73.51379167646914
74	23.437717469100846	70.55117594855734
74	23.437717469100846	31.33804225527147
74	23.437717469100846	162.11396337224784
74	23.437717469100846	225.67649701603094
74	23.437717469100846	46.71785718685963
74	23.437717469100846	348.7413012332231
74	23.437717469100846	59.94299459384409
74	23.437717469100846	65.27960026728624
74	23.437717469100846	92.81704669531236
74	23.437717469100846	108.27894189282942
74	23.437717469100846	52.25729117569629
74	23.437717469100846	73.84195970498841
74	23.437717469100846	30.68873783292301
74	23.437717469100846	92.36011467984721
74	23.437717469100846	12.263125807077978
74	23.437717469100846	31.06913621687823
74	23.437717469100846	80.17036043678867
74	23.437717469100846	40.01270153770025
74	23.437717469100846	41.37813820939778
74	23.437717469100846	44.98267932851287
74	23.437717469100846	71.5222758296265
74	23.437717469100846	41.09741553243027
74	23.437717469100846	17.049532939892906
74	23.437717469100846	585.7660642351383
74	23.437717469100846	117.42278061414824
74	23.437717469100846	16.07740931952634
74	23.437717469100846	127.66326802939138
74	23.437717469100846	24.18358121304115
74	23.437717469100846	446.91361463739156
74	23.437717469100846	161.95988490946664
74	23.437717469100846	86.69682410531924
74	23.437717469100846	17.097395849723004
74	23.437717469100846	306.63495880082337
74	23.437717469100846	27.680371103734927
74	23.437717469100846	85.04371925451285
74	23.437717469100846	126.30178408432245
74	23.437717469100846	95.14345066985953
74	23.437717469100846	33.18510470304043
74	23.437717469100846	103.46625286528598
74	23.437717469100846	22.616630363204383
74	23.437717469100846	73.36804181662201
74	23.437717469100846	8.707121269915682
74	23.437717469100846	52.863892573007234
74	23.437717469100846	43.16510354959129
74	23.437717469100846	24.991649168975677
74	23.437717469100846	55.426872020699065
74	23.437717469100846	67.1614931169062
74	23.437717469100846	29.784942602418912
74	23.437717469100846	7.444946041785292
74	23.437717469100846	134.60101936443138
74	23.437717469100846	48.46608112503195
74	23.437717469100846	27.588589964041294
74	23.437717469100846	11.728652200534167
74	23.437717469100846	51.781110059612374
74	23.437717469100846	30.744886361712254
74	23.437717469100846	56.22319772637989
74	23.437717469100846	327.46038333939845
74	23.437717469100846	405.0906923855393
74	23.437717469100846	61.726268925261046
