25	10.506289198586945	30.580986807724404
25	10.506289198586945	13.419399664039231
25	10.506289198586945	8.275627501758615
25	10.506289198586945	20.397913849763103
25	10.506289198586945	25.13278920270938
25	10.506289198586945	15.80678333664177
25	10.506289198586945	2.6013247370527153
25	10.506289198586945	37.004910841123746
25	10.506289198586945	23.26669241447081
25	10.506289198586945	78.22267419221288
25	10.506289198586945	96.56057358771251
25	10.506289198586945	99.14043933942723
25	10.506289198586945	37.34468544365407
25	10.506289198586945	21.05810814930476
25	10.506289198586945	35.79242695542411
25	10.506289198586945	57.40955539395199
25	10.506289198586945	52.821553710632045
25	10.506289198586945	6.7107287280837316
25	10.506289198586945	56.39829028007547
25	10.506289198586945	29.09390167111799
25	10.506289198586945	15.183192685081062
25	10.506289198586945	59.75330063699601
25	10.506289198586945	64.18485946838382
25	10.506289198586945	12.4017964056384
25	10.506289198586945	22.790703375483485
