30	4.645081714029884	9.209120105988806
30	4.645081714029884	24.71512256650096
30	4.645081714029884	5.047657101444193
30	4.645081714029884	51.256877764286
30	4.645081714029884	13.382051820333903
30	4.645081714029884	27.92839321409253
30	4.645081714029884	2.185280605722214
30	4.645081714029884	17.69490124931154
30	4.645081714029884	8.293362197890268
30	4.645081714029884	18.50963542981727
30	4.645081714029884	43.7690427232761
30	4.645081714029884	16.36104572648382
30	4.645081714029884	10.228139907826924
30	4.645081714029884	2.555544905599282
30	4.645081714029884	14.248218589618968
30	4.645081714029884	59.3668131828085
30	4.645081714029884	63.63548613237804
30	4.645081714029884	8.09322524397909
30	4.645081714029884	7.4886320015117995
30	4.645081714029884	2.8558670157678065
30	4.645081714029884	4.541139014508615
30	4.645081714029884	16.04182123650471
30	4.645081714029884	2.3627266842280767
30	4.645081714029884	46.236707637010696
30	4.645081714029884	1.266568802112486
30	4.645081714029884	46.54871518691694
30	4.645081714029884	3.355488970464452
30	4.645081714029884	19.565748412834804
30	4.645081714029884	8.201038493755199
30	4.645081714029884	6.235059461884816
