106	6.274238295817415	38.16969038683082
106	6.274238295817415	21.875148434627537
106	6.274238295817415	2.006794727444702
106	6.274238295817415	22.88526776918519
106	6.274238295817415	10.374265298379818
106	6.274238295817415	4.360190552295777
106	6.274238295817415	29.659408466981702
106	6.274238295817415	21.062175230309283
106	6.274238295817415	45.6604766862898
106	6.274238295817415	17.269033708943056
106	6.274238295817415	24.495730457301452
106	6.274238295817415	13.707173353042068
106	6.274238295817415	8.357431171866919
106	6.274238295817415	49.604451936217245
106	6.274238295817415	17.554153838036186
106	6.274238295817415	45.33963302943407
106	6.274238295817415	41.41472425638523
106	6.274238295817415	28.97184766380832
106	6.274238295817415	4.927264154340877
106	6.274238295817415	11.014169791862418
106	6.274238295817415	25.61466544763458
106	6.274238295817415	54.51462433459749
106	6.274238295817415	151.90890206796567
106	6.274238295817415	6.9077352464342034
106	6.274238295817415	42.59427996924522
106	6.274238295817415	22.181264802041365
106	6.274238295817415	9.846798640177193
106	6.274238295817415	21.252893040771575
106	6.274238295817415	40.93693192244687
106	6.274238295817415	10.929308918417485
106	6.274238295817415	24.079628784530147
106	6.274238295817415	5.280220990789133
106	6.274238295817415	19.797315448921648
106	6.274238295817415	13.657248816795024
106	6.274238295817415	14.53588341298863
106	6.274238295817415	3.733815236812082
106	6.274238295817415	24.52077077845283
106	6.274238295817415	33.362633745217074
106	6.274238295817415	5.674682155009506
106	6.274238295817415	22.17324259727396
106	6.274238295817415	396.7843810621635
106	6.274238295817415	2.846618940443424
106	6.274238295817415	12.053892615167701
106	6.274238295817415	19.715093599720305
106	6.274238295817415	12.970953039142383
106	6.274238295817415	20.87468374935388
106	6.274238295817415	55.36822442919672
106	6.274238295817415	10.721645339584933
106	6.274238295817415	16.57567737534775
106	6.274238295817415	14.55475955748832
106	6.274238295817415	26.72379322067205
106	6.274238295817415	8.265791615284936
106	6.274238295817415	10.468226501262379
106	6.274238295817415	2.8928506551244566
106	6.274238295817415	21.749582381199154
106	6.274238295817415	66.82279971767836
106	6.274238295817415	17.586801432886155
106	6.274238295817415	45.462658631156884
106	6.274238295817415	4.053953418091808
106	6.274238295817415	39.038281519824146
106	6.274238295817415	27.145947098879436
106	6.274238295817415	56.00180650952704
106	6.274238295817415	18.639806385525784
106	6.274238295817415	0.9389710185206231
106	6.274238295817415	52.42543233758297
106	6.274238295817415	28.26397605054428
106	6.274238295817415	2.535550674021856
106	6.274238295817415	10.239869628401872
106	6.274238295817415	47.39284304619698
106	6.274238295817415	20.709294083510823
106	6.274238295817415	23.38142000669263
106	6.274238295817415	31.76660622009723
106	6.274238295817415	4.844611924306693
106	6.274238295817415	7.399370300666996
106	6.274238295817415	24.259115562104636
106	6.274238295817415	20.45764667177892
106	6.274238295817415	3.5128149203794785
106	6.274238295817415	19.566259698046373
106	6.274238295817415	44.13468707835775
106	6.274238295817415	7.280977931356999
106	6.274238295817415	26.384852845795486
106	6.274238295817415	31.038888145645533
106	6.274238295817415	9.5844616221225
106	6.274238295817415	17.952980182385954
106	6.274238295817415	10.65181744952613
106	6.274238295817415	50.08040917014621
106	6.274238295817415	66.26634524436551
106	6.274238295817415	80.83931591728339
106	6.274238295817415	43.45595965080735
106	6.274238295817415	12.196197012763465
106	6.274238295817415	18.982185343369792
106	6.274238295817415	34.66556940965302
106	6.274238295817415	11.635623247805057
106	6.274238295817415	9.718236568413403
106	6.274238295817415	19.667532873309984
106	6.274238295817415	12.91026691673357
106	6.274238295817415	11.952089637452023
106	6.274238295817415	20.741189982815797
106	6.274238295817415	105.37986479794938
106	6.274238295817415	52.59984786408907
106	6.274238295817415	7.202042502589958
106	6.274238295817415	20.206600633687682
106	6.274238295817415	2.489613168227582
106	6.274238295817415	8.101136480385243
106	6.274238295817415	5.079670180085919
106	6.274238295817415	32.259638036546676
