18	5.169620790713115	5.156121488632367
18	5.169620790713115	15.840894068049243
18	5.169620790713115	3.6726915706516388
18	5.169620790713115	30.69986753312175
18	5.169620790713115	3.645450472356345
18	5.169620790713115	10.099720019041847
18	5.169620790713115	21.67331569358949
18	5.169620790713115	26.9208968124198
18	5.169620790713115	12.932502166396125
18	5.169620790713115	12.616654055941058
18	5.169620790713115	1.2990232989623498
18	5.169620790713115	8.486917106862984
18	5.169620790713115	6.979563632461078
18	5.169620790713115	39.7523138486189
18	5.169620790713115	25.20879886154101
18	5.169620790713115	4.0216671634896715
18	5.169620790713115	3.3792064253573493
18	5.169620790713115	37.60103993167423
