43	1.8193077525760522	4.40770269965313
43	1.8193077525760522	3.5713773927245303
43	1.8193077525760522	1.5536792104711092
43	1.8193077525760522	3.412525848253031
43	1.8193077525760522	6.598970671174567
43	1.8193077525760522	4.104884751994161
43	1.8193077525760522	14.029393696113399
43	1.8193077525760522	9.163616333039103
43	1.8193077525760522	3.4096056895496702
43	1.8193077525760522	26.737168556292364
43	1.8193077525760522	0.7868140209696094
43	1.8193077525760522	1.1803678290512942
43	1.8193077525760522	2.4142290014926373
43	1.8193077525760522	3.4838380848345865
43	1.8193077525760522	5.257609905157936
43	1.8193077525760522	0.5013401786484858
43	1.8193077525760522	6.382273074674673
43	1.8193077525760522	1.2104871319326345
43	1.8193077525760522	1.5211917376167379
43	1.8193077525760522	9.763243623799598
43	1.8193077525760522	8.73309957243539
43	1.8193077525760522	4.007841699936581
43	1.8193077525760522	0.7670255951906064
43	1.8193077525760522	8.76559893952994
43	1.8193077525760522	8.931258696592154
43	1.8193077525760522	1.2822172924305761
43	1.8193077525760522	1.9698801283523655
43	1.8193077525760522	8.726688225170903
43	1.8193077525760522	10.615603903659165
43	1.8193077525760522	5.670744935182334
43	1.8193077525760522	3.832387227320427
43	1.8193077525760522	2.5483197222962586
43	1.8193077525760522	1.3091719760617173
43	1.8193077525760522	7.187999817549327
43	1.8193077525760522	1.404320842089461
43	1.8193077525760522	4.827666098315138
43	1.8193077525760522	3.2720142252615814
43	1.8193077525760522	1.4016098700837993
43	1.8193077525760522	15.989196723733048
43	1.8193077525760522	26.172230842930528
43	1.8193077525760522	8.384455089966306
43	1.8193077525760522	41.19144771460231
43	1.8193077525760522	15.146517990805647
