37	6.720640888070293	4.669199170880752
37	6.720640888070293	31.89179247142515
37	6.720640888070293	63.70402936172404
37	6.720640888070293	1.755278348528478
37	6.720640888070293	6.409379944347386
37	6.720640888070293	10.202811387479043
37	6.720640888070293	56.174161470881074
37	6.720640888070293	30.03378921383317
37	6.720640888070293	4.4619626996068265
37	6.720640888070293	25.536685834962416
37	6.720640888070293	6.119979888356362
37	6.720640888070293	47.62071565332098
37	6.720640888070293	43.175045403249136
37	6.720640888070293	12.75550630215627
37	6.720640888070293	22.774232443144633
37	6.720640888070293	24.431553244991086
37	6.720640888070293	10.545010887240016
37	6.720640888070293	88.53844516089094
37	6.720640888070293	4.231542541346805
37	6.720640888070293	43.186370055601365
37	6.720640888070293	45.847651640190925
37	6.720640888070293	39.98100483843698
37	6.720640888070293	21.265464141036556
37	6.720640888070293	28.366885413969968
37	6.720640888070293	2.4771212194768584
37	6.720640888070293	15.849092046110977
37	6.720640888070293	24.980506971727724
37	6.720640888070293	37.07150297419603
37	6.720640888070293	18.893208625524093
37	6.720640888070293	35.95109776364643
37	6.720640888070293	68.58641412360755
37	6.720640888070293	58.34867368512685
37	6.720640888070293	19.051915199697333
37	6.720640888070293	5.76781282470819
37	6.720640888070293	68.22910240970292
37	6.720640888070293	52.98591202123646
37	6.720640888070293	6.275033588370892
