16	6.734848009675127	22.28550320633107
16	6.734848009675127	33.10433175022597
16	6.734848009675127	53.709428434381344
16	6.734848009675127	73.19691835233313
16	6.734848009675127	13.220630940477468
16	6.734848009675127	7.904629231915573
16	6.734848009675127	20.88356312738358
16	6.734848009675127	41.454477886279385
16	6.734848009675127	51.36947838541673
16	6.734848009675127	6.76630993050736
16	6.734848009675127	29.282714783848235
16	6.734848009675127	5.776718079423878
16	6.734848009675127	44.52333929734494
16	6.734848009675127	2.281729252167058
16	6.734848009675127	8.722715400942057
16	6.734848009675127	18.50827082434821
