104	29.082794309730872	78.18494081270413
104	29.082794309730872	101.79253591970533
104	29.082794309730872	63.38529993074839
104	29.082794309730872	38.70916750337491
104	29.082794309730872	69.81515983649932
104	29.082794309730872	168.7754443294706
104	29.082794309730872	83.26488846381594
104	29.082794309730872	111.29352531048232
104	29.082794309730872	22.763845418404646
104	29.082794309730872	17.924927941347274
104	29.082794309730872	258.2620214984644
104	29.082794309730872	93.28168001751182
104	29.082794309730872	180.6991264232336
104	29.082794309730872	218.0058053830399
104	29.082794309730872	39.71671706827351
104	29.082794309730872	61.41715076711781
104	29.082794309730872	254.60067325110884
104	29.082794309730872	25.967191144927973
104	29.082794309730872	45.26273944002566
104	29.082794309730872	278.1482237706891
104	29.082794309730872	35.29314888093211
104	29.082794309730872	95.37024927425675
104	29.082794309730872	27.660189863452647
104	29.082794309730872	12.308644337523402
104	29.082794309730872	34.172752841192114
104	29.082794309730872	24.997673035215357
104	29.082794309730872	240.08236631840106
104	29.082794309730872	107.94851649628409
104	29.082794309730872	51.95614080788381
104	29.082794309730872	77.23679719176052
104	29.082794309730872	24.594440076866405
104	29.082794309730872	7.1970659519769
104	29.082794309730872	128.50307555030847
104	29.082794309730872	123.44168872905057
104	29.082794309730872	59.193251281620576
104	29.082794309730872	29.231221576268513
104	29.082794309730872	416.41463143713185
104	29.082794309730872	226.8220042651684
104	29.082794309730872	79.20322572470042
104	29.082794309730872	128.38616941651142
104	29.082794309730872	90.97918704045648
104	29.082794309730872	19.272788742895983
104	29.082794309730872	18.67614645416779
104	29.082794309730872	81.21142961966002
104	29.082794309730872	54.29177399603003
104	29.082794309730872	8.940651588226554
104	29.082794309730872	99.55494290076727
104	29.082794309730872	111.54475214253709
104	29.082794309730872	57.006403201338074
104	29.082794309730872	34.6898596692484
104	29.082794309730872	47.9258196175281
104	29.082794309730872	290.0616887595845
104	29.082794309730872	69.22559495118942
104	29.082794309730872	30.649357620175433
104	29.082794309730872	71.60834457352587
104	29.082794309730872	166.78598922724566
104	29.082794309730872	21.39135689916746
104	29.082794309730872	35.909143271408574
104	29.082794309730872	205.63847510460852
104	29.082794309730872	241.66865958873296
104	29.082794309730872	417.0561932315723
104	29.082794309730872	61.15226318189547
104	29.082794309730872	101.84574760702941
104	29.082794309730872	95.1851240051079
104	29.082794309730872	127.70921852627686
104	29.082794309730872	31.544161770051268
104	29.082794309730872	93.69861043328329
104	29.082794309730872	75.12726766185827
104	29.082794309730872	337.5835045857662
104	29.082794309730872	303.433283280293
104	29.082794309730872	79.37429680323643
104	29.082794309730872	125.3266298798221
104	29.082794309730872	65.85584123183473
104	29.082794309730872	66.49734885409437
104	29.082794309730872	56.12029445704353
104	29.082794309730872	68.61990115068717
104	29.082794309730872	211.87808505965586
104	29.082794309730872	10.62590972708151
104	29.082794309730872	369.53129741842747
104	29.082794309730872	77.85891601170754
104	29.082794309730872	34.73353056680549
104	29.082794309730872	51.60020632104307
104	29.082794309730872	191.9448769573618
104	29.082794309730872	23.943911482784387
104	29.082794309730872	29.51256887756085
104	29.082794309730872	35.373120818891906
104	29.082794309730872	180.38216242710303
104	29.082794309730872	38.68665371623166
104	29.082794309730872	154.4171184150644
104	29.082794309730872	76.76195564159968
104	29.082794309730872	93.7989510565488
104	29.082794309730872	71.94950461126533
104	29.082794309730872	27.981899089358638
104	29.082794309730872	262.11464859364935
104	29.082794309730872	34.270076552024854
104	29.082794309730872	47.57763507777624
104	29.082794309730872	95.29575935531078
104	29.082794309730872	365.9279104770655
104	29.082794309730872	215.62634199367014
104	29.082794309730872	75.58086695260239
104	29.082794309730872	113.7709013666282
104	29.082794309730872	102.04132648860198
104	29.082794309730872	34.201818205900075
104	29.082794309730872	60.11300613876775
