19	12.277840080732947	216.8271952627497
19	12.277840080732947	10.321694731526208
19	12.277840080732947	16.585463027871782
19	12.277840080732947	77.61977864791331
19	12.277840080732947	84.33228486446791
19	12.277840080732947	20.144282041935593
19	12.277840080732947	33.48045975151049
19	12.277840080732947	75.40585251709753
19	12.277840080732947	23.287690436161437
19	12.277840080732947	24.187096831242
19	12.277840080732947	185.27216645155394
19	12.277840080732947	23.384163462453824
19	12.277840080732947	23.055102134098664
19	12.277840080732947	42.231692627977964
19	12.277840080732947	5.0215342615122776
19	12.277840080732947	30.646854365976946
19	12.277840080732947	104.61539651990573
19	12.277840080732947	93.39927606875663
19	12.277840080732947	102.94293672387514
