134	3.297906736103228	2.3911566700467572
134	3.297906736103228	19.230905945470717
134	3.297906736103228	4.578111171540079
134	3.297906736103228	3.368395229196693
134	3.297906736103228	13.482420259691569
134	3.297906736103228	6.220215512704565
134	3.297906736103228	6.501118459647637
134	3.297906736103228	10.915806056724598
134	3.297906736103228	20.489231336526192
134	3.297906736103228	4.242408812497743
134	3.297906736103228	5.3721003199241135
134	3.297906736103228	8.158776787360496
134	3.297906736103228	12.187600649456833
134	3.297906736103228	17.814581355382472
134	3.297906736103228	31.278986877233695
134	3.297906736103228	6.935254497985448
134	3.297906736103228	1.6116806383411448
134	3.297906736103228	8.423769698938482
134	3.297906736103228	10.052630905033995
134	3.297906736103228	19.891232047631927
134	3.297906736103228	25.251153616562785
134	3.297906736103228	46.36628929402194
134	3.297906736103228	1.0514766060554301
134	3.297906736103228	8.902973283414864
134	3.297906736103228	39.8827508300315
134	3.297906736103228	12.764560945902597
134	3.297906736103228	8.18321860596187
134	3.297906736103228	16.392575726901082
134	3.297906736103228	7.413232554120828
134	3.297906736103228	10.085575110416048
134	3.297906736103228	3.2428612732924638
134	3.297906736103228	5.550169870102771
134	3.297906736103228	7.988237377639457
134	3.297906736103228	67.58300058718945
134	3.297906736103228	6.924689839927896
134	3.297906736103228	10.175660277176265
134	3.297906736103228	2.76594065036755
134	3.297906736103228	9.940412339416739
134	3.297906736103228	5.554474518063305
134	3.297906736103228	7.5668877164279875
134	3.297906736103228	3.576771402001982
134	3.297906736103228	4.85265860712187
134	3.297906736103228	22.54064235951589
134	3.297906736103228	2.418653845098397
134	3.297906736103228	5.528160537915371
134	3.297906736103228	14.311961845493311
134	3.297906736103228	8.835067702760435
134	3.297906736103228	57.8727766898029
134	3.297906736103228	10.176646626995764
134	3.297906736103228	9.983306700500728
134	3.297906736103228	2.077905884881901
134	3.297906736103228	28.617276174335533
134	3.297906736103228	3.591452512545274
134	3.297906736103228	13.369640077660572
134	3.297906736103228	5.141844201022502
134	3.297906736103228	6.964344279154384
134	3.297906736103228	10.533371797875573
134	3.297906736103228	13.028281003720188
134	3.297906736103228	19.085525729830472
134	3.297906736103228	2.638336022755382
134	3.297906736103228	5.835092627485721
134	3.297906736103228	35.69001240038147
134	3.297906736103228	3.714807724760732
134	3.297906736103228	11.984432708653875
134	3.297906736103228	5.0661552767164775
134	3.297906736103228	2.99041695236927
134	3.297906736103228	8.190088976302416
134	3.297906736103228	6.393373808499824
134	3.297906736103228	12.087352199423883
134	3.297906736103228	17.905845989872745
134	3.297906736103228	4.914343107142493
134	3.297906736103228	6.7925175277550025
134	3.297906736103228	7.723647447699723
134	3.297906736103228	2.314577165204475
134	3.297906736103228	15.82370079605044
134	3.297906736103228	19.310408277685667
134	3.297906736103228	2.3211804480825746
134	3.297906736103228	9.907427270533042
134	3.297906736103228	6.660133376589879
134	3.297906736103228	28.003109456910085
134	3.297906736103228	40.301153668480154
134	3.297906736103228	9.123847459722802
134	3.297906736103228	38.54204143902488
134	3.297906736103228	6.057385208142635
134	3.297906736103228	49.19667060156238
134	3.297906736103228	9.65243227057172
134	3.297906736103228	23.08034439047969
134	3.297906736103228	23.226796365219677
134	3.297906736103228	10.59707850302226
134	3.297906736103228	4.088013486347746
134	3.297906736103228	1.3204887886949581
134	3.297906736103228	27.64421124985623
134	3.297906736103228	4.099725672468812
134	3.297906736103228	24.219274415245767
134	3.297906736103228	15.289944642263094
134	3.297906736103228	21.812791362705944
134	3.297906736103228	11.729763058235246
134	3.297906736103228	5.382736082022862
134	3.297906736103228	2.182427052241062
134	3.297906736103228	1.8697102200739952
134	3.297906736103228	24.074990037835843
134	3.297906736103228	37.61565504652924
134	3.297906736103228	4.085540994098054
134	3.297906736103228	41.69972004436113
134	3.297906736103228	5.114986109477554
134	3.297906736103228	81.19092023913669
134	3.297906736103228	15.315135530643822
134	3.297906736103228	33.608517962141555
134	3.297906736103228	5.347336613420047
134	3.297906736103228	34.62858641317418
134	3.297906736103228	13.131643676785643
134	3.297906736103228	3.2744258542968248
134	3.297906736103228	2.2787017964691234
134	3.297906736103228	12.290715250687212
134	3.297906736103228	27.24126690047292
134	3.297906736103228	23.131897185007787
134	3.297906736103228	4.862088272327122
134	3.297906736103228	128.93574152668197
134	3.297906736103228	7.938752791600061
134	3.297906736103228	13.004907775930842
134	3.297906736103228	17.64763366934498
134	3.297906736103228	3.6303993382132127
134	3.297906736103228	54.79221365106175
134	3.297906736103228	14.4336786691841
134	3.297906736103228	13.481789032056371
134	3.297906736103228	2.4763563993968103
134	3.297906736103228	5.397102897842042
134	3.297906736103228	3.4907050700400895
134	3.297906736103228	4.395159269173667
134	3.297906736103228	6.500516853477939
134	3.297906736103228	9.999598114283664
134	3.297906736103228	15.50162978364626
134	3.297906736103228	17.78555455251387
134	3.297906736103228	10.546757518300733
