18	33.529332256366736	35.202607455600244
18	33.529332256366736	17.149834687328646
18	33.529332256366736	157.39267661593084
18	33.529332256366736	151.69083123809648
18	33.529332256366736	301.6490707692019
18	33.529332256366736	26.37419250965524
18	33.529332256366736	55.26029856247712
18	33.529332256366736	37.35644795250532
18	33.529332256366736	83.64224104442681
18	33.529332256366736	68.068811839492
18	33.529332256366736	137.88831953462127
18	33.529332256366736	239.6941116907123
18	33.529332256366736	118.22326928520326
18	33.529332256366736	124.1265256220712
18	33.529332256366736	90.11045284177503
18	33.529332256366736	51.71008534200654
18	33.529332256366736	470.3233671153927
18	33.529332256366736	100.03976076586629
