192	12.606443421815356	53.55851970247828
192	12.606443421815356	31.61127379099187
192	12.606443421815356	61.43479411667778
192	12.606443421815356	56.51843387341191
192	12.606443421815356	38.619770845828555
192	12.606443421815356	7.004375448162776
192	12.606443421815356	11.53383229931619
192	12.606443421815356	43.04334832697557
192	12.606443421815356	80.82744759268432
192	12.606443421815356	17.644900719766618
192	12.606443421815356	46.32030378539887
192	12.606443421815356	48.6853009792542
192	12.606443421815356	13.997391170274167
192	12.606443421815356	8.589418741475438
192	12.606443421815356	3.7046226303819867
192	12.606443421815356	70.65813801760014
192	12.606443421815356	30.60309468543649
192	12.606443421815356	136.24028672429185
192	12.606443421815356	59.35155527035269
192	12.606443421815356	3.7323006748881427
192	12.606443421815356	5.178938728587364
192	12.606443421815356	9.824799349043609
192	12.606443421815356	5.805919351757011
192	12.606443421815356	66.80839444470084
192	12.606443421815356	45.68252023322903
192	12.606443421815356	54.10422888816404
192	12.606443421815356	18.509363766604768
192	12.606443421815356	35.95884035607495
192	12.606443421815356	16.192286168258626
192	12.606443421815356	115.76851026376382
192	12.606443421815356	143.62705979031225
192	12.606443421815356	18.36460850224763
192	12.606443421815356	75.48758930811282
192	12.606443421815356	24.95917807161802
192	12.606443421815356	10.107295968536123
192	12.606443421815356	58.53420780648808
192	12.606443421815356	8.038235416605993
192	12.606443421815356	90.7316329684397
192	12.606443421815356	4.0709027795269845
192	12.606443421815356	45.8483917226347
192	12.606443421815356	42.39534151363133
192	12.606443421815356	42.2437745118008
192	12.606443421815356	25.058111986872717
192	12.606443421815356	47.618463857787475
192	12.606443421815356	49.556962424716836
192	12.606443421815356	15.446911438810917
192	12.606443421815356	48.907753518218634
192	12.606443421815356	17.932324773114846
192	12.606443421815356	32.37021271806428
192	12.606443421815356	68.73753570259
192	12.606443421815356	131.38790754555802
192	12.606443421815356	21.44066655542322
192	12.606443421815356	201.1034913832201
192	12.606443421815356	12.630526167314988
192	12.606443421815356	70.03572486618289
192	12.606443421815356	31.713743714962227
192	12.606443421815356	126.7661817387761
192	12.606443421815356	6.0375503770985555
192	12.606443421815356	16.72863837856487
192	12.606443421815356	20.63644665115086
192	12.606443421815356	19.002118759215154
192	12.606443421815356	75.32844746087466
192	12.606443421815356	31.491084920446408
192	12.606443421815356	223.0591710478845
192	12.606443421815356	19.5528554487019
192	12.606443421815356	26.128071813750825
192	12.606443421815356	22.119419844254317
192	12.606443421815356	19.114008238937437
192	12.606443421815356	51.393943118654434
192	12.606443421815356	115.78354529915688
192	12.606443421815356	39.38885652120704
192	12.606443421815356	164.14661568425734
192	12.606443421815356	19.999119101943826
192	12.606443421815356	8.488286032789533
192	12.606443421815356	68.9378869993022
192	12.606443421815356	31.40424261589123
192	12.606443421815356	3.210776863281789
192	12.606443421815356	30.111159827374117
192	12.606443421815356	24.043443708664718
192	12.606443421815356	27.677708042529094
192	12.606443421815356	8.441490238100611
192	12.606443421815356	5.147972332406547
192	12.606443421815356	32.314306592791716
192	12.606443421815356	34.80802967147127
192	12.606443421815356	52.863318162273366
192	12.606443421815356	10.078438474353854
192	12.606443421815356	19.430463609581718
192	12.606443421815356	37.020816112547415
192	12.606443421815356	7.570637755117457
192	12.606443421815356	14.52759871533078
192	12.606443421815356	3.3152476348802384
192	12.606443421815356	20.094807681622193
192	12.606443421815356	10.292700658938685
192	12.606443421815356	50.31314423316001
192	12.606443421815356	64.41223073483268
192	12.606443421815356	21.56826508573774
192	12.606443421815356	7.917367087037105
192	12.606443421815356	29.449305709366648
192	12.606443421815356	14.380807729361702
192	12.606443421815356	12.31835394307451
192	12.606443421815356	13.023658651437279
192	12.606443421815356	7.365439761361379
192	12.606443421815356	19.613923664758726
192	12.606443421815356	2.231210085343375
192	12.606443421815356	77.72137407216185
192	12.606443421815356	17.42149950818783
192	12.606443421815356	42.54135993042456
192	12.606443421815356	51.62568613162054
192	12.606443421815356	54.26126568465788
192	12.606443421815356	9.77489576739542
192	12.606443421815356	168.73451823038354
192	12.606443421815356	11.384641677739307
192	12.606443421815356	41.573502367269626
192	12.606443421815356	7.954478996238201
192	12.606443421815356	48.7389201754258
192	12.606443421815356	59.48827079849956
192	12.606443421815356	12.098208658446557
192	12.606443421815356	8.236872124609437
192	12.606443421815356	18.60569038654471
192	12.606443421815356	31.72346492911332
192	12.606443421815356	27.438770215378803
192	12.606443421815356	6.23240014372583
192	12.606443421815356	52.87476590887565
192	12.606443421815356	29.97158177048538
192	12.606443421815356	58.211886908278636
192	12.606443421815356	43.01213591025038
192	12.606443421815356	9.81103458111768
192	12.606443421815356	80.80854407579578
192	12.606443421815356	27.19660276177064
192	12.606443421815356	18.74965881396147
192	12.606443421815356	79.71292633527759
192	12.606443421815356	60.47860171569821
192	12.606443421815356	58.397011553482635
192	12.606443421815356	114.00116694710123
192	12.606443421815356	34.805920389930655
192	12.606443421815356	22.14819509050495
192	12.606443421815356	7.477543220383921
192	12.606443421815356	14.84618468765105
192	12.606443421815356	21.843826986209027
192	12.606443421815356	13.95019337483888
192	12.606443421815356	47.40033512774037
192	12.606443421815356	12.738825941499732
192	12.606443421815356	100.4170531667933
192	12.606443421815356	102.03108223722428
192	12.606443421815356	36.655397000191165
192	12.606443421815356	57.47600179171813
192	12.606443421815356	517.3145126838681
192	12.606443421815356	92.21625407375622
192	12.606443421815356	13.088392145433415
192	12.606443421815356	78.8923956270251
192	12.606443421815356	76.05694171005807
192	12.606443421815356	41.88128661811175
192	12.606443421815356	11.444600042715125
192	12.606443421815356	71.23304003384962
192	12.606443421815356	75.45016142756315
192	12.606443421815356	22.110944551088192
192	12.606443421815356	33.20960199311363
192	12.606443421815356	259.43005015014194
192	12.606443421815356	33.41709958643711
192	12.606443421815356	87.64039827558098
192	12.606443421815356	30.21915888431922
192	12.606443421815356	119.15741791527084
192	12.606443421815356	11.073895814308203
192	12.606443421815356	70.82111571860081
192	12.606443421815356	12.227236394744233
192	12.606443421815356	246.57090592170246
192	12.606443421815356	11.459151701789771
192	12.606443421815356	35.906245822492664
192	12.606443421815356	12.07568982187292
192	12.606443421815356	97.07190324163382
192	12.606443421815356	7.784126105614314
192	12.606443421815356	20.399097424041017
192	12.606443421815356	25.948972351669745
192	12.606443421815356	52.959138137596995
192	12.606443421815356	27.59303874808563
192	12.606443421815356	64.00180241771064
192	12.606443421815356	7.624575350200989
192	12.606443421815356	25.27585013478798
192	12.606443421815356	25.645561867331384
192	12.606443421815356	172.93003466177507
192	12.606443421815356	61.93409986103561
192	12.606443421815356	72.0289446832027
192	12.606443421815356	35.13051632505811
192	12.606443421815356	28.73152821158415
192	12.606443421815356	3.249045485202493
192	12.606443421815356	197.5504366418268
192	12.606443421815356	42.06563231824695
192	12.606443421815356	200.63502267453902
192	12.606443421815356	20.313029837547138
192	12.606443421815356	14.695859297496545
192	12.606443421815356	50.80596918905845
192	12.606443421815356	27.809183196559886
