25	2.8592260910163834	10.963232757966765
25	2.8592260910163834	5.411837699016449
25	2.8592260910163834	16.289488243597233
25	2.8592260910163834	13.421291142566563
25	2.8592260910163834	25.531521248746955
25	2.8592260910163834	14.039001625677543
25	2.8592260910163834	8.51381334767996
25	2.8592260910163834	1.8149376148353917
25	2.8592260910163834	47.067899132371984
25	2.8592260910163834	3.716412653615419
25	2.8592260910163834	20.670115229396455
25	2.8592260910163834	8.735748642283994
25	2.8592260910163834	14.669684553533587
25	2.8592260910163834	46.80077497595257
25	2.8592260910163834	3.3885008451059515
25	2.8592260910163834	1.3097340114651959
25	2.8592260910163834	3.5019598515321513
25	2.8592260910163834	21.0962238534302
25	2.8592260910163834	1.0994947881535047
25	2.8592260910163834	7.776103348296158
25	2.8592260910163834	27.584658615956325
25	2.8592260910163834	2.075371242444088
25	2.8592260910163834	27.082812876524574
25	2.8592260910163834	10.580861465155108
25	2.8592260910163834	15.134099474557365
