122	4.99838640955133	37.32893407663648
122	4.99838640955133	28.201025844307143
122	4.99838640955133	30.161269845749302
122	4.99838640955133	9.300675068789038
122	4.99838640955133	55.29563799970961
122	4.99838640955133	10.21608744554914
122	4.99838640955133	2.296889034517923
122	4.99838640955133	14.186291355440789
122	4.99838640955133	6.0966735265519665
122	4.99838640955133	28.952630293422185
122	4.99838640955133	9.679896099613211
122	4.99838640955133	3.894591514005137
122	4.99838640955133	16.749672713177212
122	4.99838640955133	6.286846209787047
122	4.99838640955133	21.339054094051885
122	4.99838640955133	4.962265322242127
122	4.99838640955133	3.8096128349625196
122	4.99838640955133	3.161074142631455
122	4.99838640955133	13.479658319516025
122	4.99838640955133	13.64352203108383
122	4.99838640955133	22.6901119637703
122	4.99838640955133	20.91058695562216
122	4.99838640955133	13.158373038146761
122	4.99838640955133	31.547270063728284
122	4.99838640955133	17.015624101444562
122	4.99838640955133	13.353689913836705
122	4.99838640955133	39.372997125400104
122	4.99838640955133	23.98899176959965
122	4.99838640955133	4.061211965621298
122	4.99838640955133	22.285803908139435
122	4.99838640955133	6.314036901348334
122	4.99838640955133	10.88318770846339
122	4.99838640955133	17.141298971957603
122	4.99838640955133	6.665059943380933
122	4.99838640955133	35.46747244881686
122	4.99838640955133	36.19603942740847
122	4.99838640955133	12.550992683366351
122	4.99838640955133	162.01206040986733
122	4.99838640955133	31.968069017073603
122	4.99838640955133	8.779731238525752
122	4.99838640955133	1.0165911648190213
122	4.99838640955133	10.40177789353116
122	4.99838640955133	7.59258459915379
122	4.99838640955133	4.9855155459016425
122	4.99838640955133	7.378087764593591
122	4.99838640955133	5.398413184886278
122	4.99838640955133	27.916655829892612
122	4.99838640955133	28.265631233312988
122	4.99838640955133	0.9764631815508638
122	4.99838640955133	26.943639655459066
122	4.99838640955133	4.693023517006183
122	4.99838640955133	32.20930731394894
122	4.99838640955133	3.4403290929771937
122	4.99838640955133	16.3739840569428
122	4.99838640955133	12.970427254057451
122	4.99838640955133	2.296853698534946
122	4.99838640955133	12.40368276443096
122	4.99838640955133	6.04671614920148
122	4.99838640955133	1.5611576580562212
122	4.99838640955133	8.240732945321522
122	4.99838640955133	14.917090306933353
122	4.99838640955133	31.665670817356318
122	4.99838640955133	5.458156928420393
122	4.99838640955133	30.358428181631556
122	4.99838640955133	38.68265665594618
122	4.99838640955133	3.725743372519673
122	4.99838640955133	27.00011276213975
122	4.99838640955133	9.992967501795679
122	4.99838640955133	29.94149436759204
122	4.99838640955133	38.12076210768649
122	4.99838640955133	5.832850690632947
122	4.99838640955133	10.144619427438256
122	4.99838640955133	22.697859467982656
122	4.99838640955133	42.71460825245099
122	4.99838640955133	16.535269362701317
122	4.99838640955133	6.205972166617419
122	4.99838640955133	24.0397870833466
122	4.99838640955133	2.280891861889982
122	4.99838640955133	27.63829608671709
122	4.99838640955133	12.386718127729134
122	4.99838640955133	52.441296486034446
122	4.99838640955133	26.950640125576335
122	4.99838640955133	9.196843498237342
122	4.99838640955133	6.218457839608254
122	4.99838640955133	16.489095241730315
122	4.99838640955133	5.182434193008297
122	4.99838640955133	7.024372311562449
122	4.99838640955133	93.82788122061918
122	4.99838640955133	18.794784450392317
122	4.99838640955133	8.584627112426658
122	4.99838640955133	18.48651128134261
122	4.99838640955133	4.810066586170878
122	4.99838640955133	50.211650834246235
122	4.99838640955133	26.23694768720847
122	4.99838640955133	30.932742890716362
122	4.99838640955133	13.076984941883898
122	4.99838640955133	18.272943186632013
122	4.99838640955133	10.02574769385945
122	4.99838640955133	8.908687383651488
122	4.99838640955133	11.955206983353591
122	4.99838640955133	84.85510160451929
122	4.99838640955133	2.667506217420109
122	4.99838640955133	67.00309969112604
122	4.99838640955133	16.575652254122787
122	4.99838640955133	17.83705294068945
122	4.99838640955133	6.734254451875429
122	4.99838640955133	6.996871884127685
122	4.99838640955133	12.362231501824335
122	4.99838640955133	24.05428269060117
122	4.99838640955133	4.150412492472531
122	4.99838640955133	3.0450577729471098
122	4.99838640955133	8.077379288801616
122	4.99838640955133	11.67591105322355
122	4.99838640955133	6.584839931026199
122	4.99838640955133	21.812426188168615
122	4.99838640955133	30.878372765440194
122	4.99838640955133	5.966576822737531
122	4.99838640955133	9.865851293178533
122	4.99838640955133	7.5088834696236395
122	4.99838640955133	3.6437278563215365
122	4.99838640955133	11.310215669240034
122	4.99838640955133	9.126040116809946
