46	4.286523388179516	8.92722615871564
46	4.286523388179516	6.998687221427617
46	4.286523388179516	21.810820836820128
46	4.286523388179516	19.87629722825242
46	4.286523388179516	5.709203034613499
46	4.286523388179516	9.225707594285762
46	4.286523388179516	4.770526884299633
46	4.286523388179516	0.9539776156479283
46	4.286523388179516	2.859263632658092
46	4.286523388179516	13.36772797292125
46	4.286523388179516	11.497582639540807
46	4.286523388179516	8.10592111070528
46	4.286523388179516	8.660446023173131
46	4.286523388179516	58.8080352166189
46	4.286523388179516	9.687880937877647
46	4.286523388179516	2.4872738244215653
46	4.286523388179516	1.5873768197538758
46	4.286523388179516	45.23474328057473
46	4.286523388179516	8.361294705856041
46	4.286523388179516	11.505600531008353
46	4.286523388179516	7.187200938375076
46	4.286523388179516	4.623542403985197
46	4.286523388179516	25.910055169305792
46	4.286523388179516	3.741914205055865
46	4.286523388179516	23.894977385879603
46	4.286523388179516	2.062901284501793
46	4.286523388179516	4.306229600230361
46	4.286523388179516	53.71948155533824
46	4.286523388179516	16.197415996171195
46	4.286523388179516	4.3570278627959285
46	4.286523388179516	152.94505202137685
46	4.286523388179516	23.945389171705518
46	4.286523388179516	16.46717504344659
46	4.286523388179516	4.410742519519148
46	4.286523388179516	25.573669992751945
46	4.286523388179516	1.8183237875912144
46	4.286523388179516	15.57173454787954
46	4.286523388179516	48.3214254797374
46	4.286523388179516	13.585395811512214
46	4.286523388179516	21.693711984253117
46	4.286523388179516	3.5719154274491816
46	4.286523388179516	58.5842673133925
46	4.286523388179516	108.44553442350949
46	4.286523388179516	7.388770121012511
46	4.286523388179516	7.620181050107732
46	4.286523388179516	26.954982995287278
