90	2.4196914675264485	10.342745232552428
90	2.4196914675264485	16.93724863680714
90	2.4196914675264485	21.809721965400474
90	2.4196914675264485	46.4915778409562
90	2.4196914675264485	5.7642602687919196
90	2.4196914675264485	9.561325998517413
90	2.4196914675264485	5.106334945690177
90	2.4196914675264485	2.926065804028378
90	2.4196914675264485	108.78687396449467
90	2.4196914675264485	3.2071677240087717
90	2.4196914675264485	7.012909863219182
90	2.4196914675264485	9.902825782356372
90	2.4196914675264485	7.9947368266314225
90	2.4196914675264485	4.175652105590865
90	2.4196914675264485	8.637283389012149
90	2.4196914675264485	0.8774267422328044
90	2.4196914675264485	4.082083816828586
90	2.4196914675264485	6.445145110171283
90	2.4196914675264485	32.37877547310846
90	2.4196914675264485	14.201627489741558
90	2.4196914675264485	5.305239984231157
90	2.4196914675264485	24.256092995579166
90	2.4196914675264485	1.1448207901814627
90	2.4196914675264485	16.05721895511963
90	2.4196914675264485	11.352886392820942
90	2.4196914675264485	18.595804735779264
90	2.4196914675264485	4.296653680662147
90	2.4196914675264485	7.879132374671699
90	2.4196914675264485	42.227334435143376
90	2.4196914675264485	17.600171291935645
90	2.4196914675264485	7.5410099098948224
90	2.4196914675264485	16.871593271373445
90	2.4196914675264485	3.305956141652352
90	2.4196914675264485	15.178218283388915
90	2.4196914675264485	1.176878133539856
90	2.4196914675264485	7.977499283857105
90	2.4196914675264485	16.260550305667657
90	2.4196914675264485	2.3088311412951503
90	2.4196914675264485	8.898182944395094
90	2.4196914675264485	15.871116729224662
90	2.4196914675264485	11.923991400594577
90	2.4196914675264485	53.09756693830516
90	2.4196914675264485	7.703254718470761
90	2.4196914675264485	6.664403324984812
90	2.4196914675264485	3.6738905918136857
90	2.4196914675264485	11.158856514937503
90	2.4196914675264485	4.116167663175868
90	2.4196914675264485	26.931088608097863
90	2.4196914675264485	6.980243945232791
90	2.4196914675264485	11.354503468193592
90	2.4196914675264485	11.021183103832547
90	2.4196914675264485	97.73305706940667
90	2.4196914675264485	14.07615433166666
90	2.4196914675264485	1.5349149585269148
90	2.4196914675264485	7.481455168308726
90	2.4196914675264485	5.097000694186838
90	2.4196914675264485	21.91139664043051
90	2.4196914675264485	1.7589064221319939
90	2.4196914675264485	3.994274259095867
90	2.4196914675264485	3.0096621192404256
90	2.4196914675264485	14.377793434870565
90	2.4196914675264485	5.888250951826583
90	2.4196914675264485	16.20687320876802
90	2.4196914675264485	26.724041391725592
90	2.4196914675264485	7.875848200268274
90	2.4196914675264485	38.444213714180535
90	2.4196914675264485	3.7459887121641477
90	2.4196914675264485	25.099810678288517
90	2.4196914675264485	10.185394458020454
90	2.4196914675264485	6.087218890374176
90	2.4196914675264485	13.851436010995629
90	2.4196914675264485	22.228936339722125
90	2.4196914675264485	5.776255610890266
90	2.4196914675264485	7.851128864477292
90	2.4196914675264485	3.005377048318593
90	2.4196914675264485	32.87970282066991
90	2.4196914675264485	6.8599469284823105
90	2.4196914675264485	3.510051290713418
90	2.4196914675264485	1.0753746065788727
90	2.4196914675264485	13.60338529120291
90	2.4196914675264485	12.156169069899413
90	2.4196914675264485	16.267621762795752
90	2.4196914675264485	3.0177407801466107
90	2.4196914675264485	1.1746016147959832
90	2.4196914675264485	1.6848359824838302
90	2.4196914675264485	2.914466179086453
90	2.4196914675264485	8.213067829248754
90	2.4196914675264485	3.4872740732852394
90	2.4196914675264485	16.345707306156587
90	2.4196914675264485	46.08816056721818
