51	26.564018921252366	139.4875948920273
51	26.564018921252366	220.92490507335694
51	26.564018921252366	185.05090281736364
51	26.564018921252366	13.292969038209199
51	26.564018921252366	35.08590558238936
51	26.564018921252366	9.914046996385844
51	26.564018921252366	184.08773769799203
51	26.564018921252366	129.0014620080563
51	26.564018921252366	29.71306074979339
51	26.564018921252366	109.08467756091714
51	26.564018921252366	60.27123270877047
51	26.564018921252366	254.10050241174724
51	26.564018921252366	29.66862118399066
51	26.564018921252366	178.49647312717738
51	26.564018921252366	164.47747189101565
51	26.564018921252366	304.91274236384976
51	26.564018921252366	218.10872550257247
51	26.564018921252366	58.941869056427514
51	26.564018921252366	13.391169729849471
51	26.564018921252366	6.881051624351063
51	26.564018921252366	239.96698366688204
51	26.564018921252366	20.450281675428457
51	26.564018921252366	89.60901202084852
51	26.564018921252366	58.87224166420941
51	26.564018921252366	59.76412577954637
51	26.564018921252366	140.20740684765994
51	26.564018921252366	112.92097225759984
51	26.564018921252366	293.11522562803134
51	26.564018921252366	350.80119413218614
51	26.564018921252366	49.81316293231086
51	26.564018921252366	18.448773609289475
51	26.564018921252366	81.21218990108076
51	26.564018921252366	640.2871749013979
51	26.564018921252366	140.56430905694185
51	26.564018921252366	50.16348430963063
51	26.564018921252366	276.0714559884462
51	26.564018921252366	33.6989182190536
51	26.564018921252366	47.7514587173766
51	26.564018921252366	43.96126144467088
51	26.564018921252366	59.894217009943915
51	26.564018921252366	96.44544611402415
51	26.564018921252366	51.951655905366735
51	26.564018921252366	44.94849832496437
51	26.564018921252366	11.485779076793845
51	26.564018921252366	105.72704062539516
51	26.564018921252366	58.15685399298804
51	26.564018921252366	32.52748599977324
51	26.564018921252366	14.974895979502444
51	26.564018921252366	45.80499575726946
51	26.564018921252366	54.50834291003613
51	26.564018921252366	13.753993547850206
