18	1811331925.2	3.82181422712e+12
18	1811331925.2	825820090382.0
18	1811331925.2	349118493202.0
18	1811331925.2	332762749017.0
18	1811331925.2	3.31776451335e+12
18	1811331925.2	108712053978.0
18	1811331925.2	46915449119.0
18	1811331925.2	3.67278051382e+12
18	1811331925.2	7.1358888369e+12
18	1811331925.2	7.24023416621e+12
18	1811331925.2	2.01864220805e+12
18	1811331925.2	224240264482.0
18	1811331925.2	2.77965964929e+12
18	1811331925.2	1.55419174742e+12
18	1811331925.2	66920130637.7
18	1811331925.2	1.43464474456e+13
18	1811331925.2	2.54285653951e+13
18	1811331925.2	2.24048243485e+12
