19	6.82771286730283	6.9052093434028095
19	6.82771286730283	30.040233851700393
19	6.82771286730283	30.934405442811848
19	6.82771286730283	48.71387811434699
19	6.82771286730283	98.86013384840943
19	6.82771286730283	5.105453711508235
19	6.82771286730283	20.04882106603317
19	6.82771286730283	40.81540447220516
19	6.82771286730283	90.71406305111192
19	6.82771286730283	7.8152245773259486
19	6.82771286730283	43.0691910748332
19	6.82771286730283	1.6553819464435162
19	6.82771286730283	72.5297307447356
19	6.82771286730283	6.586473671712952
19	6.82771286730283	12.918184451776234
19	6.82771286730283	6.963413188152651
19	6.82771286730283	23.300577511293547
19	6.82771286730283	42.03244945905114
19	6.82771286730283	17.695524212419684
