108	894108573.0535964	951291286291.9446
108	894108573.0535964	759645250833.2372
108	894108573.0535964	8237914864951.345
108	894108573.0535964	7690102575644.427
108	894108573.0535964	1193838151250.55
108	894108573.0535964	1827983514592.4749
108	894108573.0535964	1165546571491.8303
108	894108573.0535964	1950605666691.0
108	894108573.0535964	1253013993592.3347
108	894108573.0535964	756171340135.8048
108	894108573.0535964	4066825346651.6357
108	894108573.0535964	336128460074.8842
108	894108573.0535964	108037103432.14757
108	894108573.0535964	188780116362.59436
108	894108573.0535964	896531297052.985
108	894108573.0535964	431564382060.53467
108	894108573.0535964	530590765418.77026
108	894108573.0535964	3322169405419.0845
108	894108573.0535964	809731516977.6823
108	894108573.0535964	118706636921.2877
108	894108573.0535964	247345971383.045
108	894108573.0535964	3751220733714.1245
108	894108573.0535964	1090509486855.8906
108	894108573.0535964	454522182958.6217
108	894108573.0535964	1551480023027.8804
108	894108573.0535964	183165422976.20715
108	894108573.0535964	1328331646210.1458
108	894108573.0535964	1316610895305.705
108	894108573.0535964	296339277787.1177
108	894108573.0535964	1236210730922.4421
108	894108573.0535964	637379937158.494
108	894108573.0535964	237811568853.74063
108	894108573.0535964	913555218235.904
108	894108573.0535964	4567836327519.257
108	894108573.0535964	565272395282.7374
108	894108573.0535964	335667997662.4293
108	894108573.0535964	343536327157.78015
108	894108573.0535964	509255967401.53674
108	894108573.0535964	188068095828.89056
108	894108573.0535964	1340381181864.9438
108	894108573.0535964	320864539286.5741
108	894108573.0535964	4857094741945.632
108	894108573.0535964	6297143158.549422
108	894108573.0535964	495229929559.22675
108	894108573.0535964	409228574118.03375
108	894108573.0535964	1461449859883.1523
108	894108573.0535964	1160301351114.5266
108	894108573.0535964	3492136296802.846
108	894108573.0535964	136665847487.96931
108	894108573.0535964	63849747512.48134
108	894108573.0535964	439879537129.08374
108	894108573.0535964	2061819113014.392
108	894108573.0535964	146808885211.82993
108	894108573.0535964	2296892975431.226
108	894108573.0535964	1451153846162.3933
108	894108573.0535964	298394575056.219
108	894108573.0535964	594202222781.6295
108	894108573.0535964	1246138731885.6824
108	894108573.0535964	1534677503853.921
108	894108573.0535964	561207756276.7013
108	894108573.0535964	464646107717.6589
108	894108573.0535964	1204023469819.233
108	894108573.0535964	110250060016.71
108	894108573.0535964	1422562234244.9602
108	894108573.0535964	633012352068.3286
108	894108573.0535964	178240059002.45078
108	894108573.0535964	322423929610.8228
108	894108573.0535964	174736623738.90228
108	894108573.0535964	78127931783.97374
108	894108573.0535964	5836072998351.978
108	894108573.0535964	249387783444.79868
108	894108573.0535964	609604366519.0463
108	894108573.0535964	1756969414459.7546
108	894108573.0535964	922463999764.3491
108	894108573.0535964	287359749260.0111
108	894108573.0535964	2017596518180.478
108	894108573.0535964	158966603917.90906
108	894108573.0535964	99723999837.47578
108	894108573.0535964	371076130579.759
108	894108573.0535964	923601172968.4856
108	894108573.0535964	240482161532.82074
108	894108573.0535964	75894904754.9923
108	894108573.0535964	44614523962.883125
108	894108573.0535964	1241476626561.1309
108	894108573.0535964	21544749854.825157
108	894108573.0535964	39741441645.02438
108	894108573.0535964	513995472084.26666
108	894108573.0535964	6029701049617.41
108	894108573.0535964	87624747068.22664
108	894108573.0535964	974542482237.1055
108	894108573.0535964	183279975555.32736
108	894108573.0535964	547524908693.30396
108	894108573.0535964	160668095576.513
108	894108573.0535964	139659975592.66852
108	894108573.0535964	895015676026.4169
108	894108573.0535964	454081857818.0504
108	894108573.0535964	3407488917767.8765
108	894108573.0535964	18740985637783.32
108	894108573.0535964	120672970891.39702
108	894108573.0535964	393481322774.79254
108	894108573.0535964	1100107490950.5613
108	894108573.0535964	167484074857.18127
108	894108573.0535964	581038122382.7184
108	894108573.0535964	591866777071.5369
108	894108573.0535964	177864880609.2462
108	894108573.0535964	97526905561.26544
108	894108573.0535964	3512727250017.076
108	894108573.0535964	254416493110.01752
