34	3.600115056465491	5.111082403736585
34	3.600115056465491	4.778421890790053
34	3.600115056465491	13.178607555963838
34	3.600115056465491	8.12455327841812
34	3.600115056465491	1.7304332317807085
34	3.600115056465491	12.485691769652249
34	3.600115056465491	19.117803180988865
34	3.600115056465491	13.551347511120667
34	3.600115056465491	12.562620720409555
34	3.600115056465491	27.18096393301349
34	3.600115056465491	1.0647007903001733
34	3.600115056465491	21.815777199330633
34	3.600115056465491	42.257856894557456
34	3.600115056465491	2.966311893380594
34	3.600115056465491	0.715515908131631
34	3.600115056465491	17.195050677025364
34	3.600115056465491	4.313898075048894
34	3.600115056465491	13.319321926325372
34	3.600115056465491	7.97577479315099
34	3.600115056465491	2.130645206212625
34	3.600115056465491	17.6280512375597
34	3.600115056465491	6.533544387215093
34	3.600115056465491	9.636035475751777
34	3.600115056465491	28.61201642920305
34	3.600115056465491	32.677656294140206
34	3.600115056465491	27.84835776681304
34	3.600115056465491	3.51760523381366
34	3.600115056465491	2.1574522253246933
34	3.600115056465491	13.226970400782974
34	3.600115056465491	4.1331296227884256
34	3.600115056465491	10.964347382088043
34	3.600115056465491	5.900711908298756
34	3.600115056465491	96.63639385668505
34	3.600115056465491	24.577430127531414
