19	1.777731920572141	13.805296480299008
19	1.777731920572141	6.9704262349305255
19	1.777731920572141	3.5137067408595333
19	1.777731920572141	23.85679552290263
19	1.777731920572141	3.51833266924365
19	1.777731920572141	9.957190907759982
19	1.777731920572141	4.369006885940261
19	1.777731920572141	2.1795546188452017
19	1.777731920572141	4.312635527002483
19	1.777731920572141	11.10092856247932
19	1.777731920572141	5.873480552963632
19	1.777731920572141	8.478916048507953
19	1.777731920572141	7.941254669917464
19	1.777731920572141	4.01154896039819
19	1.777731920572141	3.2252017558357586
19	1.777731920572141	1.996402939246559
19	1.777731920572141	53.22363390110775
19	1.777731920572141	5.97933140940866
19	1.777731920572141	47.128920078667306
