658	10.879134096010354	155.6498219655492
658	10.879134096010354	11.533156358745845
658	10.879134096010354	46.33086422928153
658	10.879134096010354	33.303034109471305
658	10.879134096010354	248.57942274742663
658	10.879134096010354	34.85057567579315
658	10.879134096010354	103.9414666495457
658	10.879134096010354	47.12536973465496
658	10.879134096010354	18.99807737158232
658	10.879134096010354	11.492600577603923
658	10.879134096010354	43.42625836662465
658	10.879134096010354	31.722524896035615
658	10.879134096010354	14.995676905071207
658	10.879134096010354	34.4057684809119
658	10.879134096010354	12.58673254805549
658	10.879134096010354	13.921384073086651
658	10.879134096010354	15.437882593594473
658	10.879134096010354	27.143753793630246
658	10.879134096010354	18.632530120604194
658	10.879134096010354	11.100922029226417
658	10.879134096010354	14.786984707705596
658	10.879134096010354	106.93559925859749
658	10.879134096010354	43.182258899922005
658	10.879134096010354	180.57365604037227
658	10.879134096010354	27.625986555874142
658	10.879134096010354	44.27505173502744
658	10.879134096010354	37.612782275310515
658	10.879134096010354	30.12640201045975
658	10.879134096010354	78.40143467544657
658	10.879134096010354	10.398186420682608
658	10.879134096010354	62.15181163507552
658	10.879134096010354	31.709409704556037
658	10.879134096010354	55.76809630244535
658	10.879134096010354	60.86431124904668
658	10.879134096010354	3.768269388311272
658	10.879134096010354	21.087917882015525
658	10.879134096010354	117.96968002319547
658	10.879134096010354	32.88714132034585
658	10.879134096010354	117.9246857142599
658	10.879134096010354	38.48227047004291
658	10.879134096010354	19.776477965559174
658	10.879134096010354	52.57105237512412
658	10.879134096010354	100.09776952534003
658	10.879134096010354	85.68351211684212
658	10.879134096010354	15.790664776817419
658	10.879134096010354	9.236115041154923
658	10.879134096010354	14.427296266707819
658	10.879134096010354	28.50092256399664
658	10.879134096010354	8.561563078573466
658	10.879134096010354	35.79497773588731
658	10.879134096010354	47.6925551828385
658	10.879134096010354	30.772731472999475
658	10.879134096010354	10.498074471055915
658	10.879134096010354	104.4568539389975
658	10.879134096010354	23.506068071634648
658	10.879134096010354	6.848492795367333
658	10.879134096010354	16.500565001588637
658	10.879134096010354	80.54351467652928
658	10.879134096010354	25.427448451671335
658	10.879134096010354	4.36842812617569
658	10.879134096010354	35.87664614580924
658	10.879134096010354	271.6595151747724
658	10.879134096010354	139.85361423124388
658	10.879134096010354	24.958581858898093
658	10.879134096010354	5.869085451652202
658	10.879134096010354	102.62011015165004
658	10.879134096010354	42.96184849482549
658	10.879134096010354	6.570022482400822
658	10.879134096010354	39.98604170680103
658	10.879134096010354	29.408080487892356
658	10.879134096010354	74.86236165604814
658	10.879134096010354	50.19398076832649
658	10.879134096010354	30.593124462151735
658	10.879134096010354	4.909583704768444
658	10.879134096010354	13.203744148535629
658	10.879134096010354	108.30882893624144
658	10.879134096010354	15.037232716981089
658	10.879134096010354	46.09088211794493
658	10.879134096010354	65.26280149652825
658	10.879134096010354	17.088153898436865
658	10.879134096010354	56.947304440785835
658	10.879134096010354	31.51930913924791
658	10.879134096010354	55.05114293502149
658	10.879134096010354	8.936160982728723
658	10.879134096010354	90.05027986623686
658	10.879134096010354	2.5746017309601825
658	10.879134096010354	133.55128006820428
658	10.879134096010354	27.521831931654592
658	10.879134096010354	16.865811620194652
658	10.879134096010354	14.686479016895131
658	10.879134096010354	6.171395336694047
658	10.879134096010354	247.60067585788016
658	10.879134096010354	16.97869425539123
658	10.879134096010354	32.99165871975259
658	10.879134096010354	21.888298482095863
658	10.879134096010354	11.959012763627863
658	10.879134096010354	56.357538324506606
658	10.879134096010354	28.802192928670873
658	10.879134096010354	48.19662854079463
658	10.879134096010354	63.18651903463857
658	10.879134096010354	74.8737529094068
658	10.879134096010354	16.179679423266933
658	10.879134096010354	7.190037292476848
658	10.879134096010354	18.058736414437412
658	10.879134096010354	5.78832133443928
658	10.879134096010354	7.90889449931146
658	10.879134096010354	14.38656148612223
658	10.879134096010354	9.727565261739215
658	10.879134096010354	10.102311948503106
658	10.879134096010354	12.376381629759006
658	10.879134096010354	6.9980949027471056
658	10.879134096010354	14.420007035737052
658	10.879134096010354	50.30902690282161
658	10.879134096010354	7.0864599895339255
658	10.879134096010354	10.054282747122208
658	10.879134096010354	11.03173993651309
658	10.879134096010354	25.479534357135208
658	10.879134096010354	56.188904743793906
658	10.879134096010354	22.573795802243012
658	10.879134096010354	8.12452823142714
658	10.879134096010354	99.58417224328957
658	10.879134096010354	26.22637535448253
658	10.879134096010354	14.072407114569673
658	10.879134096010354	10.127159591334046
658	10.879134096010354	62.760973578378675
658	10.879134096010354	6.6500944108559175
658	10.879134096010354	5.800168788690002
658	10.879134096010354	8.486132952540382
658	10.879134096010354	9.974869859747452
658	10.879134096010354	75.72502251914761
658	10.879134096010354	91.1730133847772
658	10.879134096010354	29.919737935785953
658	10.879134096010354	26.960584312820814
658	10.879134096010354	31.964993540292514
658	10.879134096010354	14.703013310217132
658	10.879134096010354	5.86661547315536
658	10.879134096010354	25.68675184297113
658	10.879134096010354	30.07951475913453
658	10.879134096010354	24.078132910794615
658	10.879134096010354	24.787937926710995
658	10.879134096010354	23.530275418968305
658	10.879134096010354	6.046245341513588
658	10.879134096010354	127.11967826832901
658	10.879134096010354	24.772747889775687
658	10.879134096010354	23.709801192550056
658	10.879134096010354	254.89524752742508
658	10.879134096010354	29.427326838640855
658	10.879134096010354	5.695500498205311
658	10.879134096010354	24.04882361589391
658	10.879134096010354	49.165532714006495
658	10.879134096010354	3.358179905885317
658	10.879134096010354	121.39573616084516
658	10.879134096010354	8.906553432599638
658	10.879134096010354	8.23145370282117
658	10.879134096010354	35.49152926596351
658	10.879134096010354	14.170563577954836
658	10.879134096010354	9.941530961296666
658	10.879134096010354	33.63501657510049
658	10.879134096010354	26.63317563657856
658	10.879134096010354	72.02626956245885
658	10.879134096010354	93.2918550518361
658	10.879134096010354	21.260414440608802
658	10.879134096010354	19.79927937641294
658	10.879134096010354	18.16466312613686
658	10.879134096010354	48.994381480782714
658	10.879134096010354	6.631933818625294
658	10.879134096010354	44.336205548703745
658	10.879134096010354	11.88000174145374
658	10.879134096010354	62.25043515821013
658	10.879134096010354	9.996966682956012
658	10.879134096010354	81.29630725358543
658	10.879134096010354	37.74518858317251
658	10.879134096010354	89.26855774635378
658	10.879134096010354	20.710216884687586
658	10.879134096010354	47.93007647507321
658	10.879134096010354	73.29326890882541
658	10.879134096010354	31.293726599115498
658	10.879134096010354	4.33640739402539
658	10.879134096010354	15.302495400735154
658	10.879134096010354	8.428845822516816
658	10.879134096010354	30.74877977262843
658	10.879134096010354	29.59633518688958
658	10.879134096010354	163.72152475606424
658	10.879134096010354	55.43130603642696
658	10.879134096010354	22.695116511066043
658	10.879134096010354	42.60272902543829
658	10.879134096010354	61.37576935941135
658	10.879134096010354	84.78974846859276
658	10.879134096010354	26.645090713822416
658	10.879134096010354	24.5151763989687
658	10.879134096010354	29.958660410158487
658	10.879134096010354	14.010961974686698
658	10.879134096010354	9.193019004016323
658	10.879134096010354	13.273384162761522
658	10.879134096010354	21.813244895858535
658	10.879134096010354	45.925304612328716
658	10.879134096010354	57.62505917618552
658	10.879134096010354	42.87719415705891
658	10.879134096010354	97.35901725084827
658	10.879134096010354	234.8656307112027
658	10.879134096010354	9.556793783746855
658	10.879134096010354	41.958151327571706
658	10.879134096010354	52.153338071344
658	10.879134096010354	44.43647100594141
658	10.879134096010354	16.07757820189999
658	10.879134096010354	90.48255764496625
658	10.879134096010354	11.388393122686598
658	10.879134096010354	188.68025412826154
658	10.879134096010354	49.23105263204072
658	10.879134096010354	37.45490180255059
658	10.879134096010354	10.915251186361004
658	10.879134096010354	53.541343069140815
658	10.879134096010354	68.41680968266435
658	10.879134096010354	184.1035945048311
658	10.879134096010354	35.61818179696059
658	10.879134096010354	20.827313555077776
658	10.879134096010354	64.09238842574051
658	10.879134096010354	38.03472546471975
658	10.879134096010354	6.257818360405052
658	10.879134096010354	18.300981515990024
658	10.879134096010354	43.54289291195772
658	10.879134096010354	148.32879366860112
658	10.879134096010354	92.29601061150572
658	10.879134096010354	21.18942168249452
658	10.879134096010354	30.524392096219614
658	10.879134096010354	28.556299140905974
658	10.879134096010354	56.69993834219629
658	10.879134096010354	11.33999452496473
658	10.879134096010354	41.23378147354148
658	10.879134096010354	14.934611257974339
658	10.879134096010354	35.68946680735479
658	10.879134096010354	41.87634454920789
658	10.879134096010354	147.70536493927372
658	10.879134096010354	34.064050578443535
658	10.879134096010354	24.159463614102716
658	10.879134096010354	235.05167826967752
658	10.879134096010354	98.57142732242048
658	10.879134096010354	7.928446946131219
658	10.879134096010354	109.60241577368869
658	10.879134096010354	8.098405156836474
658	10.879134096010354	50.643854363420324
658	10.879134096010354	23.783817920276782
658	10.879134096010354	23.410982449709177
658	10.879134096010354	12.53009578482603
658	10.879134096010354	220.86424942607263
658	10.879134096010354	106.11685512417688
658	10.879134096010354	26.891078992765742
658	10.879134096010354	172.05576755472467
658	10.879134096010354	37.92669527657719
658	10.879134096010354	22.323601285439008
658	10.879134096010354	13.515555789501004
658	10.879134096010354	46.28516223469936
658	10.879134096010354	91.33218059223033
658	10.879134096010354	11.536515471925945
658	10.879134096010354	11.370154622365972
658	10.879134096010354	7.6187075593098506
658	10.879134096010354	29.2843914088135
658	10.879134096010354	27.97108271335325
658	10.879134096010354	11.656388660803916
658	10.879134096010354	31.571534565760054
658	10.879134096010354	3.1107575614118828
658	10.879134096010354	73.55578701349367
658	10.879134096010354	31.806332201125485
658	10.879134096010354	43.33900441136981
658	10.879134096010354	53.163848456235826
658	10.879134096010354	38.33669558597445
658	10.879134096010354	76.76882323886574
658	10.879134096010354	4.768030028174005
658	10.879134096010354	149.27146776080718
658	10.879134096010354	39.153895939505745
658	10.879134096010354	173.06877945139993
658	10.879134096010354	86.99646373101339
658	10.879134096010354	77.17308958894148
658	10.879134096010354	159.63633421513626
658	10.879134096010354	24.1664509245993
658	10.879134096010354	21.00009875735638
658	10.879134096010354	6.197717961660122
658	10.879134096010354	16.979459604709938
658	10.879134096010354	58.2108283025616
658	10.879134096010354	16.164856019939283
658	10.879134096010354	18.189026927983118
658	10.879134096010354	17.157729956491373
658	10.879134096010354	55.86191943173578
658	10.879134096010354	14.867538293743038
658	10.879134096010354	34.131884595681726
658	10.879134096010354	33.35688502943367
658	10.879134096010354	25.77577586348529
658	10.879134096010354	14.639189455026473
658	10.879134096010354	206.23985444354668
658	10.879134096010354	30.63562772254482
658	10.879134096010354	35.833938908008015
658	10.879134096010354	84.30410843571336
658	10.879134096010354	62.18212642380251
658	10.879134096010354	56.72446234273763
658	10.879134096010354	10.743661035373878
658	10.879134096010354	34.37160418851912
658	10.879134096010354	7.791501410177542
658	10.879134096010354	13.95843560767721
658	10.879134096010354	67.69201862614337
658	10.879134096010354	33.07171763385252
658	10.879134096010354	8.354442592610049
658	10.879134096010354	85.94080291841584
658	10.879134096010354	42.949785200665495
658	10.879134096010354	71.91775796071296
658	10.879134096010354	35.28396274963556
658	10.879134096010354	50.549476671869144
658	10.879134096010354	66.7802591536349
658	10.879134096010354	95.41799798987442
658	10.879134096010354	48.847056228163616
658	10.879134096010354	118.56988572443501
658	10.879134096010354	59.897677862018824
658	10.879134096010354	23.075752018951125
658	10.879134096010354	10.01448287484363
658	10.879134096010354	7.946222841670522
658	10.879134096010354	20.260840963556802
658	10.879134096010354	4.581801681586524
658	10.879134096010354	75.53023851093118
658	10.879134096010354	186.34097957503985
658	10.879134096010354	237.954318676686
658	10.879134096010354	24.654078456007685
658	10.879134096010354	33.00442738992431
658	10.879134096010354	4.887872602322995
658	10.879134096010354	88.06447754926019
658	10.879134096010354	13.153864878106793
658	10.879134096010354	17.885420940873257
658	10.879134096010354	33.495924192817625
658	10.879134096010354	227.43083002811068
658	10.879134096010354	24.73464745875735
658	10.879134096010354	49.75699410705024
658	10.879134096010354	301.66955481455386
658	10.879134096010354	16.290070725612306
658	10.879134096010354	12.301866967081617
658	10.879134096010354	45.38799581110329
658	10.879134096010354	65.06927650585186
658	10.879134096010354	72.307008157121
658	10.879134096010354	139.11765916707455
658	10.879134096010354	21.349281833455418
658	10.879134096010354	38.22223320367416
658	10.879134096010354	71.31444053852226
658	10.879134096010354	84.72121628572965
658	10.879134096010354	18.260603366023638
658	10.879134096010354	16.66329936567294
658	10.879134096010354	13.380065588107836
658	10.879134096010354	83.47906703046723
658	10.879134096010354	96.29256144154148
658	10.879134096010354	17.967808857382895
658	10.879134096010354	10.118253744822447
658	10.879134096010354	21.540642705973767
658	10.879134096010354	9.445429619219766
658	10.879134096010354	73.19562529008938
658	10.879134096010354	25.642352350474855
658	10.879134096010354	13.878370311465503
658	10.879134096010354	27.68790791019443
658	10.879134096010354	34.56464775220582
658	10.879134096010354	25.7783915827925
658	10.879134096010354	15.182302271282904
658	10.879134096010354	68.01640984671329
658	10.879134096010354	77.59515249330188
658	10.879134096010354	43.822943267414246
658	10.879134096010354	63.953730908280704
658	10.879134096010354	17.837636999554007
658	10.879134096010354	85.69995259244726
658	10.879134096010354	42.66792190466087
658	10.879134096010354	40.34780167107843
658	10.879134096010354	87.97779749652624
658	10.879134096010354	213.46083754092322
658	10.879134096010354	16.975435782392335
658	10.879134096010354	9.357374569746055
658	10.879134096010354	77.32082160634116
658	10.879134096010354	18.496318883112725
658	10.879134096010354	98.52225993171032
658	10.879134096010354	4.415411465562242
658	10.879134096010354	26.839703831865783
658	10.879134096010354	53.45421227261918
658	10.879134096010354	20.01136022994513
658	10.879134096010354	186.7570407131724
658	10.879134096010354	140.9699512244335
658	10.879134096010354	30.791552517277072
658	10.879134096010354	10.055612883412183
658	10.879134096010354	14.08177492049352
658	10.879134096010354	62.12928206072073
658	10.879134096010354	37.82152018809835
658	10.879134096010354	15.381529729684228
658	10.879134096010354	21.034724107228666
658	10.879134096010354	49.29699929855379
658	10.879134096010354	65.6217458259211
658	10.879134096010354	184.54755748297043
658	10.879134096010354	17.27210266166216
658	10.879134096010354	8.141950507515709
658	10.879134096010354	14.069762808958803
658	10.879134096010354	165.9034668739542
658	10.879134096010354	20.747843356890783
658	10.879134096010354	19.77102819244296
658	10.879134096010354	237.96766264437812
658	10.879134096010354	20.903544114569723
658	10.879134096010354	11.662912538538322
658	10.879134096010354	19.76364676505359
658	10.879134096010354	53.18933836351042
658	10.879134096010354	49.941932643740486
658	10.879134096010354	32.065838427582136
658	10.879134096010354	46.257682140041844
658	10.879134096010354	112.30855322120938
658	10.879134096010354	36.76632558093068
658	10.879134096010354	151.27487775274065
658	10.879134096010354	55.618122838825705
658	10.879134096010354	37.50803840665807
658	10.879134096010354	37.94242165254429
658	10.879134096010354	41.03831047527416
658	10.879134096010354	5.844003614650736
658	10.879134096010354	113.33271472622766
658	10.879134096010354	43.38625586458449
658	10.879134096010354	75.5989464036073
658	10.879134096010354	17.071455512640448
658	10.879134096010354	7.450551819346312
658	10.879134096010354	23.222102471718845
658	10.879134096010354	65.48409830699842
658	10.879134096010354	22.510090762946948
658	10.879134096010354	131.45196780003658
658	10.879134096010354	62.294195347145276
658	10.879134096010354	29.178338402770073
658	10.879134096010354	12.64227480294681
658	10.879134096010354	12.841625880271897
658	10.879134096010354	40.13568618984496
658	10.879134096010354	61.756398549226496
658	10.879134096010354	24.867227009410932
658	10.879134096010354	32.625337230614235
658	10.879134096010354	1.8605529939759624
658	10.879134096010354	50.33770672868953
658	10.879134096010354	88.1906897196017
658	10.879134096010354	57.32609036205525
658	10.879134096010354	198.20934244126587
658	10.879134096010354	29.69502945736024
658	10.879134096010354	33.50498454870576
658	10.879134096010354	7.489121846317049
658	10.879134096010354	11.598647541967324
658	10.879134096010354	42.55721256174563
658	10.879134096010354	184.62427518724851
658	10.879134096010354	20.39389969663075
658	10.879134096010354	23.59168269978822
658	10.879134096010354	154.73065906094564
658	10.879134096010354	40.37239440245171
658	10.879134096010354	5.6975498768660335
658	10.879134096010354	31.92498835138176
658	10.879134096010354	17.670380406809024
658	10.879134096010354	28.28053847999677
658	10.879134096010354	130.9026677280254
658	10.879134096010354	9.326482443164092
658	10.879134096010354	311.93759081330563
658	10.879134096010354	20.159073663794143
658	10.879134096010354	57.1010817376466
658	10.879134096010354	26.41158691886275
658	10.879134096010354	27.066073171589483
658	10.879134096010354	10.945018518518623
658	10.879134096010354	46.224372369491725
658	10.879134096010354	23.279353879405285
658	10.879134096010354	9.415803709688255
658	10.879134096010354	45.45953901732701
658	10.879134096010354	4.930577338283366
658	10.879134096010354	5.744376255209366
658	10.879134096010354	31.822815702278117
658	10.879134096010354	96.25446184318159
658	10.879134096010354	60.19395016908852
658	10.879134096010354	39.642145475349714
658	10.879134096010354	46.87777505608103
658	10.879134096010354	25.298040541625213
658	10.879134096010354	165.9986437002433
658	10.879134096010354	49.25528766043789
658	10.879134096010354	34.11266602174301
658	10.879134096010354	21.353235650043406
658	10.879134096010354	15.912322929700911
658	10.879134096010354	32.3364515323234
658	10.879134096010354	167.98944820319625
658	10.879134096010354	12.96376307850199
658	10.879134096010354	16.852403081631447
658	10.879134096010354	37.90655273419348
658	10.879134096010354	44.094241557486754
658	10.879134096010354	31.717087288203132
658	10.879134096010354	9.867752660709327
658	10.879134096010354	34.18278033631222
658	10.879134096010354	24.32744065570169
658	10.879134096010354	20.309603485081972
658	10.879134096010354	54.577821156835
658	10.879134096010354	87.2307634550867
658	10.879134096010354	13.909322481123326
658	10.879134096010354	81.78790041238034
658	10.879134096010354	326.266142888273
658	10.879134096010354	11.274508779751317
658	10.879134096010354	14.59562325125627
658	10.879134096010354	94.2472209900818
658	10.879134096010354	7.358025018029883
658	10.879134096010354	92.48742955024873
658	10.879134096010354	85.7050432736667
658	10.879134096010354	15.431064945298658
658	10.879134096010354	182.15885412947426
658	10.879134096010354	11.352447107166853
658	10.879134096010354	84.82903012937399
658	10.879134096010354	126.52031617812553
658	10.879134096010354	23.471549691716902
658	10.879134096010354	17.55769446902195
658	10.879134096010354	31.502649273314802
658	10.879134096010354	360.2511887047542
658	10.879134096010354	17.739352210642462
658	10.879134096010354	29.57882586015957
658	10.879134096010354	47.11809816534667
658	10.879134096010354	414.67389332131825
658	10.879134096010354	10.435665344513636
658	10.879134096010354	20.89683516299469
658	10.879134096010354	10.086139780445517
658	10.879134096010354	18.445065442890325
658	10.879134096010354	268.4257402858941
658	10.879134096010354	51.0505322438168
658	10.879134096010354	70.97165260707517
658	10.879134096010354	20.053128884457827
658	10.879134096010354	175.65369285308626
658	10.879134096010354	264.70716988211035
658	10.879134096010354	26.417127575475458
658	10.879134096010354	50.84143503566718
658	10.879134096010354	27.90959305555179
658	10.879134096010354	11.165144470010063
658	10.879134096010354	18.881761157538897
658	10.879134096010354	49.78722780238907
658	10.879134096010354	28.91713270238365
658	10.879134096010354	154.19011908652777
658	10.879134096010354	76.75410073243111
658	10.879134096010354	22.414626849715596
658	10.879134096010354	9.4592448329571
658	10.879134096010354	10.374102623341727
658	10.879134096010354	58.96384667715425
658	10.879134096010354	11.224611845894982
658	10.879134096010354	27.546931400778075
658	10.879134096010354	85.67751207644758
658	10.879134096010354	10.614331895167332
658	10.879134096010354	24.317983233473164
658	10.879134096010354	30.21621362626113
658	10.879134096010354	45.83133742336961
658	10.879134096010354	7.4799877015413765
658	10.879134096010354	50.43900483184483
658	10.879134096010354	152.04374738360593
658	10.879134096010354	38.50323800121027
658	10.879134096010354	21.572375687045305
658	10.879134096010354	28.73988571216689
658	10.879134096010354	23.23218557877392
658	10.879134096010354	61.98253770394254
658	10.879134096010354	32.13236467939243
658	10.879134096010354	15.59819393633714
658	10.879134096010354	20.559997880418784
658	10.879134096010354	14.137170031133115
658	10.879134096010354	26.825317681695925
658	10.879134096010354	10.502854877066584
658	10.879134096010354	22.09138442341178
658	10.879134096010354	28.19141934436991
658	10.879134096010354	71.44284902879139
658	10.879134096010354	3.0893984887625914
658	10.879134096010354	29.79704467065164
658	10.879134096010354	10.178767217165044
658	10.879134096010354	33.626158661755
658	10.879134096010354	17.679436868774907
658	10.879134096010354	4.943922836301094
658	10.879134096010354	89.98453806257957
658	10.879134096010354	5.891967104951506
658	10.879134096010354	14.715498755710927
658	10.879134096010354	45.69943370948496
658	10.879134096010354	28.264520749656057
658	10.879134096010354	4.185202423762894
658	10.879134096010354	17.71542360316691
658	10.879134096010354	18.487634296542694
658	10.879134096010354	47.16335078817527
658	10.879134096010354	6.658509618149727
658	10.879134096010354	53.14306434593501
658	10.879134096010354	364.69919520431097
658	10.879134096010354	9.431110918159103
658	10.879134096010354	34.96399773891005
658	10.879134096010354	85.75140888852926
658	10.879134096010354	20.04221497730843
658	10.879134096010354	10.782841535007494
658	10.879134096010354	2.585058167163783
658	10.879134096010354	144.5848479668805
658	10.879134096010354	72.55401278208865
658	10.879134096010354	330.58867390641217
658	10.879134096010354	112.64872839706445
658	10.879134096010354	20.24975374574927
658	10.879134096010354	20.79082775122362
658	10.879134096010354	151.27639384337758
658	10.879134096010354	12.755235979242924
658	10.879134096010354	6.221581540490775
658	10.879134096010354	15.238119512256741
658	10.879134096010354	69.20278875145893
658	10.879134096010354	10.133623495399014
658	10.879134096010354	94.64203434319933
658	10.879134096010354	100.02309658015113
658	10.879134096010354	22.476981882397467
658	10.879134096010354	15.92468294976566
658	10.879134096010354	18.4927874135675
658	10.879134096010354	85.17598060025068
658	10.879134096010354	14.456610909510088
658	10.879134096010354	15.357978779245594
658	10.879134096010354	4.837124133169431
658	10.879134096010354	273.78691549636534
658	10.879134096010354	26.541511652706948
658	10.879134096010354	101.49524279543105
658	10.879134096010354	13.792266064280154
658	10.879134096010354	7.39420826089986
658	10.879134096010354	25.7698180416719
658	10.879134096010354	105.87879681688605
658	10.879134096010354	64.7975771625989
658	10.879134096010354	21.771457571923104
658	10.879134096010354	94.13191136049448
658	10.879134096010354	8.746188412162935
658	10.879134096010354	28.176362157390617
658	10.879134096010354	82.70603891432424
658	10.879134096010354	20.860123393829294
658	10.879134096010354	38.796962661379844
658	10.879134096010354	16.252725309938683
658	10.879134096010354	117.83657508669795
658	10.879134096010354	8.241443737866188
658	10.879134096010354	4.692335352704246
658	10.879134096010354	3.1294090929399823
658	10.879134096010354	9.882655266435123
658	10.879134096010354	17.39708874693697
658	10.879134096010354	32.27663914718833
658	10.879134096010354	40.40404561637611
658	10.879134096010354	5.811410224919389
658	10.879134096010354	12.491147644332873
658	10.879134096010354	174.86842200806038
658	10.879134096010354	15.866560890731224
658	10.879134096010354	225.35008722299193
658	10.879134096010354	24.34822053775266
658	10.879134096010354	151.14441270263222
658	10.879134096010354	18.385819320383412
658	10.879134096010354	4.236290334856849
658	10.879134096010354	29.578606062657382
658	10.879134096010354	18.708997181878352
658	10.879134096010354	14.542857821867996
658	10.879134096010354	106.92989950353399
658	10.879134096010354	6.0153035849816465
658	10.879134096010354	15.45265321981089
658	10.879134096010354	46.4613435715115
658	10.879134096010354	43.45115266820111
658	10.879134096010354	26.260983454352083
658	10.879134096010354	27.1451923798452
658	10.879134096010354	21.882048226700988
658	10.879134096010354	6.534074155098562
658	10.879134096010354	288.8796184093556
658	10.879134096010354	14.282165299520736
658	10.879134096010354	32.2438097384354
658	10.879134096010354	30.091527362490236
658	10.879134096010354	58.21257811742967
658	10.879134096010354	18.25035058568253
658	10.879134096010354	52.198160947254486
658	10.879134096010354	64.99616567162431
658	10.879134096010354	2.4770487658513973
658	10.879134096010354	44.63628439636856
658	10.879134096010354	78.66690441724293
658	10.879134096010354	3.0777475803848366
658	10.879134096010354	59.348581214878536
658	10.879134096010354	6.731775866764989
658	10.879134096010354	4.455204721792361
658	10.879134096010354	4.268146821345528
