69	9.602180003281248	25.85218187801097
69	9.602180003281248	7.999059739887519
69	9.602180003281248	53.646186827054265
69	9.602180003281248	23.006673461109305
69	9.602180003281248	48.13810817264741
69	9.602180003281248	21.689279048637207
69	9.602180003281248	23.326511224005223
69	9.602180003281248	5.419687596451355
69	9.602180003281248	204.91514383992566
69	9.602180003281248	205.46427793201593
69	9.602180003281248	43.383922654470936
69	9.602180003281248	28.48808550507494
69	9.602180003281248	20.11568610431089
69	9.602180003281248	15.835557189268044
69	9.602180003281248	6.309922192799877
69	9.602180003281248	37.07004783698237
69	9.602180003281248	12.865247680296626
69	9.602180003281248	10.756153919800768
69	9.602180003281248	17.126066061761513
69	9.602180003281248	89.01030733181241
69	9.602180003281248	9.612235455012902
69	9.602180003281248	48.54503133344899
69	9.602180003281248	58.68706237503285
69	9.602180003281248	21.61829100866624
69	9.602180003281248	2.152502219536787
69	9.602180003281248	53.20598352170251
69	9.602180003281248	20.515695585442515
69	9.602180003281248	27.212834126570023
69	9.602180003281248	5.472171918917889
69	9.602180003281248	18.33043116347923
69	9.602180003281248	15.907172838752912
69	9.602180003281248	79.84937436927729
69	9.602180003281248	13.201154780963595
69	9.602180003281248	32.98712054625558
69	9.602180003281248	6.183468723618668
69	9.602180003281248	69.34394251781197
69	9.602180003281248	115.29191086642
69	9.602180003281248	48.17587425019317
69	9.602180003281248	18.896342368910098
69	9.602180003281248	96.44285146483126
69	9.602180003281248	20.630071574215155
69	9.602180003281248	87.66711028206197
69	9.602180003281248	9.715175947202749
69	9.602180003281248	31.217858411570166
69	9.602180003281248	115.47748859886438
69	9.602180003281248	33.28655403998039
69	9.602180003281248	30.10183346781403
69	9.602180003281248	3.0825038293791964
69	9.602180003281248	6.120765547398048
69	9.602180003281248	5.828261103791423
69	9.602180003281248	57.378101328384204
69	9.602180003281248	46.06260615531675
69	9.602180003281248	128.71375410625447
69	9.602180003281248	9.741937179502795
69	9.602180003281248	73.97766959316769
69	9.602180003281248	79.66154035832315
69	9.602180003281248	27.29772027247095
69	9.602180003281248	11.494413209294258
69	9.602180003281248	44.92419858139398
69	9.602180003281248	71.46465505851003
69	9.602180003281248	53.08997032155784
69	9.602180003281248	59.10669833683136
69	9.602180003281248	6.913794353086879
69	9.602180003281248	7.872011703589377
69	9.602180003281248	48.36949093082136
69	9.602180003281248	15.312188376363096
69	9.602180003281248	23.790744618824156
69	9.602180003281248	8.154128705050509
69	9.602180003281248	48.72141861497345
