167	14.14998797624473	110.02620032384198
167	14.14998797624473	59.283208244235894
167	14.14998797624473	18.562615317141578
167	14.14998797624473	8.343767840895
167	14.14998797624473	41.44357152327176
167	14.14998797624473	42.79303082405738
167	14.14998797624473	152.5990894797602
167	14.14998797624473	42.4124530028296
167	14.14998797624473	16.671983988751528
167	14.14998797624473	8.623243121655506
167	14.14998797624473	6.854260436514113
167	14.14998797624473	126.97215037612204
167	14.14998797624473	33.358679471444674
167	14.14998797624473	18.871457446301346
167	14.14998797624473	7.801978225361086
167	14.14998797624473	2.6605922332131993
167	14.14998797624473	17.48760432022353
167	14.14998797624473	10.904591979109052
167	14.14998797624473	106.64159916576409
167	14.14998797624473	22.59974048228259
167	14.14998797624473	107.31544316510701
167	14.14998797624473	33.582126239124165
167	14.14998797624473	12.426988955833691
167	14.14998797624473	39.648153974741014
167	14.14998797624473	68.06589705385375
167	14.14998797624473	50.064878561686605
167	14.14998797624473	46.79105000232004
167	14.14998797624473	15.124696985046109
167	14.14998797624473	270.6190011280905
167	14.14998797624473	17.266353779212732
167	14.14998797624473	6.828710157528397
167	14.14998797624473	150.74000177573322
167	14.14998797624473	20.8003155842038
167	14.14998797624473	27.16991667662136
167	14.14998797624473	4.629714572293807
167	14.14998797624473	140.43151599367044
167	14.14998797624473	37.91690405657477
167	14.14998797624473	23.79917237615709
167	14.14998797624473	17.146323586210293
167	14.14998797624473	56.36298044972775
167	14.14998797624473	55.8162689812399
167	14.14998797624473	89.30452821897157
167	14.14998797624473	448.9648474042574
167	14.14998797624473	20.267166423574242
167	14.14998797624473	26.904590259661916
167	14.14998797624473	28.525351036463423
167	14.14998797624473	90.23051219178217
167	14.14998797624473	13.662237571327287
167	14.14998797624473	33.81052289947986
167	14.14998797624473	91.66930317071278
167	14.14998797624473	124.41103391294705
167	14.14998797624473	14.317113829226892
167	14.14998797624473	17.96940070463079
167	14.14998797624473	41.49366388832488
167	14.14998797624473	111.08588872582435
167	14.14998797624473	70.3138384067055
167	14.14998797624473	49.47811326281758
167	14.14998797624473	44.69636881352484
167	14.14998797624473	46.37022369862323
167	14.14998797624473	126.9390435232865
167	14.14998797624473	3.7634051049532338
167	14.14998797624473	39.63669619679382
167	14.14998797624473	22.174637294539853
167	14.14998797624473	31.68329207456483
167	14.14998797624473	16.180542777404526
167	14.14998797624473	33.84707468976442
167	14.14998797624473	23.048319695335127
167	14.14998797624473	129.066962237902
167	14.14998797624473	68.73199925462691
167	14.14998797624473	40.486038153049954
167	14.14998797624473	6.822121371054512
167	14.14998797624473	35.138131924372374
167	14.14998797624473	15.3590106815632
167	14.14998797624473	32.33011776332981
167	14.14998797624473	24.018314428387672
167	14.14998797624473	197.10712968425256
167	14.14998797624473	13.407760718242757
167	14.14998797624473	207.1538882907021
167	14.14998797624473	31.935917581826246
167	14.14998797624473	6.611015402140354
167	14.14998797624473	34.90553377499421
167	14.14998797624473	17.686961768640145
167	14.14998797624473	27.611302604864644
167	14.14998797624473	20.357863687624974
167	14.14998797624473	59.44941195781204
167	14.14998797624473	41.97323514856168
167	14.14998797624473	193.15858396063453
167	14.14998797624473	32.41350820538971
167	14.14998797624473	144.0450639021689
167	14.14998797624473	145.10411540634365
167	14.14998797624473	52.65522238768916
167	14.14998797624473	36.447792913426326
167	14.14998797624473	59.36868314539765
167	14.14998797624473	10.07225646170773
167	14.14998797624473	39.265753492256536
167	14.14998797624473	10.847663357998082
167	14.14998797624473	6.630197502918614
167	14.14998797624473	7.106374965844455
167	14.14998797624473	28.36393002812955
167	14.14998797624473	20.44667600061755
167	14.14998797624473	17.334662707843314
167	14.14998797624473	47.72885000474414
167	14.14998797624473	95.89805213994644
167	14.14998797624473	31.647886804449755
167	14.14998797624473	112.18180353311485
167	14.14998797624473	38.36120232899615
167	14.14998797624473	6.116341184164188
167	14.14998797624473	13.207556517321379
167	14.14998797624473	67.7762707996142
167	14.14998797624473	78.79111352843677
167	14.14998797624473	10.066025788303167
167	14.14998797624473	22.001427586017968
167	14.14998797624473	9.595934000218929
167	14.14998797624473	13.210033943640505
167	14.14998797624473	11.25988496416274
167	14.14998797624473	61.91546546259364
167	14.14998797624473	133.18176570934415
167	14.14998797624473	15.982548100638578
167	14.14998797624473	11.027279806823078
167	14.14998797624473	40.82026244242453
167	14.14998797624473	140.9559445593434
167	14.14998797624473	269.6614747486689
167	14.14998797624473	83.7258735470561
167	14.14998797624473	8.642469470070397
167	14.14998797624473	76.28947681356091
167	14.14998797624473	786.0032913813203
167	14.14998797624473	53.68787779927348
167	14.14998797624473	75.02497865831293
167	14.14998797624473	79.5756479342348
167	14.14998797624473	16.986452884705464
167	14.14998797624473	25.162636046373095
167	14.14998797624473	156.03415055618308
167	14.14998797624473	38.64254403711867
167	14.14998797624473	39.2070255907356
167	14.14998797624473	89.33222747229249
167	14.14998797624473	107.90808420012843
167	14.14998797624473	154.0821299145647
167	14.14998797624473	95.72763142732485
167	14.14998797624473	24.84308081678817
167	14.14998797624473	19.892095273439917
167	14.14998797624473	47.61081151772767
167	14.14998797624473	9.12022860246948
167	14.14998797624473	38.272236511504516
167	14.14998797624473	36.58838642471518
167	14.14998797624473	56.040525744055955
167	14.14998797624473	23.365072211088123
167	14.14998797624473	76.31261825870904
167	14.14998797624473	330.4862384522926
167	14.14998797624473	97.23829197338202
167	14.14998797624473	12.662379583108823
167	14.14998797624473	63.64847562116673
167	14.14998797624473	23.163319500624507
167	14.14998797624473	33.767886175865705
167	14.14998797624473	55.54531302105277
167	14.14998797624473	15.140962378636598
167	14.14998797624473	39.30356036048781
167	14.14998797624473	8.817549042559273
167	14.14998797624473	46.847668882463815
167	14.14998797624473	29.446237152702462
167	14.14998797624473	163.05504678036448
167	14.14998797624473	24.854850886644165
167	14.14998797624473	14.51065001298938
167	14.14998797624473	19.9081336756668
167	14.14998797624473	19.634020728435942
167	14.14998797624473	10.521646975815736
167	14.14998797624473	19.936603752313758
167	14.14998797624473	28.461017301814593
