16	41.674666209489374	1731.6504751704165
16	41.674666209489374	140.37948940913475
16	41.674666209489374	39.13252320782592
16	41.674666209489374	238.04196897357903
16	41.674666209489374	88.14426049004362
16	41.674666209489374	219.5101914811289
16	41.674666209489374	69.08223433066945
16	41.674666209489374	470.00613894066305
16	41.674666209489374	28.08599873367754
16	41.674666209489374	68.83009798619504
16	41.674666209489374	105.32920256131712
16	41.674666209489374	129.70612405409793
16	41.674666209489374	100.16370546451252
16	41.674666209489374	519.5205779470928
16	41.674666209489374	109.98908528096196
16	41.674666209489374	229.8289829176136
