23	0.8549806460554389	2.220091206852484
23	0.8549806460554389	3.7976502563317003
23	0.8549806460554389	1.397291548735574
23	0.8549806460554389	4.433126679641582
23	0.8549806460554389	3.770321683756954
23	0.8549806460554389	0.7786131498239206
23	0.8549806460554389	5.7022381558819575
23	0.8549806460554389	1.513748791521575
23	0.8549806460554389	0.5809054990591248
23	0.8549806460554389	4.674537359077953
23	0.8549806460554389	3.262143650907115
23	0.8549806460554389	1.2018893578626992
23	0.8549806460554389	1.454055062545156
23	0.8549806460554389	1.5456435762877876
23	0.8549806460554389	1.884685628051074
23	0.8549806460554389	2.427280062217267
23	0.8549806460554389	2.175201866074252
23	0.8549806460554389	17.881100070657954
23	0.8549806460554389	3.2400142098556466
23	0.8549806460554389	16.103609374657896
23	0.8549806460554389	0.9991323489818926
23	0.8549806460554389	5.055368580117611
23	0.8549806460554389	1.1825621326181617
