16	1.4607117495193573	7.264123741594825
16	1.4607117495193573	3.90333010553235
16	1.4607117495193573	14.040223981431419
16	1.4607117495193573	1.257476569093992
16	1.4607117495193573	6.243014697962005
16	1.4607117495193573	27.267772620631337
16	1.4607117495193573	1.7300996373383155
16	1.4607117495193573	3.114627559781775
16	1.4607117495193573	6.665076496822608
16	1.4607117495193573	1.171343861646988
16	1.4607117495193573	11.948840450312325
16	1.4607117495193573	13.190980964270711
16	1.4607117495193573	1.6109404300946994
16	1.4607117495193573	6.778217232143567
16	1.4607117495193573	15.132199042640634
16	1.4607117495193573	15.181639068231148
