14	1.726330272689814	2.73711087524515
14	1.726330272689814	2.0735327680806477
14	1.726330272689814	9.366590427186686
14	1.726330272689814	13.138758369486183
14	1.726330272689814	1.515326211445148
14	1.726330272689814	4.833949865434638
14	1.726330272689814	1.5513805427496687
14	1.726330272689814	1.4278504958688494
14	1.726330272689814	11.019761751113693
14	1.726330272689814	5.84277411043782
14	1.726330272689814	22.71772117894056
14	1.726330272689814	5.461209686803378
14	1.726330272689814	9.798919024076003
14	1.726330272689814	1.9658517318590125
