81	8.330087275585987	14.542769739636737
81	8.330087275585987	216.56691526489976
81	8.330087275585987	27.466755986645428
81	8.330087275585987	6.991982020230887
81	8.330087275585987	3.892734043843212
81	8.330087275585987	146.82258245942572
81	8.330087275585987	17.677625419245665
81	8.330087275585987	5.8804787212155984
81	8.330087275585987	14.749761089298449
81	8.330087275585987	41.557678155087494
81	8.330087275585987	6.629236091345371
81	8.330087275585987	28.328578300512266
81	8.330087275585987	14.136376694978896
81	8.330087275585987	18.900831378220033
81	8.330087275585987	31.792008119411115
81	8.330087275585987	11.699440726577278
81	8.330087275585987	5.4784180744758935
81	8.330087275585987	32.781890161961
81	8.330087275585987	26.524900755330144
81	8.330087275585987	14.544557085196757
81	8.330087275585987	42.43201760824366
81	8.330087275585987	20.51579672424323
81	8.330087275585987	59.278175849011696
81	8.330087275585987	4.842570921532091
81	8.330087275585987	427.27844749337237
81	8.330087275585987	172.6544883072933
81	8.330087275585987	6.448860015658364
81	8.330087275585987	3.9163969462075845
81	8.330087275585987	55.704697496775786
81	8.330087275585987	13.89276644960508
81	8.330087275585987	2.0900771163666145
81	8.330087275585987	13.544352344424807
81	8.330087275585987	42.41194803386101
81	8.330087275585987	33.93136036073321
81	8.330087275585987	5.141116275323073
81	8.330087275585987	20.058865666485186
81	8.330087275585987	25.23449946246259
81	8.330087275585987	97.13189505706559
81	8.330087275585987	17.623053900868737
81	8.330087275585987	26.459067766817846
81	8.330087275585987	6.009581989993679
81	8.330087275585987	81.40758399832566
81	8.330087275585987	18.978410930326753
81	8.330087275585987	13.652628171314483
81	8.330087275585987	4.103167152403037
81	8.330087275585987	166.37544732166572
81	8.330087275585987	28.660913409393213
81	8.330087275585987	31.13342134850139
81	8.330087275585987	47.045442863886606
81	8.330087275585987	35.669805009005906
81	8.330087275585987	22.08085521056063
81	8.330087275585987	14.719577841328533
81	8.330087275585987	42.09631552049635
81	8.330087275585987	69.49580149146507
81	8.330087275585987	39.80796662972958
81	8.330087275585987	26.29517783459544
81	8.330087275585987	22.4148119074247
81	8.330087275585987	32.077918494127516
81	8.330087275585987	13.762316563394043
81	8.330087275585987	2.744986571545408
81	8.330087275585987	21.01565830974717
81	8.330087275585987	171.00320702876238
81	8.330087275585987	8.121737610301953
81	8.330087275585987	73.3633980853134
81	8.330087275585987	13.614149444127067
81	8.330087275585987	49.276965464249756
81	8.330087275585987	21.831479654383227
81	8.330087275585987	23.6869362377152
81	8.330087275585987	21.202818692407607
81	8.330087275585987	17.871859728192362
81	8.330087275585987	10.000243653426008
81	8.330087275585987	26.94938135688171
81	8.330087275585987	34.122161533347295
81	8.330087275585987	113.7990764155713
81	8.330087275585987	41.67298290620402
81	8.330087275585987	10.147991153285174
81	8.330087275585987	30.20682133582885
81	8.330087275585987	56.40745342420814
81	8.330087275585987	16.202966736463132
81	8.330087275585987	1.0290641468070416
81	8.330087275585987	6.387919102452704
