28	9.870184419205687	38.65549767674037
28	9.870184419205687	13.162994468104985
28	9.870184419205687	35.29262390294313
28	9.870184419205687	35.24269529794239
28	9.870184419205687	7.31020240373616
28	9.870184419205687	62.83513775332475
28	9.870184419205687	51.75062138347999
28	9.870184419205687	10.344651435470354
28	9.870184419205687	13.857542611436097
28	9.870184419205687	42.38318026344406
28	9.870184419205687	8.393250775639425
28	9.870184419205687	11.257550140102259
28	9.870184419205687	61.36489822581188
28	9.870184419205687	12.791901706975793
28	9.870184419205687	61.89561983603999
28	9.870184419205687	19.704552862029452
28	9.870184419205687	175.0671314822274
28	9.870184419205687	27.229367539255016
28	9.870184419205687	23.665959611551227
28	9.870184419205687	24.37826311991337
28	9.870184419205687	4.943326059262934
28	9.870184419205687	40.33374564118762
28	9.870184419205687	20.29007444982268
28	9.870184419205687	29.222447243914317
28	9.870184419205687	20.48587990531162
28	9.870184419205687	58.78082169693517
28	9.870184419205687	79.54655395810106
28	9.870184419205687	121.43657096002758
