74	3.159435337337764	0.7597965300710295
74	3.159435337337764	8.801961082026043
74	3.159435337337764	14.2484762905116
74	3.159435337337764	2.466822821648429
74	3.159435337337764	2.3136273536146876
74	3.159435337337764	5.390059018617161
74	3.159435337337764	1.2564572754590746
74	3.159435337337764	13.690632786819425
74	3.159435337337764	0.7268770491999148
74	3.159435337337764	16.272983205444632
74	3.159435337337764	12.84486143965037
74	3.159435337337764	30.202410445065276
74	3.159435337337764	5.721667361206518
74	3.159435337337764	3.8347540480994433
74	3.159435337337764	4.211959458352498
74	3.159435337337764	21.923896723069163
74	3.159435337337764	4.519177798866917
74	3.159435337337764	6.610407696618063
74	3.159435337337764	7.394104532707789
74	3.159435337337764	2.9697574825512048
74	3.159435337337764	6.981910004541693
74	3.159435337337764	105.97604776191736
74	3.159435337337764	10.185302712791094
74	3.159435337337764	18.724212752974648
74	3.159435337337764	3.9754829310898754
74	3.159435337337764	7.69573974033305
74	3.159435337337764	3.21990839815719
74	3.159435337337764	11.757097955261344
74	3.159435337337764	3.341389751208967
74	3.159435337337764	3.8879760053846306
74	3.159435337337764	9.418988003401664
74	3.159435337337764	2.1431399650446097
74	3.159435337337764	12.643720016555873
74	3.159435337337764	13.57591864015977
74	3.159435337337764	32.41572902595405
74	3.159435337337764	5.962121442319896
74	3.159435337337764	1.4207888990926822
74	3.159435337337764	15.124876435931625
74	3.159435337337764	3.994109896922187
74	3.159435337337764	7.762004773852323
74	3.159435337337764	13.198504467147247
74	3.159435337337764	14.789327129706706
74	3.159435337337764	65.80418099276329
74	3.159435337337764	16.703602127438305
74	3.159435337337764	4.373560427345713
74	3.159435337337764	9.663991301468794
74	3.159435337337764	21.662153317594857
74	3.159435337337764	36.40620013756794
74	3.159435337337764	14.308082160257511
74	3.159435337337764	4.452553966913405
74	3.159435337337764	10.805696862069897
74	3.159435337337764	8.998465303264155
74	3.159435337337764	1.9261978938201245
74	3.159435337337764	7.902377776365728
74	3.159435337337764	1.8176689108941022
74	3.159435337337764	1.9407781518175977
74	3.159435337337764	13.332211161187665
74	3.159435337337764	4.871948974390164
74	3.159435337337764	31.64447445230345
74	3.159435337337764	29.280826409750052
74	3.159435337337764	13.564267242970102
74	3.159435337337764	9.3552063064031
74	3.159435337337764	17.10979774450781
74	3.159435337337764	7.29823652201634
74	3.159435337337764	6.599548701684575
74	3.159435337337764	2.578945085028409
74	3.159435337337764	4.0514670581922
74	3.159435337337764	1.3734642310356722
74	3.159435337337764	52.96929998277932
74	3.159435337337764	9.632694705277215
74	3.159435337337764	36.9058149130999
74	3.159435337337764	7.825629164571007
74	3.159435337337764	5.244521670184998
74	3.159435337337764	16.167587114727848
