38	64.31427272499865	106.24010760939116
38	64.31427272499865	589.1632008905582
38	64.31427272499865	168.69346946290912
38	64.31427272499865	126.37837773960081
38	64.31427272499865	119.39362987329088
38	64.31427272499865	427.7024446986286
38	64.31427272499865	91.14056042939842
38	64.31427272499865	26.150073949241648
38	64.31427272499865	36.6364527949881
38	64.31427272499865	115.9103704881193
38	64.31427272499865	89.45527280394319
38	64.31427272499865	915.6845483675826
38	64.31427272499865	142.54677037745654
38	64.31427272499865	243.2305555992537
38	64.31427272499865	107.41154227524132
38	64.31427272499865	27.699144294651653
38	64.31427272499865	652.0604492893766
38	64.31427272499865	250.75540225026253
38	64.31427272499865	573.343524510201
38	64.31427272499865	82.66726553578899
38	64.31427272499865	117.65469681694125
38	64.31427272499865	877.7288699045487
38	64.31427272499865	332.21146261434274
38	64.31427272499865	57.50660121661396
38	64.31427272499865	174.57751553707038
38	64.31427272499865	121.54381708412596
38	64.31427272499865	96.46906499270007
38	64.31427272499865	53.903767712820255
38	64.31427272499865	175.4122022550159
38	64.31427272499865	489.52170900698843
38	64.31427272499865	75.93818223481738
38	64.31427272499865	455.15919647694943
38	64.31427272499865	82.11244279756532
38	64.31427272499865	76.56327689976555
38	64.31427272499865	1163.0468939256018
38	64.31427272499865	576.2862340969859
38	64.31427272499865	480.1126925735767
38	64.31427272499865	1053.5651311005508
