26	10.984867868245878	298.1789705808437
26	10.984867868245878	20.34105613364797
26	10.984867868245878	8.236262625858558
26	10.984867868245878	29.427324387020175
26	10.984867868245878	97.36057897865066
26	10.984867868245878	20.44580587106487
26	10.984867868245878	13.86976703610002
26	10.984867868245878	3.8609279430934205
26	10.984867868245878	6.809562030019395
26	10.984867868245878	10.438619922308154
26	10.984867868245878	67.16401954407553
26	10.984867868245878	3.2323666489083838
26	10.984867868245878	96.16312529987155
26	10.984867868245878	267.25715848697104
26	10.984867868245878	75.87930533624038
26	10.984867868245878	14.720153022288164
26	10.984867868245878	24.08907156440138
26	10.984867868245878	26.43723691883561
26	10.984867868245878	202.13386255009007
26	10.984867868245878	55.103034278206756
26	10.984867868245878	4.588077322988302
26	10.984867868245878	25.79252167016964
26	10.984867868245878	146.4768905241502
26	10.984867868245878	8.915432153530519
26	10.984867868245878	41.86673848595495
26	10.984867868245878	30.950378004442147
