1244	4.405147394734355	1.3101784396627079
1244	4.405147394734355	42.67380384849696
1244	4.405147394734355	4.28999624768364
1244	4.405147394734355	19.008250738343957
1244	4.405147394734355	49.063862004761184
1244	4.405147394734355	44.73946542166535
1244	4.405147394734355	82.35718584623652
1244	4.405147394734355	45.948612788896334
1244	4.405147394734355	1.75959752137547
1244	4.405147394734355	13.697902688252034
1244	4.405147394734355	40.945671111884764
1244	4.405147394734355	98.63692907351286
1244	4.405147394734355	9.575409340129408
1244	4.405147394734355	102.51396905297838
1244	4.405147394734355	6.501566859838579
1244	4.405147394734355	5.600944168476839
1244	4.405147394734355	15.422809930464135
1244	4.405147394734355	16.23472774937439
1244	4.405147394734355	4.8380326764003545
1244	4.405147394734355	19.361731502076793
1244	4.405147394734355	24.51276269467111
1244	4.405147394734355	12.007583462522176
1244	4.405147394734355	30.381785161573845
1244	4.405147394734355	5.229661877163866
1244	4.405147394734355	15.199576682786985
1244	4.405147394734355	11.905311555044475
1244	4.405147394734355	3.901450655831602
1244	4.405147394734355	9.553309291348501
1244	4.405147394734355	11.482224115706853
1244	4.405147394734355	7.309765798195553
1244	4.405147394734355	4.555311492619307
1244	4.405147394734355	23.76598446646474
1244	4.405147394734355	7.962580685214089
1244	4.405147394734355	6.698722552266959
1244	4.405147394734355	3.102081058704216
1244	4.405147394734355	62.45028529506581
1244	4.405147394734355	13.36516146593984
1244	4.405147394734355	20.83290142818963
1244	4.405147394734355	22.214002959988225
1244	4.405147394734355	15.448830021996594
1244	4.405147394734355	6.589740954518536
1244	4.405147394734355	6.434496669457651
1244	4.405147394734355	31.219036332192008
1244	4.405147394734355	9.430274819730323
1244	4.405147394734355	22.450732079794673
1244	4.405147394734355	3.429853797575708
1244	4.405147394734355	26.89376130132793
1244	4.405147394734355	51.39506396644582
1244	4.405147394734355	2.506297585932701
1244	4.405147394734355	11.692093613865277
1244	4.405147394734355	3.6414639086833565
1244	4.405147394734355	2.2718531085248057
1244	4.405147394734355	6.511810859416927
1244	4.405147394734355	6.685397649049196
1244	4.405147394734355	13.668426810333022
1244	4.405147394734355	16.546800284254832
1244	4.405147394734355	7.695527421099074
1244	4.405147394734355	74.87226746134283
1244	4.405147394734355	82.8613512245392
1244	4.405147394734355	19.230473282755984
1244	4.405147394734355	17.101847207949984
1244	4.405147394734355	16.842269734587493
1244	4.405147394734355	13.050415328446023
1244	4.405147394734355	40.88165682702785
1244	4.405147394734355	9.19200073135188
1244	4.405147394734355	17.213451001522717
1244	4.405147394734355	6.5640640460094035
1244	4.405147394734355	24.731743957988847
1244	4.405147394734355	20.68442962396878
1244	4.405147394734355	3.3972767631418765
1244	4.405147394734355	1.5224116676062915
1244	4.405147394734355	2.2323032680023984
1244	4.405147394734355	39.217844971571076
1244	4.405147394734355	2.5097743325542603
1244	4.405147394734355	27.58644968186693
1244	4.405147394734355	4.4065435074917785
1244	4.405147394734355	28.76069576800951
1244	4.405147394734355	14.439548816768655
1244	4.405147394734355	10.440641759006192
1244	4.405147394734355	75.26546042650821
1244	4.405147394734355	10.70981623530292
1244	4.405147394734355	12.351606901770106
1244	4.405147394734355	19.096864223712938
1244	4.405147394734355	24.90595149287386
1244	4.405147394734355	15.585941085785958
1244	4.405147394734355	6.722872257918212
1244	4.405147394734355	4.173526616352573
1244	4.405147394734355	34.06598312195188
1244	4.405147394734355	31.064600520525786
1244	4.405147394734355	14.778467021040752
1244	4.405147394734355	27.92994441926006
1244	4.405147394734355	5.8755131772644305
1244	4.405147394734355	17.42691852560382
1244	4.405147394734355	3.9814637351830684
1244	4.405147394734355	4.847653467789997
1244	4.405147394734355	4.984518473101393
1244	4.405147394734355	22.47777627231376
1244	4.405147394734355	22.589606574356612
1244	4.405147394734355	7.386465356499842
1244	4.405147394734355	25.49975958939489
1244	4.405147394734355	21.989549050627023
1244	4.405147394734355	13.803300790283044
1244	4.405147394734355	23.595110654829565
1244	4.405147394734355	6.030412675603731
1244	4.405147394734355	41.73047597833831
1244	4.405147394734355	5.740007996631033
1244	4.405147394734355	35.92142245826949
1244	4.405147394734355	12.014700987089954
1244	4.405147394734355	2.962047831470291
1244	4.405147394734355	9.199669092964976
1244	4.405147394734355	51.361950179815274
1244	4.405147394734355	9.205544313795421
1244	4.405147394734355	6.124062973270638
1244	4.405147394734355	35.580569127485845
1244	4.405147394734355	12.05421625237834
1244	4.405147394734355	10.337736995101668
1244	4.405147394734355	32.938362575096875
1244	4.405147394734355	3.2118324003804735
1244	4.405147394734355	2.104271920338489
1244	4.405147394734355	47.66486020659602
1244	4.405147394734355	12.644812806323692
1244	4.405147394734355	19.14541713380187
1244	4.405147394734355	4.113140075096428
1244	4.405147394734355	13.543066450679195
1244	4.405147394734355	5.121561626318508
1244	4.405147394734355	7.017331212207746
1244	4.405147394734355	5.035436008720722
1244	4.405147394734355	41.32435536400153
1244	4.405147394734355	41.82278605848248
1244	4.405147394734355	6.052511848780588
1244	4.405147394734355	2.693291481613187
1244	4.405147394734355	9.214625500371177
1244	4.405147394734355	13.230834052384466
1244	4.405147394734355	8.543749152059311
1244	4.405147394734355	3.78364054353608
1244	4.405147394734355	42.26904178195141
1244	4.405147394734355	18.259730666268688
1244	4.405147394734355	3.398732036648137
1244	4.405147394734355	16.526712922650034
1244	4.405147394734355	1.6504141009393754
1244	4.405147394734355	16.0348099787509
1244	4.405147394734355	31.63494294550535
1244	4.405147394734355	62.276100369221304
1244	4.405147394734355	3.5870257113185544
1244	4.405147394734355	8.62792542243875
1244	4.405147394734355	29.758698260193306
1244	4.405147394734355	19.85149638661997
1244	4.405147394734355	204.69203051154125
1244	4.405147394734355	19.50128638814639
1244	4.405147394734355	6.544689980726517
1244	4.405147394734355	15.062520245302707
1244	4.405147394734355	3.1478614906248237
1244	4.405147394734355	43.200190137835115
1244	4.405147394734355	19.597180413324644
1244	4.405147394734355	1.9327660630446322
1244	4.405147394734355	10.494114431866159
1244	4.405147394734355	6.048621115199592
1244	4.405147394734355	10.458539350437164
1244	4.405147394734355	1.1464637937761577
1244	4.405147394734355	24.326016993080177
1244	4.405147394734355	1.7049762004668803
1244	4.405147394734355	7.168338791997598
1244	4.405147394734355	3.1566217463057473
1244	4.405147394734355	8.786063969204715
1244	4.405147394734355	38.36396097796796
1244	4.405147394734355	6.892753249385802
1244	4.405147394734355	2.2684627802502977
1244	4.405147394734355	31.487938752997028
1244	4.405147394734355	32.483895914412386
1244	4.405147394734355	7.38247335330646
1244	4.405147394734355	13.974856083543877
1244	4.405147394734355	21.97243795211512
1244	4.405147394734355	69.26154688865009
1244	4.405147394734355	7.65101195647592
1244	4.405147394734355	9.610490936044053
1244	4.405147394734355	11.899701251110448
1244	4.405147394734355	5.97472874691883
1244	4.405147394734355	26.20262550442161
1244	4.405147394734355	94.66517825483497
1244	4.405147394734355	4.808991877125054
1244	4.405147394734355	26.858181168790033
1244	4.405147394734355	9.39472419407652
1244	4.405147394734355	5.752738006024229
1244	4.405147394734355	22.139925361484003
1244	4.405147394734355	19.16902528634892
1244	4.405147394734355	36.95277368361149
1244	4.405147394734355	7.523222934140599
1244	4.405147394734355	15.102076691898874
1244	4.405147394734355	2.538065910758342
1244	4.405147394734355	8.619525836954235
1244	4.405147394734355	18.591297383681567
1244	4.405147394734355	21.541233900846642
1244	4.405147394734355	60.810207608983376
1244	4.405147394734355	2.0299430838587647
1244	4.405147394734355	19.072148788512955
1244	4.405147394734355	24.929489889984886
1244	4.405147394734355	1.3409146561946652
1244	4.405147394734355	52.38707256763946
1244	4.405147394734355	4.227585985461034
1244	4.405147394734355	6.123764941777213
1244	4.405147394734355	12.64099215193707
1244	4.405147394734355	7.528290237611848
1244	4.405147394734355	3.093226554148947
1244	4.405147394734355	8.202146792319237
1244	4.405147394734355	29.15755112630585
1244	4.405147394734355	17.92926885518995
1244	4.405147394734355	2.253954364054513
1244	4.405147394734355	13.755589898434751
1244	4.405147394734355	11.429485116060324
1244	4.405147394734355	9.24275760812581
1244	4.405147394734355	3.2799274137672025
1244	4.405147394734355	19.217365359398496
1244	4.405147394734355	32.60248314154858
1244	4.405147394734355	53.614169536622825
1244	4.405147394734355	2.145247324339274
1244	4.405147394734355	1.6357439882228249
1244	4.405147394734355	7.9268600670811775
1244	4.405147394734355	53.38467381922403
1244	4.405147394734355	37.94248367428144
1244	4.405147394734355	3.655943856545555
1244	4.405147394734355	12.24347861010427
1244	4.405147394734355	4.663850356145497
1244	4.405147394734355	41.01707698112637
1244	4.405147394734355	2.4986443986311246
1244	4.405147394734355	16.896082800941443
1244	4.405147394734355	3.7263473796166307
1244	4.405147394734355	13.321603484918974
1244	4.405147394734355	2.6192337408705173
1244	4.405147394734355	4.7470763730858225
1244	4.405147394734355	15.013631758244399
1244	4.405147394734355	4.664390118665516
1244	4.405147394734355	11.636033509561955
1244	4.405147394734355	10.397757406292088
1244	4.405147394734355	39.90610973205662
1244	4.405147394734355	29.499959418658563
1244	4.405147394734355	5.66624450354119
1244	4.405147394734355	4.71736200579336
1244	4.405147394734355	66.43055615002638
1244	4.405147394734355	17.657128872900515
1244	4.405147394734355	10.104254249507925
1244	4.405147394734355	4.511655850612736
1244	4.405147394734355	15.281682503867245
1244	4.405147394734355	17.73682309635572
1244	4.405147394734355	40.94046770060251
1244	4.405147394734355	15.88834395326071
1244	4.405147394734355	1.8155687484073517
1244	4.405147394734355	18.152551464857005
1244	4.405147394734355	27.424928602556527
1244	4.405147394734355	7.200709255454961
1244	4.405147394734355	9.374733860582163
1244	4.405147394734355	10.524661138394016
1244	4.405147394734355	4.301100435827296
1244	4.405147394734355	46.33034894741706
1244	4.405147394734355	37.100671499558416
1244	4.405147394734355	10.79382167449623
1244	4.405147394734355	5.759871623056918
1244	4.405147394734355	57.4772542307069
1244	4.405147394734355	10.534629399352946
1244	4.405147394734355	7.851889945895983
1244	4.405147394734355	17.04357964231602
1244	4.405147394734355	18.703490424125317
1244	4.405147394734355	13.105635481928617
1244	4.405147394734355	8.202196808153886
1244	4.405147394734355	101.56284427396639
1244	4.405147394734355	5.816506422475442
1244	4.405147394734355	15.61868100176431
1244	4.405147394734355	9.88854494414695
1244	4.405147394734355	7.414228746284364
1244	4.405147394734355	25.763360437425785
1244	4.405147394734355	9.372420148019016
1244	4.405147394734355	12.313216232742855
1244	4.405147394734355	56.34608438862212
1244	4.405147394734355	6.554346313243138
1244	4.405147394734355	11.101892785364889
1244	4.405147394734355	6.834706852264021
1244	4.405147394734355	31.36785677963024
1244	4.405147394734355	5.190447230946217
1244	4.405147394734355	11.45050415569812
1244	4.405147394734355	9.372635806429141
1244	4.405147394734355	8.406682417292641
1244	4.405147394734355	7.058983142137099
1244	4.405147394734355	7.589948697904814
1244	4.405147394734355	19.24020669490984
1244	4.405147394734355	12.523524918626636
1244	4.405147394734355	37.7712388370529
1244	4.405147394734355	25.691248940430487
1244	4.405147394734355	16.363108351806428
1244	4.405147394734355	28.56577031869952
1244	4.405147394734355	22.79116951560496
1244	4.405147394734355	0.6969660035233268
1244	4.405147394734355	21.668395186179648
1244	4.405147394734355	5.2765206932621975
1244	4.405147394734355	5.207845401592626
1244	4.405147394734355	4.120166068937595
1244	4.405147394734355	5.729064243473576
1244	4.405147394734355	0.935626975131757
1244	4.405147394734355	6.324334150440862
1244	4.405147394734355	4.265641597931126
1244	4.405147394734355	25.033166846286804
1244	4.405147394734355	20.259152666646397
1244	4.405147394734355	163.68568420653602
1244	4.405147394734355	16.7955236679471
1244	4.405147394734355	44.216273857862305
1244	4.405147394734355	2.860146827224391
1244	4.405147394734355	10.404635919697508
1244	4.405147394734355	4.422447188266844
1244	4.405147394734355	6.130283531050577
1244	4.405147394734355	57.21483205150613
1244	4.405147394734355	27.81390168000985
1244	4.405147394734355	14.785726185607624
1244	4.405147394734355	23.025930570972633
1244	4.405147394734355	26.00970683712424
1244	4.405147394734355	22.61141416492122
1244	4.405147394734355	4.074673904473877
1244	4.405147394734355	2.4258732652750994
1244	4.405147394734355	32.58947936974513
1244	4.405147394734355	19.936579252325686
1244	4.405147394734355	5.409342463379126
1244	4.405147394734355	28.19158880963492
1244	4.405147394734355	5.1504681286261285
1244	4.405147394734355	21.95171859928616
1244	4.405147394734355	1.9317968131085124
1244	4.405147394734355	4.628093673221018
1244	4.405147394734355	10.184456848051104
1244	4.405147394734355	21.62829836462182
1244	4.405147394734355	11.004165624248863
1244	4.405147394734355	9.161318969477318
1244	4.405147394734355	4.564498431394401
1244	4.405147394734355	7.503524107015619
1244	4.405147394734355	10.007978511003847
1244	4.405147394734355	67.64756873211026
1244	4.405147394734355	28.826108747441218
1244	4.405147394734355	3.2906488209341225
1244	4.405147394734355	27.3029217319646
1244	4.405147394734355	8.648724729094152
1244	4.405147394734355	13.64312100890547
1244	4.405147394734355	16.462706936850566
1244	4.405147394734355	2.183551115831923
1244	4.405147394734355	12.391697249338742
1244	4.405147394734355	4.783893986824928
1244	4.405147394734355	13.719589844536252
1244	4.405147394734355	15.941558523233871
1244	4.405147394734355	2.489003101802565
1244	4.405147394734355	3.4676882170280416
1244	4.405147394734355	16.124222783454066
1244	4.405147394734355	12.787799028477561
1244	4.405147394734355	12.448466060513958
1244	4.405147394734355	2.447049308234359
1244	4.405147394734355	17.69650406082404
1244	4.405147394734355	7.190855672844773
1244	4.405147394734355	8.83945657559308
1244	4.405147394734355	3.2682174065570244
1244	4.405147394734355	5.047761641516773
1244	4.405147394734355	8.502405269132307
1244	4.405147394734355	24.40409943817024
1244	4.405147394734355	5.324273203814335
1244	4.405147394734355	69.58689393013562
1244	4.405147394734355	24.711872152103762
1244	4.405147394734355	113.26030494849628
1244	4.405147394734355	7.810306980636103
1244	4.405147394734355	23.020480666799475
1244	4.405147394734355	7.760299700541198
1244	4.405147394734355	4.862221058902539
1244	4.405147394734355	6.1693278021325835
1244	4.405147394734355	9.95345753835551
1244	4.405147394734355	9.235520199594133
1244	4.405147394734355	9.454544381621801
1244	4.405147394734355	47.75704860811017
1244	4.405147394734355	13.82977253936729
1244	4.405147394734355	63.540662346198154
1244	4.405147394734355	10.79295513125731
1244	4.405147394734355	24.34891373819962
1244	4.405147394734355	7.93895488433845
1244	4.405147394734355	13.926254743121087
1244	4.405147394734355	16.941150739626277
1244	4.405147394734355	17.232571298103093
1244	4.405147394734355	11.59057360984923
1244	4.405147394734355	9.721103841468981
1244	4.405147394734355	4.1656527942246955
1244	4.405147394734355	8.24632991110066
1244	4.405147394734355	8.520614834560238
1244	4.405147394734355	12.897245790660609
1244	4.405147394734355	28.216167890295885
1244	4.405147394734355	4.834567181837721
1244	4.405147394734355	17.18024663549508
1244	4.405147394734355	8.068973162971332
1244	4.405147394734355	10.709968502783797
1244	4.405147394734355	28.28156002818072
1244	4.405147394734355	98.44365592584276
1244	4.405147394734355	5.940078890410696
1244	4.405147394734355	6.024111666912166
1244	4.405147394734355	14.639923424669597
1244	4.405147394734355	151.39210993788038
1244	4.405147394734355	4.037918222454761
1244	4.405147394734355	9.719627788701986
1244	4.405147394734355	23.348579483933012
1244	4.405147394734355	2.1684258322572196
1244	4.405147394734355	4.083304559362058
1244	4.405147394734355	14.175432186620748
1244	4.405147394734355	37.411063275393104
1244	4.405147394734355	19.928004469934372
1244	4.405147394734355	51.782661357469806
1244	4.405147394734355	10.864274132256364
1244	4.405147394734355	78.54807106717156
1244	4.405147394734355	16.579168617098578
1244	4.405147394734355	48.52591546813436
1244	4.405147394734355	6.799951720964057
1244	4.405147394734355	3.977723639041169
1244	4.405147394734355	42.390225023099305
1244	4.405147394734355	7.389174439206427
1244	4.405147394734355	3.3589202271990106
1244	4.405147394734355	10.736371492423899
1244	4.405147394734355	18.924070865323205
1244	4.405147394734355	9.885729371738933
1244	4.405147394734355	230.31859277470093
1244	4.405147394734355	3.8213300889773083
1244	4.405147394734355	10.566574887735632
1244	4.405147394734355	8.10140983912434
1244	4.405147394734355	5.836318671004794
1244	4.405147394734355	2.4296495290512143
1244	4.405147394734355	1.2357165662599392
1244	4.405147394734355	11.399441450266064
1244	4.405147394734355	2.7915618735375527
1244	4.405147394734355	13.914669799633792
1244	4.405147394734355	9.482076154817184
1244	4.405147394734355	1.942584634661498
1244	4.405147394734355	3.9276393816749158
1244	4.405147394734355	10.133409495403036
1244	4.405147394734355	4.3619852790395255
1244	4.405147394734355	4.771530686301059
1244	4.405147394734355	8.220242795382022
1244	4.405147394734355	24.981564309512137
1244	4.405147394734355	7.9846694755343295
1244	4.405147394734355	29.179995193324178
1244	4.405147394734355	7.149351027944191
1244	4.405147394734355	3.8012890444916687
1244	4.405147394734355	1.0040428877927567
1244	4.405147394734355	7.2404601521720995
1244	4.405147394734355	13.999423244269144
1244	4.405147394734355	35.893860618944785
1244	4.405147394734355	1.2161826150211772
1244	4.405147394734355	10.408460227950743
1244	4.405147394734355	4.7468138884266455
1244	4.405147394734355	2.8239110258192714
1244	4.405147394734355	6.79575908724145
1244	4.405147394734355	14.204491730774729
1244	4.405147394734355	9.159255354326572
1244	4.405147394734355	16.34615022904246
1244	4.405147394734355	21.357085449603876
1244	4.405147394734355	13.667746294682642
1244	4.405147394734355	7.421891975533447
1244	4.405147394734355	5.214491785459879
1244	4.405147394734355	11.912686626787822
1244	4.405147394734355	10.223435294198698
1244	4.405147394734355	1.8779712148381251
1244	4.405147394734355	8.725399255870789
1244	4.405147394734355	37.75234129611739
1244	4.405147394734355	9.53458108437529
1244	4.405147394734355	9.587681378668185
1244	4.405147394734355	2.614158325408316
1244	4.405147394734355	234.61113755927212
1244	4.405147394734355	51.35662887039217
1244	4.405147394734355	5.399448080215591
1244	4.405147394734355	27.643985354627798
1244	4.405147394734355	4.53461810642107
1244	4.405147394734355	11.176366043116474
1244	4.405147394734355	31.328818263797928
1244	4.405147394734355	6.68473945016876
1244	4.405147394734355	10.709173937228476
1244	4.405147394734355	4.678844893557738
1244	4.405147394734355	5.281145315956558
1244	4.405147394734355	16.17974590150431
1244	4.405147394734355	3.6785872050246002
1244	4.405147394734355	33.1523921184623
1244	4.405147394734355	2.4527287386169383
1244	4.405147394734355	8.671742570680424
1244	4.405147394734355	9.382127728264457
1244	4.405147394734355	14.686928599014308
1244	4.405147394734355	7.591019165015459
1244	4.405147394734355	4.298140420424779
1244	4.405147394734355	15.686724190086284
1244	4.405147394734355	12.393701192456794
1244	4.405147394734355	6.6938847212804395
1244	4.405147394734355	15.508498693989049
1244	4.405147394734355	1.9440195772978976
1244	4.405147394734355	29.50447005291128
1244	4.405147394734355	20.204022104654875
1244	4.405147394734355	2.664599352027767
1244	4.405147394734355	5.9660810929379275
1244	4.405147394734355	51.231750265776945
1244	4.405147394734355	3.503379220137962
1244	4.405147394734355	21.53488888943473
1244	4.405147394734355	1.8773581887056305
1244	4.405147394734355	57.4752572218082
1244	4.405147394734355	11.556901788903602
1244	4.405147394734355	3.441335332886707
1244	4.405147394734355	61.65042231370252
1244	4.405147394734355	12.858769776451592
1244	4.405147394734355	4.277492028616791
1244	4.405147394734355	25.817092831289987
1244	4.405147394734355	13.262104201002089
1244	4.405147394734355	6.153727641867696
1244	4.405147394734355	5.9702236191446865
1244	4.405147394734355	4.840583790724333
1244	4.405147394734355	111.66851467336572
1244	4.405147394734355	20.21783155644413
1244	4.405147394734355	16.279654444905397
1244	4.405147394734355	6.272642631364081
1244	4.405147394734355	18.715251400979874
1244	4.405147394734355	177.05725095548217
1244	4.405147394734355	24.540977599106427
1244	4.405147394734355	53.916256402460036
1244	4.405147394734355	17.118409613496087
1244	4.405147394734355	2.5369508916525874
1244	4.405147394734355	10.805823011306769
1244	4.405147394734355	13.023404265129507
1244	4.405147394734355	17.05481796734914
1244	4.405147394734355	26.087913178620884
1244	4.405147394734355	1.651957024082435
1244	4.405147394734355	14.080626969382998
1244	4.405147394734355	10.828382797779557
1244	4.405147394734355	30.29426017384221
1244	4.405147394734355	12.581434520152346
1244	4.405147394734355	14.017931859434066
1244	4.405147394734355	31.613699799943245
1244	4.405147394734355	3.0351889763680684
1244	4.405147394734355	9.552274138454962
1244	4.405147394734355	10.859431413674402
1244	4.405147394734355	42.16940691543947
1244	4.405147394734355	57.54218551935395
1244	4.405147394734355	2.3170743155067575
1244	4.405147394734355	1.3580628659216079
1244	4.405147394734355	21.29311275768019
1244	4.405147394734355	25.623970767928988
1244	4.405147394734355	97.40818665078247
1244	4.405147394734355	3.1566707338561915
1244	4.405147394734355	61.66685030471508
1244	4.405147394734355	61.47512176653992
1244	4.405147394734355	10.876791237291574
1244	4.405147394734355	22.27529901353004
1244	4.405147394734355	2.4877122826491305
1244	4.405147394734355	7.455626845618107
1244	4.405147394734355	4.171962788445075
1244	4.405147394734355	2.308692710859249
1244	4.405147394734355	27.48978452410457
1244	4.405147394734355	4.675336727987701
1244	4.405147394734355	19.04672438334862
1244	4.405147394734355	6.045333687201816
1244	4.405147394734355	87.8252563592636
1244	4.405147394734355	7.501546442130533
1244	4.405147394734355	10.667721730444509
1244	4.405147394734355	72.79056620163428
1244	4.405147394734355	6.848851557658449
1244	4.405147394734355	60.026406622752404
1244	4.405147394734355	5.757316208539692
1244	4.405147394734355	1.4339525455574842
1244	4.405147394734355	29.46403189019645
1244	4.405147394734355	65.65701352482904
1244	4.405147394734355	13.215404158828981
1244	4.405147394734355	21.80674321307958
1244	4.405147394734355	24.90066412509336
1244	4.405147394734355	6.113450859785417
1244	4.405147394734355	6.738107193698442
1244	4.405147394734355	13.534456075494818
1244	4.405147394734355	47.194189485895336
1244	4.405147394734355	10.316394471840455
1244	4.405147394734355	8.803932646831848
1244	4.405147394734355	2.530190940700491
1244	4.405147394734355	4.306249455501367
1244	4.405147394734355	12.610397073664934
1244	4.405147394734355	14.6594123895497
1244	4.405147394734355	64.02202404495145
1244	4.405147394734355	8.20397149621198
1244	4.405147394734355	47.89957500490973
1244	4.405147394734355	18.216778382663875
1244	4.405147394734355	5.475736899979499
1244	4.405147394734355	20.149702425801514
1244	4.405147394734355	3.793587451234903
1244	4.405147394734355	55.19235281357104
1244	4.405147394734355	7.508798006487013
1244	4.405147394734355	6.489127654514908
1244	4.405147394734355	2.3760688521689746
1244	4.405147394734355	0.5311163327252729
1244	4.405147394734355	30.457964664498558
1244	4.405147394734355	11.21668883902037
1244	4.405147394734355	133.35195941164525
1244	4.405147394734355	4.414060127205108
1244	4.405147394734355	5.003118870278328
1244	4.405147394734355	16.89499725280833
1244	4.405147394734355	5.2097383570778435
1244	4.405147394734355	30.999497303824246
1244	4.405147394734355	27.682261183453956
1244	4.405147394734355	7.02256606758976
1244	4.405147394734355	22.37604725381134
1244	4.405147394734355	5.678352836698001
1244	4.405147394734355	6.612142865508896
1244	4.405147394734355	8.262554436157954
1244	4.405147394734355	6.578549052844467
1244	4.405147394734355	4.177145099341955
1244	4.405147394734355	4.624064663642865
1244	4.405147394734355	5.615213304035002
1244	4.405147394734355	3.71078389941641
1244	4.405147394734355	14.120427768054846
1244	4.405147394734355	3.2929980225209743
1244	4.405147394734355	9.73045408055355
1244	4.405147394734355	15.197057425240574
1244	4.405147394734355	5.300896659339345
1244	4.405147394734355	3.565222065114415
1244	4.405147394734355	114.54105773207127
1244	4.405147394734355	4.576856731072166
1244	4.405147394734355	37.51312795110785
1244	4.405147394734355	6.20166219402895
1244	4.405147394734355	6.112056892710415
1244	4.405147394734355	6.327598050366948
1244	4.405147394734355	46.15756189250773
1244	4.405147394734355	1.7890715132772317
1244	4.405147394734355	8.241374456953501
1244	4.405147394734355	29.69681813681554
1244	4.405147394734355	15.46682688799891
1244	4.405147394734355	28.86191936939955
1244	4.405147394734355	21.592749519025723
1244	4.405147394734355	17.38339995806719
1244	4.405147394734355	11.167622291671309
1244	4.405147394734355	18.47559356614855
1244	4.405147394734355	23.720464278562506
1244	4.405147394734355	33.58260070103352
1244	4.405147394734355	18.97185731598154
1244	4.405147394734355	5.841248746800541
1244	4.405147394734355	7.756615317807703
1244	4.405147394734355	26.546310610632794
1244	4.405147394734355	16.6404959005502
1244	4.405147394734355	48.76840358082389
1244	4.405147394734355	16.871878409120125
1244	4.405147394734355	6.16895099311914
1244	4.405147394734355	6.283603027808705
1244	4.405147394734355	21.49458555627813
1244	4.405147394734355	8.271648856242589
1244	4.405147394734355	44.03223928775893
1244	4.405147394734355	9.211132948057601
1244	4.405147394734355	4.099264466778814
1244	4.405147394734355	7.110308191907144
1244	4.405147394734355	2.7089110890417385
1244	4.405147394734355	8.845278388408973
1244	4.405147394734355	10.953440717364886
1244	4.405147394734355	20.45656043625963
1244	4.405147394734355	2.716109916992432
1244	4.405147394734355	28.660350317296633
1244	4.405147394734355	9.295256647327555
1244	4.405147394734355	32.5163976464467
1244	4.405147394734355	4.630621289512323
1244	4.405147394734355	25.820014211588216
1244	4.405147394734355	10.97123178009295
1244	4.405147394734355	4.361195804297063
1244	4.405147394734355	3.957430390076825
1244	4.405147394734355	11.934143916694985
1244	4.405147394734355	18.437660244755666
1244	4.405147394734355	9.065713781412763
1244	4.405147394734355	6.508237064578584
1244	4.405147394734355	4.279221600202361
1244	4.405147394734355	33.96762391777192
1244	4.405147394734355	42.33632986495656
1244	4.405147394734355	2.94098405748192
1244	4.405147394734355	20.958644044889013
1244	4.405147394734355	10.73301820003264
1244	4.405147394734355	16.0357092563955
1244	4.405147394734355	6.551652738688121
1244	4.405147394734355	15.1739049098205
1244	4.405147394734355	4.278508943046241
1244	4.405147394734355	14.2491239789029
1244	4.405147394734355	6.8276279137929725
1244	4.405147394734355	2.2024262701765744
1244	4.405147394734355	65.0206999405338
1244	4.405147394734355	7.013943305506864
1244	4.405147394734355	4.492989077899123
1244	4.405147394734355	0.8540015417715895
1244	4.405147394734355	16.79159217834456
1244	4.405147394734355	18.711831886538853
1244	4.405147394734355	2.370494119664688
1244	4.405147394734355	3.6770196959374304
1244	4.405147394734355	23.612594730783364
1244	4.405147394734355	4.851505566806242
1244	4.405147394734355	13.953448910654382
1244	4.405147394734355	8.385228437924392
1244	4.405147394734355	0.35334584957808046
1244	4.405147394734355	21.47539273064615
1244	4.405147394734355	3.061505702005176
1244	4.405147394734355	11.699740939831264
1244	4.405147394734355	14.168942600597276
1244	4.405147394734355	32.8639433253781
1244	4.405147394734355	5.842311371516848
1244	4.405147394734355	38.919549665784146
1244	4.405147394734355	10.650954843426021
1244	4.405147394734355	10.05262786355615
1244	4.405147394734355	34.5630346747129
1244	4.405147394734355	20.23419480768942
1244	4.405147394734355	22.85989932679646
1244	4.405147394734355	29.75132124584365
1244	4.405147394734355	13.394987892221321
1244	4.405147394734355	15.871830634891081
1244	4.405147394734355	9.983045789478957
1244	4.405147394734355	8.63873074517592
1244	4.405147394734355	17.774509610493098
1244	4.405147394734355	10.30519860826373
1244	4.405147394734355	3.492222741659363
1244	4.405147394734355	3.6432937267480208
1244	4.405147394734355	8.578580290842293
1244	4.405147394734355	9.975380258979085
1244	4.405147394734355	7.940379846081916
1244	4.405147394734355	16.700870236714824
1244	4.405147394734355	3.127968371287548
1244	4.405147394734355	35.41675423532845
1244	4.405147394734355	68.48153683464562
1244	4.405147394734355	13.3459404635597
1244	4.405147394734355	34.33946929874872
1244	4.405147394734355	13.812378584519095
1244	4.405147394734355	6.408409780044256
1244	4.405147394734355	6.317591178924819
1244	4.405147394734355	26.785452260602945
1244	4.405147394734355	12.851116744367042
1244	4.405147394734355	13.227505762786324
1244	4.405147394734355	39.48308316861933
1244	4.405147394734355	11.000178655635423
1244	4.405147394734355	27.65776491743621
1244	4.405147394734355	31.143765106225185
1244	4.405147394734355	6.538344869306833
1244	4.405147394734355	15.77958994317427
1244	4.405147394734355	41.60786240946494
1244	4.405147394734355	39.696725295470706
1244	4.405147394734355	17.438731925559548
1244	4.405147394734355	227.99001296389554
1244	4.405147394734355	25.464347163919424
1244	4.405147394734355	2.3276061403408517
1244	4.405147394734355	1.3328047591930743
1244	4.405147394734355	24.122001224902032
1244	4.405147394734355	6.781121211958465
1244	4.405147394734355	5.062202658925777
1244	4.405147394734355	3.273113557669203
1244	4.405147394734355	2.9637262675552494
1244	4.405147394734355	0.809583382565366
1244	4.405147394734355	19.96376089082607
1244	4.405147394734355	3.73519892843801
1244	4.405147394734355	5.522858370973657
1244	4.405147394734355	6.615828133028774
1244	4.405147394734355	3.8207786999772035
1244	4.405147394734355	7.142485787548975
1244	4.405147394734355	26.3128431555668
1244	4.405147394734355	12.529937386525235
1244	4.405147394734355	7.34108492832055
1244	4.405147394734355	26.290176599049662
1244	4.405147394734355	20.581955368166536
1244	4.405147394734355	25.940269158659664
1244	4.405147394734355	17.731390359332423
1244	4.405147394734355	6.711775418664851
1244	4.405147394734355	23.128363669610884
1244	4.405147394734355	3.6334907093953603
1244	4.405147394734355	7.88271145499233
1244	4.405147394734355	3.67826512086592
1244	4.405147394734355	1.3415191807747064
1244	4.405147394734355	2.789115933632416
1244	4.405147394734355	14.248623034310056
1244	4.405147394734355	85.13305547541563
1244	4.405147394734355	28.760974758919986
1244	4.405147394734355	5.835878353558432
1244	4.405147394734355	21.321367943274815
1244	4.405147394734355	5.538086633522701
1244	4.405147394734355	10.967565812448026
1244	4.405147394734355	24.65980241862907
1244	4.405147394734355	29.054940664674003
1244	4.405147394734355	3.3523122064204225
1244	4.405147394734355	18.026061557030772
1244	4.405147394734355	13.298859249399555
1244	4.405147394734355	10.813745011886207
1244	4.405147394734355	1.3957725686215703
1244	4.405147394734355	75.22784019107411
1244	4.405147394734355	11.424069048390056
1244	4.405147394734355	1.7591226411989556
1244	4.405147394734355	19.967404534559403
1244	4.405147394734355	4.909352580416989
1244	4.405147394734355	4.487205025771271
1244	4.405147394734355	4.507526335258663
1244	4.405147394734355	59.3703583701151
1244	4.405147394734355	2.7955352793904527
1244	4.405147394734355	78.54504254761193
1244	4.405147394734355	12.436747766562474
1244	4.405147394734355	3.992024238732357
1244	4.405147394734355	37.02879776380757
1244	4.405147394734355	20.116542823086213
1244	4.405147394734355	9.78766696759101
1244	4.405147394734355	102.26942819822722
1244	4.405147394734355	82.00455775599667
1244	4.405147394734355	8.144208181107217
1244	4.405147394734355	10.631817812210212
1244	4.405147394734355	8.282584944451958
1244	4.405147394734355	7.383371983675457
1244	4.405147394734355	18.294346550254097
1244	4.405147394734355	24.310966620730383
1244	4.405147394734355	30.383792450765096
1244	4.405147394734355	6.856166103069597
1244	4.405147394734355	54.91468998110084
1244	4.405147394734355	41.31210422011652
1244	4.405147394734355	11.289430305902366
1244	4.405147394734355	9.716859277232118
1244	4.405147394734355	28.36596800224031
1244	4.405147394734355	5.566249670646767
1244	4.405147394734355	18.978650007938228
1244	4.405147394734355	16.31676917280111
1244	4.405147394734355	1.6375387138868012
1244	4.405147394734355	46.718226658262004
1244	4.405147394734355	8.588812063016453
1244	4.405147394734355	9.251372904201911
1244	4.405147394734355	12.335494993776082
1244	4.405147394734355	70.30045564497786
1244	4.405147394734355	67.21391926336379
1244	4.405147394734355	2.5566502750746696
1244	4.405147394734355	0.6975086064401547
1244	4.405147394734355	47.02148023103584
1244	4.405147394734355	3.3657513744109036
1244	4.405147394734355	6.133617565145077
1244	4.405147394734355	5.2320766498293425
1244	4.405147394734355	14.158481471530688
1244	4.405147394734355	5.650746115789289
1244	4.405147394734355	6.2181444511890955
1244	4.405147394734355	7.678905516715332
1244	4.405147394734355	1.2867093620732333
1244	4.405147394734355	4.561614194056938
1244	4.405147394734355	3.436510052674644
1244	4.405147394734355	116.86034755398018
1244	4.405147394734355	20.355738955282444
1244	4.405147394734355	5.334639482902735
1244	4.405147394734355	8.974316544014533
1244	4.405147394734355	15.633744428289754
1244	4.405147394734355	3.4325715451121166
1244	4.405147394734355	67.14950466445809
1244	4.405147394734355	6.056315619913614
1244	4.405147394734355	7.778442745689195
1244	4.405147394734355	18.73300715937086
1244	4.405147394734355	2.9556738365727186
1244	4.405147394734355	1.8951249193697106
1244	4.405147394734355	5.210171231871443
1244	4.405147394734355	39.902943869580696
1244	4.405147394734355	31.036712458811525
1244	4.405147394734355	2.990942878740498
1244	4.405147394734355	38.43745232743194
1244	4.405147394734355	35.16744603146833
1244	4.405147394734355	3.7826865120249007
1244	4.405147394734355	7.120397437466467
1244	4.405147394734355	12.717386749473603
1244	4.405147394734355	1.567490643493036
1244	4.405147394734355	28.11080561188749
1244	4.405147394734355	5.464155836333458
1244	4.405147394734355	14.018766652332687
1244	4.405147394734355	6.498438928168951
1244	4.405147394734355	16.654249159605534
1244	4.405147394734355	34.5874095314924
1244	4.405147394734355	38.05903793729444
1244	4.405147394734355	6.091106296290229
1244	4.405147394734355	38.41101939095519
1244	4.405147394734355	6.356357379768276
1244	4.405147394734355	14.663768932750363
1244	4.405147394734355	7.215945734555003
1244	4.405147394734355	9.912141719607222
1244	4.405147394734355	6.208223247277578
1244	4.405147394734355	8.729587393066083
1244	4.405147394734355	60.837748435792115
1244	4.405147394734355	8.631586249436895
1244	4.405147394734355	6.791290859311942
1244	4.405147394734355	9.782287803732912
1244	4.405147394734355	9.79905830031201
1244	4.405147394734355	7.9149025444856935
1244	4.405147394734355	31.49465824006777
1244	4.405147394734355	5.797854704709412
1244	4.405147394734355	6.3167271187400065
1244	4.405147394734355	10.793024330149237
1244	4.405147394734355	17.774699684582586
1244	4.405147394734355	31.266139698582222
1244	4.405147394734355	29.433113781442245
1244	4.405147394734355	8.49085282177196
1244	4.405147394734355	35.14994500915663
1244	4.405147394734355	7.776884362449736
1244	4.405147394734355	5.0455831052578635
1244	4.405147394734355	18.907616331302645
1244	4.405147394734355	17.6233004461964
1244	4.405147394734355	1.142683575733085
1244	4.405147394734355	10.202179703210048
1244	4.405147394734355	23.07275690222858
1244	4.405147394734355	26.780677377118227
1244	4.405147394734355	5.583193851553027
1244	4.405147394734355	10.788506793546407
1244	4.405147394734355	2.512309855723472
1244	4.405147394734355	7.2184467583594465
1244	4.405147394734355	1.155489584911869
1244	4.405147394734355	5.561150375548999
1244	4.405147394734355	1.0493073511654623
1244	4.405147394734355	13.942942544440106
1244	4.405147394734355	8.168308058374365
1244	4.405147394734355	10.071615686350805
1244	4.405147394734355	19.401193342504495
1244	4.405147394734355	8.332069957045174
1244	4.405147394734355	12.519000386229015
1244	4.405147394734355	123.35956703019733
1244	4.405147394734355	5.327633434511829
1244	4.405147394734355	40.60196896759459
1244	4.405147394734355	6.163904966863512
1244	4.405147394734355	2.0581476984895235
1244	4.405147394734355	7.605947991152768
1244	4.405147394734355	93.67168278403686
1244	4.405147394734355	2.94807895834497
1244	4.405147394734355	1.719754668054319
1244	4.405147394734355	1.3174455160557896
1244	4.405147394734355	17.61267530419241
1244	4.405147394734355	34.16956423457617
1244	4.405147394734355	4.935032429118297
1244	4.405147394734355	17.22070710635671
1244	4.405147394734355	3.15467192694946
1244	4.405147394734355	71.78643649613046
1244	4.405147394734355	12.046213829703262
1244	4.405147394734355	10.91866801148168
1244	4.405147394734355	8.59348612764509
1244	4.405147394734355	14.076838523769224
1244	4.405147394734355	21.93398401389477
1244	4.405147394734355	14.133773075866984
1244	4.405147394734355	2.6440253605139
1244	4.405147394734355	0.8731991861310717
1244	4.405147394734355	42.42253006791768
1244	4.405147394734355	59.06414541140212
1244	4.405147394734355	15.260420994013984
1244	4.405147394734355	14.766360006124467
1244	4.405147394734355	22.71177820336827
1244	4.405147394734355	3.2421183106781193
1244	4.405147394734355	24.43365849666853
1244	4.405147394734355	5.537716454979752
1244	4.405147394734355	31.429033214269396
1244	4.405147394734355	2.269274880005979
1244	4.405147394734355	5.567377118619673
1244	4.405147394734355	19.35861740209133
1244	4.405147394734355	7.750153489818765
1244	4.405147394734355	17.953932752014655
1244	4.405147394734355	2.7833551915596333
1244	4.405147394734355	28.18251231222935
1244	4.405147394734355	7.0217656742395285
1244	4.405147394734355	66.50253143460206
1244	4.405147394734355	2.986802621174491
1244	4.405147394734355	1.6270239651260878
1244	4.405147394734355	25.820620577695614
1244	4.405147394734355	9.892336133539274
1244	4.405147394734355	13.822332454238282
1244	4.405147394734355	44.16231186893498
1244	4.405147394734355	27.75577354886502
1244	4.405147394734355	19.07085032849495
1244	4.405147394734355	44.364422036252904
1244	4.405147394734355	4.034538889189475
1244	4.405147394734355	9.365210155785698
1244	4.405147394734355	15.71220378242833
1244	4.405147394734355	15.739976391625818
1244	4.405147394734355	4.522680307107083
1244	4.405147394734355	1.450669471651239
1244	4.405147394734355	7.191686784356005
1244	4.405147394734355	15.230083943917125
1244	4.405147394734355	20.325038767284195
1244	4.405147394734355	8.633746204474134
1244	4.405147394734355	22.697783756242146
1244	4.405147394734355	8.031915140957409
1244	4.405147394734355	6.57726237232896
1244	4.405147394734355	19.22149229402549
1244	4.405147394734355	4.447641267748118
1244	4.405147394734355	21.979017613735614
1244	4.405147394734355	9.914734873682773
1244	4.405147394734355	41.65678251833438
1244	4.405147394734355	200.76811523874957
1244	4.405147394734355	14.175662940022194
1244	4.405147394734355	18.012324282630264
1244	4.405147394734355	7.121260376076322
1244	4.405147394734355	17.045154265292002
1244	4.405147394734355	11.464158217621709
1244	4.405147394734355	36.379031293754885
1244	4.405147394734355	54.96321742242782
1244	4.405147394734355	14.19049545778918
1244	4.405147394734355	4.751946883518199
1244	4.405147394734355	8.5673712392383
1244	4.405147394734355	28.159827365941883
1244	4.405147394734355	29.023414900868637
1244	4.405147394734355	12.924487841352704
1244	4.405147394734355	23.85270990758295
1244	4.405147394734355	208.0163291942385
1244	4.405147394734355	19.922881403752342
1244	4.405147394734355	45.01565657024329
1244	4.405147394734355	4.679325786750607
1244	4.405147394734355	25.41562970385568
1244	4.405147394734355	14.51802181919175
1244	4.405147394734355	39.34648572541909
1244	4.405147394734355	2.179133530962893
1244	4.405147394734355	10.377132921356292
1244	4.405147394734355	7.768196504725655
1244	4.405147394734355	18.744907655464544
1244	4.405147394734355	9.21797122136799
1244	4.405147394734355	2.7303347705810976
1244	4.405147394734355	31.74871611385676
1244	4.405147394734355	11.26042000602602
1244	4.405147394734355	13.538859059239192
1244	4.405147394734355	28.48088653351787
1244	4.405147394734355	7.843972750219347
1244	4.405147394734355	6.330413953042431
1244	4.405147394734355	70.78688829081823
1244	4.405147394734355	2.056262840195111
1244	4.405147394734355	10.893852468234678
1244	4.405147394734355	22.102584670291836
1244	4.405147394734355	4.011693103202997
1244	4.405147394734355	23.377854269472795
1244	4.405147394734355	5.154526120099223
1244	4.405147394734355	48.78221770749975
1244	4.405147394734355	70.32258557958528
1244	4.405147394734355	38.71605811002732
1244	4.405147394734355	14.441913983691043
1244	4.405147394734355	28.52563317032506
1244	4.405147394734355	33.71136813852956
1244	4.405147394734355	18.775525881590596
1244	4.405147394734355	3.0829752642317745
1244	4.405147394734355	7.963653132206843
1244	4.405147394734355	8.57338219147713
1244	4.405147394734355	14.712272618467091
1244	4.405147394734355	22.605668395664576
1244	4.405147394734355	7.831353158553702
1244	4.405147394734355	60.175312034798786
1244	4.405147394734355	35.034873772143385
1244	4.405147394734355	1.4671525678365007
1244	4.405147394734355	48.69927048207777
1244	4.405147394734355	3.817920691670055
1244	4.405147394734355	16.86048178879667
1244	4.405147394734355	2.443389482071899
1244	4.405147394734355	3.3296620905718024
1244	4.405147394734355	48.17363325980889
1244	4.405147394734355	92.78969182455606
1244	4.405147394734355	17.617686613337167
1244	4.405147394734355	4.68290971025436
1244	4.405147394734355	9.177625770762894
1244	4.405147394734355	9.75329669498041
1244	4.405147394734355	6.190736247434054
1244	4.405147394734355	3.0737960825241024
1244	4.405147394734355	9.172959726222627
1244	4.405147394734355	12.02567886829468
1244	4.405147394734355	15.516320526558339
1244	4.405147394734355	23.99976470310735
1244	4.405147394734355	3.7379805804872506
1244	4.405147394734355	2.8666572124034317
1244	4.405147394734355	13.711831105492973
1244	4.405147394734355	4.076809389080244
1244	4.405147394734355	25.748158967722123
1244	4.405147394734355	3.813325859149274
1244	4.405147394734355	27.457034728019963
1244	4.405147394734355	24.68791054006594
1244	4.405147394734355	62.535400563871875
1244	4.405147394734355	22.692543114608867
1244	4.405147394734355	5.829994640076659
1244	4.405147394734355	4.965741494041394
1244	4.405147394734355	22.58243859164024
1244	4.405147394734355	14.358071093255088
1244	4.405147394734355	10.730339232099748
1244	4.405147394734355	34.70539550611927
1244	4.405147394734355	7.363735445020045
1244	4.405147394734355	15.817512188504704
1244	4.405147394734355	14.856198890543507
1244	4.405147394734355	10.822670957872276
1244	4.405147394734355	9.07466384242413
1244	4.405147394734355	71.57648423306206
1244	4.405147394734355	9.159886449561325
1244	4.405147394734355	6.725926709238507
1244	4.405147394734355	6.163989865934015
1244	4.405147394734355	9.492517290882965
1244	4.405147394734355	6.002696406301383
1244	4.405147394734355	19.80167071097873
1244	4.405147394734355	34.02273624926871
1244	4.405147394734355	10.000131367189367
1244	4.405147394734355	4.497534198017055
1244	4.405147394734355	2.197523605361663
1244	4.405147394734355	38.00586859591069
1244	4.405147394734355	21.244845692402265
1244	4.405147394734355	22.956600804389435
1244	4.405147394734355	5.419810905134502
1244	4.405147394734355	6.107753953300443
1244	4.405147394734355	8.583276837473884
1244	4.405147394734355	10.892391751269798
1244	4.405147394734355	5.442839956987296
1244	4.405147394734355	22.72255532199431
1244	4.405147394734355	6.310580016688442
1244	4.405147394734355	55.00222041581668
1244	4.405147394734355	12.02896911378181
1244	4.405147394734355	6.759631482941916
1244	4.405147394734355	6.133132255122398
1244	4.405147394734355	5.421042540504147
1244	4.405147394734355	12.247807052662917
1244	4.405147394734355	19.67153787567267
1244	4.405147394734355	14.599785286478122
1244	4.405147394734355	8.59042329634441
1244	4.405147394734355	18.786555407484094
1244	4.405147394734355	19.014802578272633
1244	4.405147394734355	10.312563881947355
1244	4.405147394734355	46.25157221222142
1244	4.405147394734355	15.14844820571936
1244	4.405147394734355	14.64137299565635
1244	4.405147394734355	20.006499256249676
1244	4.405147394734355	2.5988277768739403
1244	4.405147394734355	67.3726818328415
1244	4.405147394734355	5.075191867744828
1244	4.405147394734355	49.00477316455885
1244	4.405147394734355	74.02167980095315
1244	4.405147394734355	5.732128814565704
1244	4.405147394734355	13.59690169252848
1244	4.405147394734355	7.819051694764276
1244	4.405147394734355	37.06000821744039
1244	4.405147394734355	3.4804802474167187
1244	4.405147394734355	4.802615068739275
1244	4.405147394734355	47.580641518629015
1244	4.405147394734355	12.247172877596942
1244	4.405147394734355	2.2811102825107716
1244	4.405147394734355	7.4640969208029375
1244	4.405147394734355	16.484505627597077
1244	4.405147394734355	5.0090198952339255
1244	4.405147394734355	4.022740107082662
1244	4.405147394734355	53.95186187994855
1244	4.405147394734355	2.6758600049895533
1244	4.405147394734355	8.296727248468388
1244	4.405147394734355	35.067186389727915
1244	4.405147394734355	86.24454860918628
1244	4.405147394734355	3.2793909955934755
1244	4.405147394734355	6.888346624576008
1244	4.405147394734355	5.163679094460612
1244	4.405147394734355	13.637779370790376
1244	4.405147394734355	5.424443964089472
1244	4.405147394734355	66.40022749465543
1244	4.405147394734355	29.023696756425057
1244	4.405147394734355	9.77359610411719
1244	4.405147394734355	12.496004370684176
1244	4.405147394734355	20.916180709643406
1244	4.405147394734355	18.248753325270958
1244	4.405147394734355	8.091883762804493
1244	4.405147394734355	4.044901599153924
1244	4.405147394734355	6.221764784058861
1244	4.405147394734355	13.041571977985564
1244	4.405147394734355	11.277072908650679
1244	4.405147394734355	17.2311842090538
1244	4.405147394734355	10.378229160967559
1244	4.405147394734355	22.149038500365872
1244	4.405147394734355	1.9157407179655392
1244	4.405147394734355	6.646863539523955
1244	4.405147394734355	13.28816684842156
1244	4.405147394734355	5.862064823131849
1244	4.405147394734355	23.173131973469705
1244	4.405147394734355	16.45654344104811
1244	4.405147394734355	3.488582360594945
1244	4.405147394734355	1.4889606755048672
1244	4.405147394734355	8.759294894317591
1244	4.405147394734355	12.692373789658383
1244	4.405147394734355	6.011308665299318
1244	4.405147394734355	21.06285290660833
1244	4.405147394734355	13.284546844656735
1244	4.405147394734355	8.898528092330217
1244	4.405147394734355	20.60586325190699
1244	4.405147394734355	59.43599566041404
1244	4.405147394734355	24.713012786998906
1244	4.405147394734355	13.135992919668848
1244	4.405147394734355	13.265551687587088
1244	4.405147394734355	4.425799138722903
1244	4.405147394734355	16.609187282682214
1244	4.405147394734355	15.808428467508088
1244	4.405147394734355	10.336904632782181
1244	4.405147394734355	10.060489290737769
1244	4.405147394734355	64.38863219408958
1244	4.405147394734355	4.660111636060529
1244	4.405147394734355	16.464708239982823
1244	4.405147394734355	5.008720947564666
1244	4.405147394734355	5.617400951137832
1244	4.405147394734355	51.3889791258252
1244	4.405147394734355	7.793728404543534
1244	4.405147394734355	6.073823960491708
1244	4.405147394734355	35.366115352407945
1244	4.405147394734355	5.059026719145883
1244	4.405147394734355	17.11325173111484
1244	4.405147394734355	16.46118035420208
1244	4.405147394734355	24.43402569507045
1244	4.405147394734355	15.966163869354908
1244	4.405147394734355	19.965304390065967
1244	4.405147394734355	2.7322790133336294
1244	4.405147394734355	24.884355147049433
1244	4.405147394734355	65.5877408236691
1244	4.405147394734355	3.821458020443126
1244	4.405147394734355	19.147543459830615
1244	4.405147394734355	26.037792330232218
1244	4.405147394734355	10.639062292323507
1244	4.405147394734355	48.35978707233476
1244	4.405147394734355	2.663379368911193
1244	4.405147394734355	9.55380349737816
1244	4.405147394734355	11.987706611495623
1244	4.405147394734355	4.788927806736722
1244	4.405147394734355	7.463166093029858
1244	4.405147394734355	100.09688624122548
1244	4.405147394734355	61.67457303609556
1244	4.405147394734355	8.250827013710756
1244	4.405147394734355	8.016209503441214
1244	4.405147394734355	19.01270872035
1244	4.405147394734355	17.155216357658947
1244	4.405147394734355	5.389676406577331
1244	4.405147394734355	33.15423325674398
1244	4.405147394734355	3.680809791556222
1244	4.405147394734355	27.766906897685242
1244	4.405147394734355	22.52182247624448
1244	4.405147394734355	18.053558675094113
1244	4.405147394734355	6.78662403213161
1244	4.405147394734355	9.75386666183274
1244	4.405147394734355	91.78197296734639
1244	4.405147394734355	29.06184890386136
1244	4.405147394734355	21.037130335978333
1244	4.405147394734355	17.401028524429027
1244	4.405147394734355	40.081449657026184
1244	4.405147394734355	24.87760589493107
1244	4.405147394734355	19.562260296177904
1244	4.405147394734355	2.1352406470098235
1244	4.405147394734355	276.136595362273
1244	4.405147394734355	5.279280833838618
1244	4.405147394734355	110.97911790649607
1244	4.405147394734355	28.67470834584173
1244	4.405147394734355	7.962132012074011
1244	4.405147394734355	4.5362577044412
1244	4.405147394734355	51.412567643557104
1244	4.405147394734355	5.258704821747672
1244	4.405147394734355	10.21777551968956
1244	4.405147394734355	33.61229426562837
1244	4.405147394734355	3.605208230279505
1244	4.405147394734355	13.154716005738392
1244	4.405147394734355	61.56751602044239
1244	4.405147394734355	6.116881749744066
1244	4.405147394734355	25.939303434217816
1244	4.405147394734355	9.45287078392104
1244	4.405147394734355	1.9792010505186777
1244	4.405147394734355	10.94891524346026
1244	4.405147394734355	26.602687799829166
1244	4.405147394734355	5.733127044778344
1244	4.405147394734355	25.634317559671253
1244	4.405147394734355	11.730035219491235
1244	4.405147394734355	22.65616854816591
1244	4.405147394734355	45.696934460449754
1244	4.405147394734355	7.483632494875343
1244	4.405147394734355	9.906727922213792
1244	4.405147394734355	15.973532567882677
1244	4.405147394734355	14.932931037081962
