95	5.367662595607297	19.56725679857669
95	5.367662595607297	10.243018196526114
95	5.367662595607297	43.69371277939643
95	5.367662595607297	16.508438356735688
95	5.367662595607297	70.0265698235472
95	5.367662595607297	5.5914372892643
95	5.367662595607297	19.413556367329907
95	5.367662595607297	42.499553987996734
95	5.367662595607297	12.590120065919242
95	5.367662595607297	18.01890634341652
95	5.367662595607297	84.46105104408132
95	5.367662595607297	9.173510373486037
95	5.367662595607297	5.052087781223769
95	5.367662595607297	12.741235787511906
95	5.367662595607297	32.414502825376694
95	5.367662595607297	21.520276284561458
95	5.367662595607297	15.764431215452209
95	5.367662595607297	22.674311072966916
95	5.367662595607297	26.564422275082837
95	5.367662595607297	8.259472028238292
95	5.367662595607297	52.65876719513302
95	5.367662595607297	9.843956649423793
95	5.367662595607297	13.22584144114818
95	5.367662595607297	5.195211479039502
95	5.367662595607297	21.018121879290124
95	5.367662595607297	24.882344058690297
95	5.367662595607297	7.074540088124855
95	5.367662595607297	7.728456553655555
95	5.367662595607297	3.305186651375257
95	5.367662595607297	99.37850206486233
95	5.367662595607297	9.793976863960541
95	5.367662595607297	19.9554520159977
95	5.367662595607297	32.146083452146954
95	5.367662595607297	4.634700425407218
95	5.367662595607297	32.9717153466885
95	5.367662595607297	28.353288215243275
95	5.367662595607297	12.801524044650563
95	5.367662595607297	4.781551401162058
95	5.367662595607297	37.9196305134889
95	5.367662595607297	39.58803950944833
95	5.367662595607297	15.117353034545568
95	5.367662595607297	60.140304395974226
95	5.367662595607297	4.053827074361898
95	5.367662595607297	30.410467214941587
95	5.367662595607297	7.5505712134430505
95	5.367662595607297	21.66491117402559
95	5.367662595607297	19.07365733313149
95	5.367662595607297	23.397111317025953
95	5.367662595607297	16.006540529903027
95	5.367662595607297	69.7250707798975
95	5.367662595607297	25.861974582215762
95	5.367662595607297	10.652500470377252
95	5.367662595607297	54.19255578512998
95	5.367662595607297	30.136614705931663
95	5.367662595607297	10.61437789042837
95	5.367662595607297	22.287450471196973
95	5.367662595607297	3.703944224124974
95	5.367662595607297	2.5984329526617245
95	5.367662595607297	9.627464053539537
95	5.367662595607297	27.310547352798416
95	5.367662595607297	7.762674483677743
95	5.367662595607297	74.36613763516719
95	5.367662595607297	11.107679728190007
95	5.367662595607297	26.091408884224347
95	5.367662595607297	3.1382913722312376
95	5.367662595607297	16.8386799163566
95	5.367662595607297	126.50977680957855
95	5.367662595607297	21.39005622930616
95	5.367662595607297	51.60887809804018
95	5.367662595607297	10.05775705912899
95	5.367662595607297	9.37371159174006
95	5.367662595607297	16.009517736665334
95	5.367662595607297	16.22582572583522
95	5.367662595607297	149.68998030084248
95	5.367662595607297	17.50891745960759
95	5.367662595607297	7.835980396668003
95	5.367662595607297	37.98732801636983
95	5.367662595607297	11.477629073688894
95	5.367662595607297	14.585937947783579
95	5.367662595607297	44.82062659427303
95	5.367662595607297	45.09130713136777
95	5.367662595607297	17.452655582005523
95	5.367662595607297	22.38705100690056
95	5.367662595607297	50.81788199346517
95	5.367662595607297	12.336797398144455
95	5.367662595607297	5.4038183292644115
95	5.367662595607297	11.007088722411018
95	5.367662595607297	25.360079034520812
95	5.367662595607297	12.590870343164832
95	5.367662595607297	4.999246592296243
95	5.367662595607297	9.364574870275748
95	5.367662595607297	39.234352279135415
95	5.367662595607297	21.46021553562406
95	5.367662595607297	89.58255384501486
95	5.367662595607297	5.938504756481002
