30	14.929886487129345	84.80427708800491
30	14.929886487129345	61.397417306790835
30	14.929886487129345	34.825004214614026
30	14.929886487129345	9.308355985773842
30	14.929886487129345	35.86608601422714
30	14.929886487129345	63.4089244516525
30	14.929886487129345	10.978748367620174
30	14.929886487129345	7.556623749388707
30	14.929886487129345	9.245607223253728
30	14.929886487129345	61.57038357723797
30	14.929886487129345	148.56343821232545
30	14.929886487129345	96.89721303563508
30	14.929886487129345	6.337162724680643
30	14.929886487129345	81.59932373496055
30	14.929886487129345	12.234917260196486
30	14.929886487129345	20.708224847386067
30	14.929886487129345	8.451582016150134
30	14.929886487129345	13.479662395026693
30	14.929886487129345	22.537920939208632
30	14.929886487129345	8.714196620004495
30	14.929886487129345	47.34102765774855
30	14.929886487129345	267.21735083498777
30	14.929886487129345	44.33988041292448
30	14.929886487129345	36.35881105972283
30	14.929886487129345	53.759542633126635
30	14.929886487129345	88.01558898033086
30	14.929886487129345	3.975171389207916
30	14.929886487129345	12.477483833320765
30	14.929886487129345	18.62371278206176
30	14.929886487129345	265.71623955045357
