15	4.9641747386928765	16.71961943852255
15	4.9641747386928765	20.946669061974106
15	4.9641747386928765	24.1442744656413
15	4.9641747386928765	27.658223974210575
15	4.9641747386928765	15.163808420034076
15	4.9641747386928765	100.56464693042014
15	4.9641747386928765	14.544150889286295
15	4.9641747386928765	7.113113079108563
15	4.9641747386928765	20.537776398688948
15	4.9641747386928765	9.86318852133175
15	4.9641747386928765	8.592961722834987
15	4.9641747386928765	45.85626242092804
15	4.9641747386928765	5.527302176902844
15	4.9641747386928765	21.50069933866297
15	4.9641747386928765	36.20932453034944
