43	2.815943927031372	0.8059777353060892
43	2.815943927031372	1.8514059202756117
43	2.815943927031372	3.972095629344756
43	2.815943927031372	1.8850147984462395
43	2.815943927031372	36.581224632187094
43	2.815943927031372	15.767870789312882
43	2.815943927031372	13.330974633939848
43	2.815943927031372	0.975952913366845
43	2.815943927031372	0.8091902767601149
43	2.815943927031372	100.56097070327036
43	2.815943927031372	22.145575346011114
43	2.815943927031372	2.4934641730011506
43	2.815943927031372	2.469704862532833
43	2.815943927031372	5.259802609806062
43	2.815943927031372	32.874415601772775
43	2.815943927031372	6.283198485575203
43	2.815943927031372	8.395877499002253
43	2.815943927031372	9.157085716974194
43	2.815943927031372	15.959620020464104
43	2.815943927031372	8.122726104046281
43	2.815943927031372	7.4682815115164844
43	2.815943927031372	3.5681370738047336
43	2.815943927031372	31.09545277870002
43	2.815943927031372	5.557208484070362
43	2.815943927031372	8.581664082696479
43	2.815943927031372	8.723443662069748
43	2.815943927031372	17.206463130887677
43	2.815943927031372	4.778830991418028
43	2.815943927031372	31.717697564799504
43	2.815943927031372	7.869290610586278
43	2.815943927031372	7.485449286969758
43	2.815943927031372	3.150141952188368
43	2.815943927031372	3.3568694211641708
43	2.815943927031372	2.063314353580326
43	2.815943927031372	31.35817617897408
43	2.815943927031372	3.7114733051800592
43	2.815943927031372	24.043448684685814
43	2.815943927031372	7.218402890133983
43	2.815943927031372	4.986013799603707
43	2.815943927031372	0.6980952286338485
43	2.815943927031372	4.267700516015245
43	2.815943927031372	4.97020796157088
43	2.815943927031372	4.428256294532546
