73	6.1206142227589275	5.219101946364915
73	6.1206142227589275	54.54258295595235
73	6.1206142227589275	62.58866799573315
73	6.1206142227589275	41.75837982121926
73	6.1206142227589275	8.946872222530965
73	6.1206142227589275	6.2555621783812025
73	6.1206142227589275	2.7837765962371153
73	6.1206142227589275	84.03600258103559
73	6.1206142227589275	26.350663613505407
73	6.1206142227589275	21.005813031162127
73	6.1206142227589275	13.164439921918436
73	6.1206142227589275	13.071997761335991
73	6.1206142227589275	54.70703536293824
73	6.1206142227589275	8.296235729879648
73	6.1206142227589275	12.325644143856803
73	6.1206142227589275	39.32337556288985
73	6.1206142227589275	11.228275195691173
73	6.1206142227589275	31.668945754488657
73	6.1206142227589275	7.649425774912456
73	6.1206142227589275	4.70523269032141
73	6.1206142227589275	34.67909096616156
73	6.1206142227589275	7.247997872167619
73	6.1206142227589275	13.808466547014854
73	6.1206142227589275	5.334659174698461
73	6.1206142227589275	24.436985556490495
73	6.1206142227589275	9.19277846060036
73	6.1206142227589275	28.774773855873306
73	6.1206142227589275	17.051513198748086
73	6.1206142227589275	10.967207993281765
73	6.1206142227589275	18.117956595128963
73	6.1206142227589275	28.105663650713662
73	6.1206142227589275	2.7877138422481496
73	6.1206142227589275	11.010027050639705
73	6.1206142227589275	10.309428723129018
73	6.1206142227589275	12.48948289244701
73	6.1206142227589275	41.88195188597953
73	6.1206142227589275	16.065873148616138
73	6.1206142227589275	12.37219725764292
73	6.1206142227589275	68.32398375011822
73	6.1206142227589275	10.180920239530066
73	6.1206142227589275	40.36998300989619
73	6.1206142227589275	18.132434156148516
73	6.1206142227589275	4.970576920120204
73	6.1206142227589275	34.63919181532374
73	6.1206142227589275	11.898768529351663
73	6.1206142227589275	34.04040667742705
73	6.1206142227589275	8.317410609043865
73	6.1206142227589275	7.934785798402962
73	6.1206142227589275	42.31595129038754
73	6.1206142227589275	10.344767145707376
73	6.1206142227589275	22.131596937940888
73	6.1206142227589275	11.680955581276763
73	6.1206142227589275	6.843028908791201
73	6.1206142227589275	3.9158551254791356
73	6.1206142227589275	26.103756825434985
73	6.1206142227589275	15.03317811329181
73	6.1206142227589275	7.391163837610025
73	6.1206142227589275	4.306163893677695
73	6.1206142227589275	29.834236867577292
73	6.1206142227589275	36.643301238677616
73	6.1206142227589275	13.511910989607216
73	6.1206142227589275	4.763012904748978
73	6.1206142227589275	1.49812778093726
73	6.1206142227589275	40.8425297105223
73	6.1206142227589275	4.78605524576206
73	6.1206142227589275	5.100515808767236
73	6.1206142227589275	33.83094329181573
73	6.1206142227589275	13.190470004076195
73	6.1206142227589275	124.21082186685913
73	6.1206142227589275	22.796778588054245
73	6.1206142227589275	27.327871240955464
73	6.1206142227589275	7.639031978679279
73	6.1206142227589275	33.90880027780034
