34	7.997886973526713	9.861800782502097
34	7.997886973526713	20.031787641079195
34	7.997886973526713	25.541656348128168
34	7.997886973526713	3.1304073248651854
34	7.997886973526713	16.599773384759246
34	7.997886973526713	2.045935917065741
34	7.997886973526713	135.7953873413638
34	7.997886973526713	11.550411716344502
34	7.997886973526713	21.971139200477083
34	7.997886973526713	11.368226126424121
34	7.997886973526713	17.672858508302237
34	7.997886973526713	28.84072924441392
34	7.997886973526713	9.152517104777841
34	7.997886973526713	56.511251867298455
34	7.997886973526713	13.674682755319168
34	7.997886973526713	5.849974102486288
34	7.997886973526713	19.41757189769195
34	7.997886973526713	7.097314699975394
34	7.997886973526713	9.886911630698705
34	7.997886973526713	15.101872888941589
34	7.997886973526713	95.85273410640747
34	7.997886973526713	100.16390133250299
34	7.997886973526713	94.04738391314469
34	7.997886973526713	27.732427094177044
34	7.997886973526713	9.867652740193105
34	7.997886973526713	45.56124486197952
34	7.997886973526713	21.20952939070684
34	7.997886973526713	4.255904686912517
34	7.997886973526713	6.070576712175574
34	7.997886973526713	7.877478432456761
34	7.997886973526713	38.07748063523815
34	7.997886973526713	23.822594935710555
34	7.997886973526713	11.701441363045696
34	7.997886973526713	66.96783882125123
