26	352805571.836	3.58171725015e+12
26	352805571.836	376749347933.0
26	352805571.836	10622444479.9
26	352805571.836	351534005013.0
26	352805571.836	36697852610.5
26	352805571.836	217583167381.0
26	352805571.836	37304027585.4
26	352805571.836	23026782921.0
26	352805571.836	8.68549516775e+12
26	352805571.836	5920004689.31
26	352805571.836	53297795288.2
26	352805571.836	34905348542.2
26	352805571.836	179997289129.0
26	352805571.836	475576951200.0
26	352805571.836	249129441863.0
26	352805571.836	1.81441717935e+13
26	352805571.836	23896551337.2
26	352805571.836	255696086235.0
26	352805571.836	129454761284.0
26	352805571.836	1.48134427e+12
26	352805571.836	148973893398.0
26	352805571.836	3.75463338434e+12
26	352805571.836	16307945064.7
26	352805571.836	157768246275.0
26	352805571.836	528747520503.0
26	352805571.836	56316611351.7
