59	71.33110698628778	655.0764686652319
59	71.33110698628778	81.98534773087127
59	71.33110698628778	266.86134808811954
59	71.33110698628778	259.4209016887605
59	71.33110698628778	139.3100643576061
59	71.33110698628778	109.25590103086313
59	71.33110698628778	310.5891231885713
59	71.33110698628778	872.5713455141943
59	71.33110698628778	110.17597778915503
59	71.33110698628778	125.18138299289497
59	71.33110698628778	116.40899408286833
59	71.33110698628778	49.02771289852549
59	71.33110698628778	240.79724467869028
59	71.33110698628778	109.9353546436911
59	71.33110698628778	384.768356549892
59	71.33110698628778	326.469720868936
59	71.33110698628778	616.1622897328252
59	71.33110698628778	82.386263613865
59	71.33110698628778	139.43579162930484
59	71.33110698628778	709.2081695925286
59	71.33110698628778	298.82031105375233
59	71.33110698628778	283.782440969846
59	71.33110698628778	797.632643601213
59	71.33110698628778	137.7005408793165
59	71.33110698628778	115.32585307253837
59	71.33110698628778	1362.6955257814373
59	71.33110698628778	245.7154115449578
59	71.33110698628778	64.01402595318984
59	71.33110698628778	202.58266499075432
59	71.33110698628778	47.20623611296222
59	71.33110698628778	55.64438836263595
59	71.33110698628778	450.5488662948499
59	71.33110698628778	71.12219108005573
59	71.33110698628778	2348.583825779077
59	71.33110698628778	439.33260458320643
59	71.33110698628778	1279.4786166359593
59	71.33110698628778	108.57768263129506
59	71.33110698628778	283.1079005710279
59	71.33110698628778	227.73193461380194
59	71.33110698628778	91.47072225959886
59	71.33110698628778	515.1125757743504
59	71.33110698628778	100.39056992549814
59	71.33110698628778	245.08755790751303
59	71.33110698628778	451.42210229737594
59	71.33110698628778	67.99701118243298
59	71.33110698628778	79.45167666716081
59	71.33110698628778	167.5754337497216
59	71.33110698628778	49.184365466718326
59	71.33110698628778	122.57830568589775
59	71.33110698628778	151.931875608441
59	71.33110698628778	648.0845704513438
59	71.33110698628778	315.62665018184026
59	71.33110698628778	591.6979233368962
59	71.33110698628778	115.65990041900145
59	71.33110698628778	96.64724526843592
59	71.33110698628778	117.44125689734189
59	71.33110698628778	61.99179873857692
59	71.33110698628778	158.4716623620791
59	71.33110698628778	234.55209277074377
