66	10.605381364541872	56.91358485305497
66	10.605381364541872	64.97230970379735
66	10.605381364541872	7.7051999458848615
66	10.605381364541872	12.45739134601609
66	10.605381364541872	96.3026637352222
66	10.605381364541872	204.37903758600802
66	10.605381364541872	28.564248598499013
66	10.605381364541872	96.41655835040572
66	10.605381364541872	38.36875488620551
66	10.605381364541872	158.19079946611188
66	10.605381364541872	7.349149767406985
66	10.605381364541872	82.67616434366813
66	10.605381364541872	25.02720442542707
66	10.605381364541872	15.599591203191585
66	10.605381364541872	5.202698184536429
66	10.605381364541872	60.83068854162269
66	10.605381364541872	2.0185304020246426
66	10.605381364541872	5.602547951742361
66	10.605381364541872	63.858900160432405
66	10.605381364541872	11.969938436818738
66	10.605381364541872	78.95921260015106
66	10.605381364541872	27.976393268994904
66	10.605381364541872	49.37399117607484
66	10.605381364541872	21.659273041466662
66	10.605381364541872	39.00813606549662
66	10.605381364541872	76.69226706559049
66	10.605381364541872	3.7268587153074617
66	10.605381364541872	11.194487829551402
66	10.605381364541872	6.040692939843955
66	10.605381364541872	16.218029202861185
66	10.605381364541872	111.66363501947386
66	10.605381364541872	47.53484258415082
66	10.605381364541872	11.76008785845785
66	10.605381364541872	19.216029505231244
66	10.605381364541872	33.31862312992063
66	10.605381364541872	34.22952675150981
66	10.605381364541872	99.35457241871663
66	10.605381364541872	61.41683553605581
66	10.605381364541872	37.560924770669274
66	10.605381364541872	12.25313583089963
66	10.605381364541872	8.288079050218048
66	10.605381364541872	3.87445406204531
66	10.605381364541872	35.193725438047224
66	10.605381364541872	16.25452610213728
66	10.605381364541872	6.275050103738111
66	10.605381364541872	87.47842079015126
66	10.605381364541872	14.801411615629975
66	10.605381364541872	33.82520772152379
66	10.605381364541872	17.095180440734595
66	10.605381364541872	17.85757174468908
66	10.605381364541872	70.798876413469
66	10.605381364541872	2.6154800083692473
66	10.605381364541872	34.23450764129349
66	10.605381364541872	27.798271411864196
66	10.605381364541872	22.78005620672883
66	10.605381364541872	14.924128805031424
66	10.605381364541872	20.42612561054457
66	10.605381364541872	14.0328493903506
66	10.605381364541872	23.82189950808566
66	10.605381364541872	4.870933613107419
66	10.605381364541872	56.604297239788686
66	10.605381364541872	34.22241347332096
66	10.605381364541872	15.526729972554168
66	10.605381364541872	11.380546375007146
66	10.605381364541872	25.329114644456556
66	10.605381364541872	250.8302247937846
