26	56.11066481417629	158.65949450738566
26	56.11066481417629	478.3183913627761
26	56.11066481417629	201.13019546315098
26	56.11066481417629	159.53997834462947
26	56.11066481417629	536.568194740402
26	56.11066481417629	671.4951654128678
26	56.11066481417629	207.49425516513762
26	56.11066481417629	202.37375325331774
26	56.11066481417629	612.9808772043668
26	56.11066481417629	272.21189069926896
26	56.11066481417629	116.28207076427182
26	56.11066481417629	180.65657416267945
26	56.11066481417629	77.81418920992162
26	56.11066481417629	248.85987117020431
26	56.11066481417629	184.90856334006565
26	56.11066481417629	181.99230794197834
26	56.11066481417629	944.6228221599418
26	56.11066481417629	258.10152455898316
26	56.11066481417629	45.73048830735468
26	56.11066481417629	183.1424702406246
26	56.11066481417629	247.76459437421425
26	56.11066481417629	19.21361151740473
26	56.11066481417629	158.74294844720498
26	56.11066481417629	1511.0405478620542
26	56.11066481417629	31.700720866174763
26	56.11066481417629	61.48470827561816
