19	13.581879289698378	16.283460072378535
19	13.581879289698378	20.72054142211945
19	13.581879289698378	87.3145431802363
19	13.581879289698378	121.64342389874302
19	13.581879289698378	81.09540367370873
19	13.581879289698378	33.46412900527984
19	13.581879289698378	76.06815701993263
19	13.581879289698378	25.244130147262602
19	13.581879289698378	42.537471483981605
19	13.581879289698378	21.130585428143377
19	13.581879289698378	8.858342539490796
19	13.581879289698378	13.064048653878043
19	13.581879289698378	8.508807927641662
19	13.581879289698378	45.40599695393482
19	13.581879289698378	66.26289458687481
19	13.581879289698378	209.20347530949664
19	13.581879289698378	28.993185557677226
19	13.581879289698378	3.601647571924405
19	13.581879289698378	18.124342448229402
