39	1.0623067869250262	1.1082427550708245
39	1.0623067869250262	16.514558800552958
39	1.0623067869250262	2.238548896786988
39	1.0623067869250262	1.8102669581665196
39	1.0623067869250262	11.220070966599101
39	1.0623067869250262	2.080122155565008
39	1.0623067869250262	28.92954128938526
39	1.0623067869250262	9.746423017307917
39	1.0623067869250262	28.921486158153847
39	1.0623067869250262	1.2882386283489975
39	1.0623067869250262	5.7486060924420075
39	1.0623067869250262	1.1715563288498398
39	1.0623067869250262	6.830849347571812
39	1.0623067869250262	3.375730100912031
39	1.0623067869250262	3.6543946053054994
39	1.0623067869250262	0.5398367625693266
39	1.0623067869250262	0.9700520755005331
39	1.0623067869250262	1.2803119643899608
39	1.0623067869250262	1.299895832033293
39	1.0623067869250262	0.2915233491848488
39	1.0623067869250262	4.908410307802469
39	1.0623067869250262	1.1132404507900493
39	1.0623067869250262	1.6895533019406175
39	1.0623067869250262	26.57346111020159
39	1.0623067869250262	1.6319614601345218
39	1.0623067869250262	2.7721975366318015
39	1.0623067869250262	0.4206998942945293
39	1.0623067869250262	70.28294955865726
39	1.0623067869250262	2.8030947224468186
39	1.0623067869250262	1.8433379897645896
39	1.0623067869250262	8.066081605378642
39	1.0623067869250262	4.475124074134318
39	1.0623067869250262	0.2239470907132396
39	1.0623067869250262	3.306068441038963
39	1.0623067869250262	0.5843556798149921
39	1.0623067869250262	2.121183784913034
39	1.0623067869250262	0.818169334988967
39	1.0623067869250262	2.167838135641916
39	1.0623067869250262	2.9905460713953866
