65	5.010663073308929	10.735498957427358
65	5.010663073308929	57.7909271112925
65	5.010663073308929	1.505554215443233
65	5.010663073308929	35.20774731613919
65	5.010663073308929	14.58231011441305
65	5.010663073308929	13.413475500474812
65	5.010663073308929	50.51943515032056
65	5.010663073308929	13.767117314170578
65	5.010663073308929	5.334050382633749
65	5.010663073308929	34.63764889098662
65	5.010663073308929	95.42510897324478
65	5.010663073308929	7.113715742956192
65	5.010663073308929	79.1404034818297
65	5.010663073308929	8.298230236560732
65	5.010663073308929	21.22905976629361
65	5.010663073308929	46.63588922385098
65	5.010663073308929	34.735565334986376
65	5.010663073308929	80.23949738493774
65	5.010663073308929	9.084280957567884
65	5.010663073308929	13.773648274081236
65	5.010663073308929	50.61065938231397
65	5.010663073308929	5.7244099042521555
65	5.010663073308929	33.7678865792175
65	5.010663073308929	16.410131939945927
65	5.010663073308929	25.54724805291929
65	5.010663073308929	4.24459363512189
65	5.010663073308929	39.79247755388403
65	5.010663073308929	15.176663171576878
65	5.010663073308929	11.494197516536978
65	5.010663073308929	25.116157689402794
65	5.010663073308929	6.292796524520269
65	5.010663073308929	155.8198465771393
65	5.010663073308929	62.21862655910158
65	5.010663073308929	0.8981173518624943
65	5.010663073308929	23.083049020759002
65	5.010663073308929	28.09221571166039
65	5.010663073308929	20.36181181858465
65	5.010663073308929	22.350059403301305
65	5.010663073308929	16.3950058484064
65	5.010663073308929	9.750835489874987
65	5.010663073308929	24.37484081835038
65	5.010663073308929	1.818197093003464
65	5.010663073308929	6.176940356149719
65	5.010663073308929	30.374348276174103
65	5.010663073308929	8.157209104009649
65	5.010663073308929	22.83538281559983
65	5.010663073308929	6.102727334305054
65	5.010663073308929	22.378152209964625
65	5.010663073308929	19.95231913146987
65	5.010663073308929	13.365876383403045
65	5.010663073308929	14.35981227708455
65	5.010663073308929	5.744688697054688
65	5.010663073308929	6.605128533426374
65	5.010663073308929	30.684930864974877
65	5.010663073308929	10.075512030414018
65	5.010663073308929	1.663369230077983
65	5.010663073308929	14.06733265782822
65	5.010663073308929	81.37095067015575
65	5.010663073308929	19.910075377206866
65	5.010663073308929	26.195428447238758
65	5.010663073308929	5.461510160611104
65	5.010663073308929	35.20803942823743
65	5.010663073308929	2.7780641366768557
65	5.010663073308929	9.427346889065896
65	5.010663073308929	7.0783225817860655
