42	31.60069039141422	106.77101995583288
42	31.60069039141422	132.22961006262165
42	31.60069039141422	163.08264687973892
42	31.60069039141422	20.475455071660996
42	31.60069039141422	53.48619099256106
42	31.60069039141422	9.57869592763551
42	31.60069039141422	384.7657663240057
42	31.60069039141422	121.11247647909833
42	31.60069039141422	91.62610024279658
42	31.60069039141422	46.694851044875385
42	31.60069039141422	144.74592279973098
42	31.60069039141422	92.2876877433518
42	31.60069039141422	35.090229457471345
42	31.60069039141422	130.17813554100564
42	31.60069039141422	170.36948117715377
42	31.60069039141422	15.106238559931482
42	31.60069039141422	70.33094558090892
42	31.60069039141422	105.36484782903227
42	31.60069039141422	104.43330252149207
42	31.60069039141422	593.5223849969036
42	31.60069039141422	200.838731452456
42	31.60069039141422	49.74435587483333
42	31.60069039141422	225.13631935252621
42	31.60069039141422	102.44830715000457
42	31.60069039141422	266.5309321394772
42	31.60069039141422	92.35017925757172
42	31.60069039141422	38.859124501802256
42	31.60069039141422	171.2344163944289
42	31.60069039141422	84.16201643507551
42	31.60069039141422	72.27453944065782
42	31.60069039141422	63.165464404092575
42	31.60069039141422	58.58478495794542
42	31.60069039141422	7.859842056191014
42	31.60069039141422	49.35996531533472
42	31.60069039141422	253.18583391666238
42	31.60069039141422	43.575564616062294
42	31.60069039141422	257.4550630565677
42	31.60069039141422	58.58914898337435
42	31.60069039141422	22.330958399306247
42	31.60069039141422	32.630330934643325
42	31.60069039141422	51.38838962044365
42	31.60069039141422	40.855722641366135
