73	15.139101601761027	30.053016619220006
73	15.139101601761027	71.24818822625744
73	15.139101601761027	20.285973029442548
73	15.139101601761027	8.46407175050859
73	15.139101601761027	40.07931936198328
73	15.139101601761027	47.282838579617774
73	15.139101601761027	25.37711491270443
73	15.139101601761027	136.02441389366277
73	15.139101601761027	34.020683483303394
73	15.139101601761027	11.86683566732073
73	15.139101601761027	187.09823239776603
73	15.139101601761027	71.55343745055917
73	15.139101601761027	197.23826720206918
73	15.139101601761027	95.81971935633166
73	15.139101601761027	113.5414107732032
73	15.139101601761027	66.82711301682092
73	15.139101601761027	14.8183895940615
73	15.139101601761027	72.45726948565193
73	15.139101601761027	12.546913475967397
73	15.139101601761027	11.453168576028473
73	15.139101601761027	8.112897187187874
73	15.139101601761027	15.970773815133818
73	15.139101601761027	31.999491560154922
73	15.139101601761027	14.358564865971134
73	15.139101601761027	39.23457516941703
73	15.139101601761027	74.23432394052396
73	15.139101601761027	45.98639300532263
73	15.139101601761027	42.01982951522625
73	15.139101601761027	13.673663626445494
73	15.139101601761027	45.62815451339682
73	15.139101601761027	33.682459956975265
73	15.139101601761027	28.543924814436636
73	15.139101601761027	95.73394612922826
73	15.139101601761027	202.58960341854643
73	15.139101601761027	45.7870935167189
73	15.139101601761027	37.96050669657767
73	15.139101601761027	2.664123199717641
73	15.139101601761027	45.255385474410474
73	15.139101601761027	22.76210624029115
73	15.139101601761027	113.2726321543173
73	15.139101601761027	16.02745126037765
73	15.139101601761027	33.4991789238097
73	15.139101601761027	125.38467992986419
73	15.139101601761027	32.19080725555029
73	15.139101601761027	8.395137530281525
73	15.139101601761027	27.05058038150196
73	15.139101601761027	17.15452032664683
73	15.139101601761027	58.87395864922444
73	15.139101601761027	63.28537056882158
73	15.139101601761027	51.2314413053752
73	15.139101601761027	30.897526178487595
73	15.139101601761027	34.93911472034953
73	15.139101601761027	55.085687299973365
73	15.139101601761027	64.77290498321678
73	15.139101601761027	27.320359509239545
73	15.139101601761027	20.57577705199179
73	15.139101601761027	45.05937257439501
73	15.139101601761027	73.71452857927724
73	15.139101601761027	102.83698746310424
73	15.139101601761027	26.65821951071379
73	15.139101601761027	695.345992740011
73	15.139101601761027	34.543459697086824
73	15.139101601761027	87.1162629541405
73	15.139101601761027	11.037482348317873
73	15.139101601761027	15.710594186032042
73	15.139101601761027	13.557554864439668
73	15.139101601761027	489.3303452482496
73	15.139101601761027	39.72535459133895
73	15.139101601761027	74.63625632565285
73	15.139101601761027	192.2600958681562
73	15.139101601761027	36.86606497253141
73	15.139101601761027	9.075760173930762
73	15.139101601761027	20.637853887192424
