36	3769025276.2298603	724918445830.4001
36	3769025276.2298603	475248795225.02344
36	3769025276.2298603	1657080738830.0977
36	3769025276.2298603	15598000855688.51
36	3769025276.2298603	312035255034.5097
36	3769025276.2298603	7068781940734.24
36	3769025276.2298603	74512292461.62798
36	3769025276.2298603	878969790767.447
36	3769025276.2298603	103107864801.48665
36	3769025276.2298603	540904065940.9542
36	3769025276.2298603	11417526020125.574
36	3769025276.2298603	1506007889134.0962
36	3769025276.2298603	2117818090417.8416
36	3769025276.2298603	275142136300.2409
36	3769025276.2298603	871393619397.2332
36	3769025276.2298603	4287367733343.7417
36	3769025276.2298603	6030071665570.93
36	3769025276.2298603	9826982046858.22
36	3769025276.2298603	486086825872.8948
36	3769025276.2298603	12221762205300.264
36	3769025276.2298603	1387000606388.0095
36	3769025276.2298603	3693243518061.0073
36	3769025276.2298603	2114103433885.7444
36	3769025276.2298603	977578873898.7567
36	3769025276.2298603	342966929361.0195
36	3769025276.2298603	308931439454.4235
36	3769025276.2298603	1800435541094.0923
36	3769025276.2298603	6914018354000.772
36	3769025276.2298603	2213514969462.625
36	3769025276.2298603	91878113325.095
36	3769025276.2298603	417740957646.9784
36	3769025276.2298603	492350152756.2039
36	3769025276.2298603	8842730443995.742
36	3769025276.2298603	5949988502829.848
36	3769025276.2298603	12180727794500.953
36	3769025276.2298603	1528600613919.2712
