26	7337097583.65	3.75683401268e+13
26	7337097583.65	8.95956436278e+12
26	7337097583.65	3.43808494501e+12
26	7337097583.65	1.02685622172e+12
26	7337097583.65	3.40008055403e+13
26	7337097583.65	5.35493934802e+12
26	7337097583.65	2.43481500671e+13
26	7337097583.65	7.14358812192e+12
26	7337097583.65	1.72743839378e+13
26	7337097583.65	5.81868193088e+12
26	7337097583.65	5.37178584787e+12
26	7337097583.65	1.30468376348e+12
26	7337097583.65	8.54127893069e+12
26	7337097583.65	3.16543292457e+12
26	7337097583.65	2.66881051512e+12
26	7337097583.65	2.53848380961e+12
26	7337097583.65	1.37344555338e+13
26	7337097583.65	1.59206888071e+13
26	7337097583.65	9.74671402199e+12
26	7337097583.65	711339421755.0
26	7337097583.65	1.66551737153e+12
26	7337097583.65	6.04780982358e+13
26	7337097583.65	8.35802614362e+12
26	7337097583.65	1.49786195268e+13
26	7337097583.65	5.53656015366e+12
26	7337097583.65	5.94687906154e+13
