60	23.478472561607518	45.3908021104623
60	23.478472561607518	64.91197147948955
60	23.478472561607518	52.68321836211562
60	23.478472561607518	41.58244906304514
60	23.478472561607518	49.041201760259106
60	23.478472561607518	33.22433269572989
60	23.478472561607518	158.65440470541742
60	23.478472561607518	157.48044779500336
60	23.478472561607518	25.179970288983462
60	23.478472561607518	121.13188996781405
60	23.478472561607518	113.96893428772361
60	23.478472561607518	515.3882846835097
60	23.478472561607518	32.81957024275062
60	23.478472561607518	27.49855568504485
60	23.478472561607518	17.998736077906628
60	23.478472561607518	20.41139028887914
60	23.478472561607518	64.00637047935257
60	23.478472561607518	22.534812823053333
60	23.478472561607518	124.53446924816858
60	23.478472561607518	166.3195000507887
60	23.478472561607518	30.968813837039132
60	23.478472561607518	36.85124449369073
60	23.478472561607518	28.02872214987345
60	23.478472561607518	82.88461073710721
60	23.478472561607518	400.90082410310777
60	23.478472561607518	21.442390359130865
60	23.478472561607518	189.6195397370474
60	23.478472561607518	74.66379041965774
60	23.478472561607518	55.42325936917687
60	23.478472561607518	373.46247426673756
60	23.478472561607518	6.2497687273014595
60	23.478472561607518	10.522239235201768
60	23.478472561607518	61.37341041720682
60	23.478472561607518	110.09744529481152
60	23.478472561607518	152.70419279657688
60	23.478472561607518	95.74663928416751
60	23.478472561607518	16.591723275949253
60	23.478472561607518	28.033734573110692
60	23.478472561607518	49.83453802980284
60	23.478472561607518	50.05790506142981
60	23.478472561607518	13.702105122772105
60	23.478472561607518	35.73442273699045
60	23.478472561607518	64.19297203943954
60	23.478472561607518	112.84725192788717
60	23.478472561607518	35.45912010430788
60	23.478472561607518	170.82403065297936
60	23.478472561607518	27.67761142996001
60	23.478472561607518	32.73338196375942
60	23.478472561607518	45.676737217637964
60	23.478472561607518	24.342911862601632
60	23.478472561607518	23.2075212969016
60	23.478472561607518	24.677942622867448
60	23.478472561607518	60.3554162141252
60	23.478472561607518	222.54791367079306
60	23.478472561607518	137.67779876445329
60	23.478472561607518	32.29918613287079
60	23.478472561607518	231.06698689749354
60	23.478472561607518	362.7825098563543
60	23.478472561607518	148.89782466146394
60	23.478472561607518	137.99322305216845
