15	2.7706783007466713	0.9725318460626707
15	2.7706783007466713	27.819831010815633
15	2.7706783007466713	4.114736961345124
15	2.7706783007466713	17.078057269210596
15	2.7706783007466713	2.9525966377934267
15	2.7706783007466713	0.6426627104211798
15	2.7706783007466713	3.4057985028180378
15	2.7706783007466713	7.832244826079754
15	2.7706783007466713	14.054369531959114
15	2.7706783007466713	1.6899206993724871
15	2.7706783007466713	1.808276652827263
15	2.7706783007466713	6.831549553754313
15	2.7706783007466713	2.761383366022206
15	2.7706783007466713	3.2122850284408626
15	2.7706783007466713	3.3266362210920364
