39	5.391376286531176	18.699743040127835
39	5.391376286531176	29.440679496716633
39	5.391376286531176	48.59953088987278
39	5.391376286531176	59.25565503085956
39	5.391376286531176	11.86988672042938
39	5.391376286531176	14.089292790954781
39	5.391376286531176	29.919530822018846
39	5.391376286531176	6.204976078601113
39	5.391376286531176	27.902971736233532
39	5.391376286531176	48.908903248891825
39	5.391376286531176	36.48391231398338
39	5.391376286531176	5.4413214894786455
39	5.391376286531176	15.865414035232968
39	5.391376286531176	15.714122255762394
39	5.391376286531176	8.536333252044821
39	5.391376286531176	10.470168983329243
39	5.391376286531176	15.06136757077345
39	5.391376286531176	20.009449497196197
39	5.391376286531176	1.802605413498315
39	5.391376286531176	8.981721507745306
39	5.391376286531176	4.366964720208885
39	5.391376286531176	9.852121395837157
39	5.391376286531176	54.330735688071385
39	5.391376286531176	10.978347751286304
39	5.391376286531176	6.0528163965901625
39	5.391376286531176	61.65012953223104
39	5.391376286531176	9.982109435452085
39	5.391376286531176	2.89103077232668
39	5.391376286531176	19.506334270746894
39	5.391376286531176	14.636047393642508
39	5.391376286531176	14.772811319911728
39	5.391376286531176	24.56741619706599
39	5.391376286531176	46.432611193464375
39	5.391376286531176	18.028332828400604
39	5.391376286531176	25.622148129863554
39	5.391376286531176	10.23031096034883
39	5.391376286531176	1.3199462830750412
39	5.391376286531176	79.6239604763869
39	5.391376286531176	5.375893404532615
