25	12.859840340347409	72.4083399522355
25	12.859840340347409	129.44598941106827
25	12.859840340347409	17.592760032316384
25	12.859840340347409	9.345297377120254
25	12.859840340347409	276.5850405639538
25	12.859840340347409	12.266200651261064
25	12.859840340347409	196.95837834050525
25	12.859840340347409	100.6056848462582
25	12.859840340347409	44.07124337458317
25	12.859840340347409	53.959869495176804
25	12.859840340347409	51.69016748095238
25	12.859840340347409	17.279734273506605
25	12.859840340347409	35.3990660777719
25	12.859840340347409	105.19652085168204
25	12.859840340347409	176.3520403000523
25	12.859840340347409	47.721837389472796
25	12.859840340347409	146.4624006898309
25	12.859840340347409	38.83581250209959
25	12.859840340347409	158.00873955224196
25	12.859840340347409	21.29186938566148
25	12.859840340347409	32.51510089370461
25	12.859840340347409	25.511434481380498
25	12.859840340347409	63.94430559282573
25	12.859840340347409	19.127546597003008
25	12.859840340347409	123.3336909299017
