22	18.925437892195124	239.36265761295107
22	18.925437892195124	54.11813247883902
22	18.925437892195124	408.7880411156905
22	18.925437892195124	44.436858137794964
22	18.925437892195124	3.5215141105241146
22	18.925437892195124	37.679581691238525
22	18.925437892195124	64.36596419263573
22	18.925437892195124	125.97147840450599
22	18.925437892195124	38.53489076070957
22	18.925437892195124	13.883894725014922
22	18.925437892195124	113.29298243766694
22	18.925437892195124	48.4711591880739
22	18.925437892195124	44.96505464117477
22	18.925437892195124	125.83835719908977
22	18.925437892195124	99.18466216229703
22	18.925437892195124	25.60219627554817
22	18.925437892195124	50.889821434474065
22	18.925437892195124	59.32074277322998
22	18.925437892195124	114.66141541193171
22	18.925437892195124	11.756030501251935
22	18.925437892195124	132.84287610490335
22	18.925437892195124	28.152845708044314
