15	4.462396656905003	55.18360689915811
15	4.462396656905003	8.352079075788694
15	4.462396656905003	9.015616300833816
15	4.462396656905003	2.713290103472933
15	4.462396656905003	15.555506383100631
15	4.462396656905003	44.137598872143904
15	4.462396656905003	5.3500195761257805
15	4.462396656905003	8.257824119306798
15	4.462396656905003	16.39399160218568
15	4.462396656905003	21.408021993364777
15	4.462396656905003	7.644473024952844
15	4.462396656905003	18.164696377332746
15	4.462396656905003	2.3458517355072015
15	4.462396656905003	18.454083525677206
15	4.462396656905003	5.47110312430216
