14	45670177.973594986	12439544754.534937
14	45670177.973594986	96376316621.87375
14	45670177.973594986	13697426418.411848
14	45670177.973594986	192979782963.28848
14	45670177.973594986	18200243346.194027
14	45670177.973594986	10064999968.387077
14	45670177.973594986	8304646617.198689
14	45670177.973594986	400946452150.058
14	45670177.973594986	2657516604.3362517
14	45670177.973594986	1223708582.8269725
14	45670177.973594986	56380584437.7132
14	45670177.973594986	51983545561.87817
14	45670177.973594986	8574683630.902368
14	45670177.973594986	15754083547.185272
