27	2.9580381389510038	24.939149478278022
27	2.9580381389510038	16.614925910599354
27	2.9580381389510038	4.334703398033394
27	2.9580381389510038	10.403818284176955
27	2.9580381389510038	4.093653431232256
27	2.9580381389510038	4.75434936984489
27	2.9580381389510038	43.4303525893533
27	2.9580381389510038	205.6580237582422
27	2.9580381389510038	2.16815371344643
27	2.9580381389510038	6.823519399749059
27	2.9580381389510038	2.329558038068318
27	2.9580381389510038	11.362253388240433
27	2.9580381389510038	1.5504075475237924
27	2.9580381389510038	1.6242160331057123
27	2.9580381389510038	10.006220906617179
27	2.9580381389510038	1.4743427764776889
27	2.9580381389510038	32.636427072903444
27	2.9580381389510038	1.7845324350296898
27	2.9580381389510038	3.873678605830798
27	2.9580381389510038	28.00424769708344
27	2.9580381389510038	4.647017682596716
27	2.9580381389510038	2.732430299384481
27	2.9580381389510038	2.4822924618146187
27	2.9580381389510038	8.20686794379855
27	2.9580381389510038	15.02005135310871
27	2.9580381389510038	9.324017773969102
27	2.9580381389510038	2.3877225326085036
