16	14.590313939652706	32.87070771422129
16	14.590313939652706	73.36471214681619
16	14.590313939652706	17.816226825401447
16	14.590313939652706	39.9098669480673
16	14.590313939652706	38.49518328215105
16	14.590313939652706	53.63223967724184
16	14.590313939652706	42.07299557077798
16	14.590313939652706	132.42384346486008
16	14.590313939652706	7.592007964469402
16	14.590313939652706	13.076589297572406
16	14.590313939652706	15.41336198974747
16	14.590313939652706	20.5041231334958
16	14.590313939652706	38.4448749369694
16	14.590313939652706	20.762920741979347
16	14.590313939652706	152.6825178614981
16	14.590313939652706	80.1986561870824
