88	6.771128769995837	96.29158569606896
88	6.771128769995837	46.33216281464736
88	6.771128769995837	63.449817819383675
88	6.771128769995837	20.29807262004992
88	6.771128769995837	11.426579531055687
88	6.771128769995837	57.75788008003526
88	6.771128769995837	4.855608780873996
88	6.771128769995837	2.317597283903441
88	6.771128769995837	10.98481402077719
88	6.771128769995837	16.732185056057087
88	6.771128769995837	6.769489499231009
88	6.771128769995837	3.5665326469447036
88	6.771128769995837	444.26421497148146
88	6.771128769995837	16.033543208234942
88	6.771128769995837	35.507074039613
88	6.771128769995837	55.002559904469116
88	6.771128769995837	10.310205070359705
88	6.771128769995837	9.682353485735069
88	6.771128769995837	87.16252181866113
88	6.771128769995837	17.956758931200547
88	6.771128769995837	3.379341644081648
88	6.771128769995837	24.096718776592713
88	6.771128769995837	11.542654632614447
88	6.771128769995837	29.292810049006153
88	6.771128769995837	56.49018494279649
88	6.771128769995837	45.91776678375927
88	6.771128769995837	69.7309924545337
88	6.771128769995837	15.57014569557519
88	6.771128769995837	5.046359451499972
88	6.771128769995837	125.81745642210639
88	6.771128769995837	15.647704564051038
88	6.771128769995837	6.843594457261895
88	6.771128769995837	56.28683941058113
88	6.771128769995837	31.056037243445985
88	6.771128769995837	5.257707062438357
88	6.771128769995837	8.347986737663811
88	6.771128769995837	12.893348302685332
88	6.771128769995837	22.657982513316377
88	6.771128769995837	6.5231291761960515
88	6.771128769995837	108.92363208005348
88	6.771128769995837	8.944055632359476
88	6.771128769995837	16.613573895865837
88	6.771128769995837	20.536733738867774
88	6.771128769995837	8.065152508086584
88	6.771128769995837	38.39767027797804
88	6.771128769995837	4.3551237947291215
88	6.771128769995837	14.451435876321003
88	6.771128769995837	55.80324048068097
88	6.771128769995837	20.447794916957793
88	6.771128769995837	17.04151463297449
88	6.771128769995837	30.78132560357943
88	6.771128769995837	74.39767192147505
88	6.771128769995837	5.433430331354739
88	6.771128769995837	12.820335902675547
88	6.771128769995837	37.950185400618714
88	6.771128769995837	3.952871975478858
88	6.771128769995837	11.730897320033996
88	6.771128769995837	17.618222953898147
88	6.771128769995837	8.179391872848061
88	6.771128769995837	20.326338813340616
88	6.771128769995837	116.1739068892105
88	6.771128769995837	22.439837028302794
88	6.771128769995837	18.769919612501454
88	6.771128769995837	21.34476831561849
88	6.771128769995837	53.68570977036279
88	6.771128769995837	81.87463337067949
88	6.771128769995837	11.848675216873808
88	6.771128769995837	20.2939421919614
88	6.771128769995837	68.64090273234446
88	6.771128769995837	12.221361035625385
88	6.771128769995837	64.22951582736195
88	6.771128769995837	7.600270267307682
88	6.771128769995837	3.6237389092949686
88	6.771128769995837	23.291444866705504
88	6.771128769995837	113.36520970775364
88	6.771128769995837	12.630750614472849
88	6.771128769995837	14.687264463811658
88	6.771128769995837	16.900807262608886
88	6.771128769995837	30.938741338232393
88	6.771128769995837	38.391302867440935
88	6.771128769995837	10.625956488887345
88	6.771128769995837	11.774525766832062
88	6.771128769995837	45.17677472010063
88	6.771128769995837	2.5702053327739045
88	6.771128769995837	52.543236008059964
88	6.771128769995837	26.37494959662257
88	6.771128769995837	29.804705465755454
88	6.771128769995837	50.724643345496965
