23	141.54668649981062	539.0061296959625
23	141.54668649981062	413.70941922919195
23	141.54668649981062	393.239693202696
23	141.54668649981062	2263.6382121240017
23	141.54668649981062	328.4959997144116
23	141.54668649981062	580.8758608856868
23	141.54668649981062	1010.7109944116224
23	141.54668649981062	401.34327275735967
23	141.54668649981062	762.7940219492297
23	141.54668649981062	260.9297842988065
23	141.54668649981062	580.0854508879073
23	141.54668649981062	244.41622474266038
23	141.54668649981062	120.20965358588244
23	141.54668649981062	413.20646578442023
23	141.54668649981062	120.1418622633599
23	141.54668649981062	1432.6338149102621
23	141.54668649981062	40.592125583290525
23	141.54668649981062	85.44025519649784
23	141.54668649981062	574.7553862549814
23	141.54668649981062	731.1461971737684
23	141.54668649981062	479.72805124131423
23	141.54668649981062	1020.6346937245585
23	141.54668649981062	1707.6230240027983
