48	16.5313373697946	33.68131203330084
48	16.5313373697946	61.40632276569705
48	16.5313373697946	42.10830241368545
48	16.5313373697946	105.33634549247581
48	16.5313373697946	141.66460658326525
48	16.5313373697946	50.626186118865505
48	16.5313373697946	10.654078202946799
48	16.5313373697946	454.09044731890964
48	16.5313373697946	15.330715916350346
48	16.5313373697946	38.51562529677898
48	16.5313373697946	16.86710980098593
48	16.5313373697946	18.223166707666312
48	16.5313373697946	10.5389263809841
48	16.5313373697946	57.40668010510643
48	16.5313373697946	34.182892309688135
48	16.5313373697946	175.38194192338386
48	16.5313373697946	88.06574531485343
48	16.5313373697946	20.900609126666982
48	16.5313373697946	27.666776768875962
48	16.5313373697946	59.79399696387159
48	16.5313373697946	307.5445042112269
48	16.5313373697946	24.657635956085528
48	16.5313373697946	91.90935936776125
48	16.5313373697946	75.0976310221137
48	16.5313373697946	158.8674268323006
48	16.5313373697946	106.77088749904763
48	16.5313373697946	73.83837438959351
48	16.5313373697946	32.27636168646979
48	16.5313373697946	20.398896159604824
48	16.5313373697946	25.985769332867083
48	16.5313373697946	50.078782177269055
48	16.5313373697946	171.5880266069693
48	16.5313373697946	39.000946416711336
48	16.5313373697946	20.47867693855158
48	16.5313373697946	78.13894335132551
48	16.5313373697946	7.888346640169661
48	16.5313373697946	189.49612988902524
48	16.5313373697946	74.42143193645714
48	16.5313373697946	24.04983677209234
48	16.5313373697946	17.89777697015168
48	16.5313373697946	8.300751738670039
48	16.5313373697946	37.44548000996763
48	16.5313373697946	54.333098167706794
48	16.5313373697946	19.639183568989736
48	16.5313373697946	33.4109396953554
48	16.5313373697946	12.860685573351091
48	16.5313373697946	87.1092728903544
48	16.5313373697946	35.35894131379048
