35	13.565929980801773	49.12775622660317
35	13.565929980801773	118.76760550638973
35	13.565929980801773	14.811141428395967
35	13.565929980801773	132.87003383432057
35	13.565929980801773	19.9212967355454
35	13.565929980801773	101.52833701643068
35	13.565929980801773	61.677124347910485
35	13.565929980801773	27.29379853376264
35	13.565929980801773	13.809699627296142
35	13.565929980801773	187.6088074118591
35	13.565929980801773	64.70812272510233
35	13.565929980801773	69.11378213853419
35	13.565929980801773	125.07182751217908
35	13.565929980801773	17.876575885504646
35	13.565929980801773	6.170050114817185
35	13.565929980801773	90.85309422493289
35	13.565929980801773	47.16464803710337
35	13.565929980801773	12.34779033535114
35	13.565929980801773	16.435978579703434
35	13.565929980801773	31.938090237479965
35	13.565929980801773	20.572365595473453
35	13.565929980801773	202.76035488904387
35	13.565929980801773	40.49596592388076
35	13.565929980801773	497.3508355880982
35	13.565929980801773	43.090524070653494
35	13.565929980801773	136.79143890932474
35	13.565929980801773	70.48712762174813
35	13.565929980801773	28.771519933967586
35	13.565929980801773	11.820085135947771
35	13.565929980801773	410.74910081032596
35	13.565929980801773	17.145703863172884
35	13.565929980801773	5.776825187667217
35	13.565929980801773	7.881873387757737
35	13.565929980801773	8.879544364720658
35	13.565929980801773	21.401274607671237
