78	18.219194217129036	97.46213194431006
78	18.219194217129036	58.60186308832505
78	18.219194217129036	80.59654781677955
78	18.219194217129036	102.89790271642607
78	18.219194217129036	172.6760635414227
78	18.219194217129036	172.1537023377722
78	18.219194217129036	26.114071818280795
78	18.219194217129036	108.17155985066559
78	18.219194217129036	121.3974324534193
78	18.219194217129036	36.45201222638739
78	18.219194217129036	20.34992429755453
78	18.219194217129036	13.345481632756771
78	18.219194217129036	40.89204089996532
78	18.219194217129036	37.55266562660264
78	18.219194217129036	13.023005040959443
78	18.219194217129036	120.09076919696324
78	18.219194217129036	88.68014925728617
78	18.219194217129036	29.46839060380775
78	18.219194217129036	131.58212536894834
78	18.219194217129036	74.87175385319519
78	18.219194217129036	92.67353587092794
78	18.219194217129036	8.180212189074439
78	18.219194217129036	14.901687457076743
78	18.219194217129036	77.65029108870276
78	18.219194217129036	15.26400418060061
78	18.219194217129036	119.13824199362725
78	18.219194217129036	60.65283153489819
78	18.219194217129036	79.6553894286046
78	18.219194217129036	347.85428458315414
78	18.219194217129036	6.963110328662548
78	18.219194217129036	172.7024418128811
78	18.219194217129036	38.878012669284445
78	18.219194217129036	7.047904692706998
78	18.219194217129036	5.8689305964035805
78	18.219194217129036	96.72577421077831
78	18.219194217129036	27.07243510374102
78	18.219194217129036	31.313147607498596
78	18.219194217129036	9.240559994108514
78	18.219194217129036	150.88349666262764
78	18.219194217129036	10.611802866891654
78	18.219194217129036	173.2375645542181
78	18.219194217129036	63.652853616093616
78	18.219194217129036	43.913543315502814
78	18.219194217129036	97.76671495425838
78	18.219194217129036	28.25706083194698
78	18.219194217129036	36.59168410257746
78	18.219194217129036	103.15915997389277
78	18.219194217129036	247.85372926273192
78	18.219194217129036	174.20838059231852
78	18.219194217129036	10.22350965264172
78	18.219194217129036	28.029792864954373
78	18.219194217129036	18.86303651439854
78	18.219194217129036	356.87421584858964
78	18.219194217129036	162.35885628152744
78	18.219194217129036	9.775521001748531
78	18.219194217129036	388.527866701499
78	18.219194217129036	147.19548737735602
78	18.219194217129036	42.31954717535172
78	18.219194217129036	36.373919513180184
78	18.219194217129036	11.16646299451472
78	18.219194217129036	20.702897010024312
78	18.219194217129036	85.26812669563114
78	18.219194217129036	316.2629189913562
78	18.219194217129036	17.927247156874767
78	18.219194217129036	54.118843511482936
78	18.219194217129036	56.79261461139492
78	18.219194217129036	22.149519500013373
78	18.219194217129036	98.7829200378713
78	18.219194217129036	221.00281120425993
78	18.219194217129036	27.89921790990772
78	18.219194217129036	42.45288244211681
78	18.219194217129036	821.1892871934232
78	18.219194217129036	59.82704988492122
78	18.219194217129036	52.279746736760316
78	18.219194217129036	43.06729002356613
78	18.219194217129036	27.520163925969143
78	18.219194217129036	39.855875029409695
78	18.219194217129036	38.72256228456142
