29	5.3686974843904505	59.79799422910234
29	5.3686974843904505	4.709711933520099
29	5.3686974843904505	3.0425559881566158
29	5.3686974843904505	0.7212220730882182
29	5.3686974843904505	22.964953517502284
29	5.3686974843904505	2.201108929739787
29	5.3686974843904505	2.603449984741254
29	5.3686974843904505	74.3449102011822
29	5.3686974843904505	49.23123948016925
29	5.3686974843904505	8.180180589787762
29	5.3686974843904505	90.5048279245325
29	5.3686974843904505	94.77716381194382
29	5.3686974843904505	10.893470797629204
29	5.3686974843904505	9.971397777935696
29	5.3686974843904505	27.434800485626564
29	5.3686974843904505	35.3431787516404
29	5.3686974843904505	2.0917742406900546
29	5.3686974843904505	13.909271143437563
29	5.3686974843904505	11.33899727701322
29	5.3686974843904505	4.78872308476
29	5.3686974843904505	13.761334327615874
29	5.3686974843904505	4.0924134341841905
29	5.3686974843904505	42.30194748328173
29	5.3686974843904505	14.4714966819325
29	5.3686974843904505	12.164281793757057
29	5.3686974843904505	16.070939824126285
29	5.3686974843904505	12.381792692949036
29	5.3686974843904505	7.666962489348424
29	5.3686974843904505	54.687442908820806
