37	1.2201106266664523	1.526876520633122
37	1.2201106266664523	2.5177438346031655
37	1.2201106266664523	5.3499482387569355
37	1.2201106266664523	14.345119822919006
37	1.2201106266664523	6.993652869761314
37	1.2201106266664523	0.40540452241088215
37	1.2201106266664523	2.6539135274840726
37	1.2201106266664523	6.897573626069309
37	1.2201106266664523	1.4655501376855669
37	1.2201106266664523	3.3660381462582794
37	1.2201106266664523	7.610564892870008
37	1.2201106266664523	2.536254608872266
37	1.2201106266664523	10.669653116972224
37	1.2201106266664523	2.388754650786757
37	1.2201106266664523	0.7688366088123469
37	1.2201106266664523	1.5498583847609215
37	1.2201106266664523	9.14530261893487
37	1.2201106266664523	1.0998536344083565
37	1.2201106266664523	5.438294976518267
37	1.2201106266664523	9.81595242375657
37	1.2201106266664523	3.0898806758010116
37	1.2201106266664523	41.32709685659262
37	1.2201106266664523	8.98279214456374
37	1.2201106266664523	8.427071808810506
37	1.2201106266664523	8.18994783950942
37	1.2201106266664523	2.4987962218081674
37	1.2201106266664523	12.585347984865207
37	1.2201106266664523	4.891480655310649
37	1.2201106266664523	1.3246480929671276
37	1.2201106266664523	19.710169064486298
37	1.2201106266664523	0.6443747233380157
37	1.2201106266664523	2.233052703196497
37	1.2201106266664523	21.817737873076
37	1.2201106266664523	0.17103252375202058
37	1.2201106266664523	8.123693174331132
37	1.2201106266664523	1.9971067909082019
37	1.2201106266664523	10.994750604303352
