23	50.880410317531634	68.09869707001809
23	50.880410317531634	155.6460452821047
23	50.880410317531634	259.06313779777867
23	50.880410317531634	178.56667926086524
23	50.880410317531634	328.78364792225335
23	50.880410317531634	95.70870085837753
23	50.880410317531634	121.52135437153173
23	50.880410317531634	63.225996979095626
23	50.880410317531634	127.54361584650285
23	50.880410317531634	246.93130071424545
23	50.880410317531634	27.394039781572754
23	50.880410317531634	102.46565328700983
23	50.880410317531634	656.5679709367613
23	50.880410317531634	206.90137332910544
23	50.880410317531634	121.89819466553435
23	50.880410317531634	360.74675864912734
23	50.880410317531634	68.6698731071787
23	50.880410317531634	72.97750010164005
23	50.880410317531634	40.7863965508002
23	50.880410317531634	280.3736078130967
23	50.880410317531634	71.13883958864582
23	50.880410317531634	768.8814840716902
23	50.880410317531634	335.1960098862918
