7.59067730991	208.909126699
7.59067730991	27.833014652
7.59067730991	26.7329706674
7.59067730991	67.5841168007
7.59067730991	3.43069770411
7.59067730991	28.3584938129
7.59067730991	13.0312316061
7.59067730991	7.48402878063
7.59067730991	7.38950161754
7.59067730991	25.9891139516
7.59067730991	20.7815596285
7.59067730991	25.2412296238
7.59067730991	13.585882501
7.59067730991	19.0071912263
7.59067730991	2.55937761961
7.59067730991	12.953772832
7.59067730991	48.1051471642
7.59067730991	25.977670887
7.59067730991	2.87536316683
7.59067730991	28.1681342831
7.59067730991	30.6704493382
7.59067730991	36.3108328924
7.59067730991	323.139076816
7.59067730991	12.6298574684
7.59067730991	36.8276834519
7.59067730991	10.3775677077
7.59067730991	26.1341041497
7.59067730991	17.2811213342
7.59067730991	47.529119192
7.59067730991	97.0398457301
7.59067730991	11.6552798159
7.59067730991	51.0095045754
7.59067730991	24.8481557191
7.59067730991	6.81809117
7.59067730991	19.9312532171
7.59067730991	5.06788937512
7.59067730991	10.1772242023
7.59067730991	8.82833399441
7.59067730991	20.4450905096
7.59067730991	27.5628830913
7.59067730991	21.4467961349
7.59067730991	14.4496567583
7.59067730991	4.554659288
7.59067730991	22.7608645032
7.59067730991	12.0501996097
7.59067730991	10.9742128263
7.59067730991	19.5994416116
7.59067730991	6.91740375974
7.59067730991	21.4471274809
