81	504794566.731	851511081539.0
81	504794566.731	3.59325847414e+12
81	504794566.731	7.02102649925e+12
81	504794566.731	191321105914.0
81	504794566.731	461375377684.0
81	504794566.731	18252257229.8
81	504794566.731	261297449329.0
81	504794566.731	92801549668.0
81	504794566.731	805893003867.0
81	504794566.731	147457907089.0
81	504794566.731	92172232783.6
81	504794566.731	481569345668.0
81	504794566.731	550518613935.0
81	504794566.731	643829385039.0
81	504794566.731	5.21850290505e+12
81	504794566.731	1.98729314234e+12
81	504794566.731	94114282220.8
81	504794566.731	52354310035.4
81	504794566.731	3.39167601756e+12
81	504794566.731	640151057535.0
81	504794566.731	61915608672.5
81	504794566.731	689818020846.0
81	504794566.731	4.0421427623e+12
81	504794566.731	59226764940.1
81	504794566.731	358914536018.0
81	504794566.731	67041893166.7
81	504794566.731	64092168568.4
81	504794566.731	20131598788.9
81	504794566.731	279391353361.0
81	504794566.731	1.40890205832e+12
81	504794566.731	3.72355857504e+12
81	504794566.731	66273348201.5
81	504794566.731	355520895298.0
81	504794566.731	2.14967205083e+12
81	504794566.731	219850487809.0
81	504794566.731	20940887544.1
81	504794566.731	2.02413604962e+12
81	504794566.731	69569434292.4
81	504794566.731	135178371889.0
81	504794566.731	148658149445.0
81	504794566.731	76529910455.1
81	504794566.731	3030213872.86
81	504794566.731	122176838914.0
81	504794566.731	403076385086.0
81	504794566.731	2.31563963575e+12
81	504794566.731	640781979308.0
81	504794566.731	342936930687.0
81	504794566.731	160553392185.0
81	504794566.731	2.79627007355e+12
81	504794566.731	3.49297116308e+12
81	504794566.731	18149404026.7
81	504794566.731	620463763043.0
81	504794566.731	417007386426.0
81	504794566.731	40178523432.8
81	504794566.731	111338206495.0
81	504794566.731	12721681467.0
81	504794566.731	125542234515.0
81	504794566.731	253941586870.0
81	504794566.731	217989029472.0
81	504794566.731	3.76746663586e+12
81	504794566.731	1.11950409389e+12
81	504794566.731	2348462505.45
81	504794566.731	160936501012.0
81	504794566.731	2.80616434836e+12
81	504794566.731	846958519137.0
81	504794566.731	2.58983717625e+12
81	504794566.731	187889535259.0
81	504794566.731	56755908909.4
81	504794566.731	1.48635696598e+12
81	504794566.731	1.15692485146e+13
81	504794566.731	109679310125.0
81	504794566.731	2.84275809355e+12
81	504794566.731	5.72390749674e+12
81	504794566.731	1.07679226631e+12
81	504794566.731	1.38839464336e+12
81	504794566.731	208839861712.0
81	504794566.731	13473677028.7
81	504794566.731	399152499822.0
81	504794566.731	807979730747.0
81	504794566.731	47744223364.4
81	504794566.731	118540269474.0
