35	26.24628035617217	410.02401347599647
35	26.24628035617217	91.97292833381943
35	26.24628035617217	102.36475538223246
35	26.24628035617217	30.620258101026618
35	26.24628035617217	275.12714777730537
35	26.24628035617217	234.44533046676622
35	26.24628035617217	28.117260971670216
35	26.24628035617217	227.21274491140557
35	26.24628035617217	101.77271912466793
35	26.24628035617217	27.332520847317333
35	26.24628035617217	144.30250245249255
35	26.24628035617217	321.69306437565166
35	26.24628035617217	534.4980127129425
35	26.24628035617217	77.4046276580224
35	26.24628035617217	14.325421604092796
35	26.24628035617217	68.33680009807374
35	26.24628035617217	13.953053272612246
35	26.24628035617217	69.78585097506036
35	26.24628035617217	16.054668726645534
35	26.24628035617217	349.8046604475767
35	26.24628035617217	112.74503794497754
35	26.24628035617217	96.29596811850564
35	26.24628035617217	34.938510743920915
35	26.24628035617217	73.98396625581839
35	26.24628035617217	35.22345365053077
35	26.24628035617217	37.72465478589153
35	26.24628035617217	71.35431870216138
35	26.24628035617217	66.5273819380218
35	26.24628035617217	193.31690090936914
35	26.24628035617217	54.27241763929882
35	26.24628035617217	64.20490183737978
35	26.24628035617217	60.8934647296087
35	26.24628035617217	98.88443653203213
35	26.24628035617217	114.0758070414287
35	26.24628035617217	142.3203155461446
