15	1.8220542188602158	1.2415611375425044
15	1.8220542188602158	22.521175272430533
15	1.8220542188602158	11.826591129741765
15	1.8220542188602158	8.629594571390234
15	1.8220542188602158	28.167471611205592
15	1.8220542188602158	7.744180640510945
15	1.8220542188602158	9.386740665723835
15	1.8220542188602158	6.4641032898476976
15	1.8220542188602158	12.97062368621195
15	1.8220542188602158	23.929392098636285
15	1.8220542188602158	5.602938335478131
15	1.8220542188602158	2.030886419389697
15	1.8220542188602158	8.706757503064031
15	1.8220542188602158	0.8500836377147103
15	1.8220542188602158	8.117223319866293
