33	3.194645031103826	6.01512182234418
33	3.194645031103826	4.32563789428205
33	3.194645031103826	35.88420679167584
33	3.194645031103826	0.625122928551348
33	3.194645031103826	6.478605470946084
33	3.194645031103826	14.392106432957773
33	3.194645031103826	7.765211859090496
33	3.194645031103826	0.9489035664876008
33	3.194645031103826	2.9593299411663607
33	3.194645031103826	4.775817214190783
33	3.194645031103826	16.823396845365515
33	3.194645031103826	4.493696922399211
33	3.194645031103826	2.5115623925818156
33	3.194645031103826	4.690798022431247
33	3.194645031103826	17.104756691810877
33	3.194645031103826	19.86307067996138
33	3.194645031103826	11.324702473364853
33	3.194645031103826	8.921189687121942
33	3.194645031103826	2.5348162600322968
33	3.194645031103826	12.429666149279717
33	3.194645031103826	13.871010054091048
33	3.194645031103826	20.657096128461905
33	3.194645031103826	5.4319279117651345
33	3.194645031103826	35.075371284549355
33	3.194645031103826	14.089259826549693
33	3.194645031103826	8.795312962994732
33	3.194645031103826	4.283041365181108
33	3.194645031103826	14.784246392343139
33	3.194645031103826	4.836169665356092
33	3.194645031103826	5.424851237985868
33	3.194645031103826	10.65224049395261
33	3.194645031103826	73.84592818404823
33	3.194645031103826	4.1384638295901714
