25	1.4009888320507633	6.642979301139871
25	1.4009888320507633	1.593956489532192
25	1.4009888320507633	2.3383989767249136
25	1.4009888320507633	0.9720453235565235
25	1.4009888320507633	2.0848743895180712
25	1.4009888320507633	2.548010594668785
25	1.4009888320507633	25.315960144868942
25	1.4009888320507633	6.17735987468172
25	1.4009888320507633	14.92254518089353
25	1.4009888320507633	9.380811777369283
25	1.4009888320507633	4.486512139301689
25	1.4009888320507633	0.8653892560825331
25	1.4009888320507633	0.8160244740544764
25	1.4009888320507633	1.6763178503677767
25	1.4009888320507633	8.678496733727684
25	1.4009888320507633	2.2574445151268563
25	1.4009888320507633	6.119178468015245
25	1.4009888320507633	6.3893591804259735
25	1.4009888320507633	8.224916350199146
25	1.4009888320507633	3.544709368554229
25	1.4009888320507633	8.694948388472671
25	1.4009888320507633	7.170932195145619
25	1.4009888320507633	2.2171052834856986
25	1.4009888320507633	2.334613999458695
25	1.4009888320507633	2.838686899436166
