89	13.775869648961198	42.84423256911839
89	13.775869648961198	25.560407596982838
89	13.775869648961198	8.023768936894045
89	13.775869648961198	168.49052713892848
89	13.775869648961198	55.01687117834469
89	13.775869648961198	78.91114016125468
89	13.775869648961198	24.614590819412435
89	13.775869648961198	50.72568549037867
89	13.775869648961198	160.56621177336686
89	13.775869648961198	27.472460773848763
89	13.775869648961198	31.695287457561136
89	13.775869648961198	51.872216955801534
89	13.775869648961198	22.500005106945533
89	13.775869648961198	207.7783612604496
89	13.775869648961198	15.302159176598188
89	13.775869648961198	3.6159847025171135
89	13.775869648961198	28.946300443757153
89	13.775869648961198	162.2807540690221
89	13.775869648961198	278.49816153475615
89	13.775869648961198	15.770554339467417
89	13.775869648961198	72.85386931693024
89	13.775869648961198	8.716127038699963
89	13.775869648961198	308.09819849685374
89	13.775869648961198	25.895159498031276
89	13.775869648961198	9.707667635205219
89	13.775869648961198	16.171117810059492
89	13.775869648961198	46.03594966939639
89	13.775869648961198	34.84749392712925
89	13.775869648961198	18.67624018863816
89	13.775869648961198	41.91563766033647
89	13.775869648961198	12.433850728890977
89	13.775869648961198	41.24366705179858
89	13.775869648961198	10.284486613815165
89	13.775869648961198	91.13144144326789
89	13.775869648961198	21.917623000377333
89	13.775869648961198	26.446107132505688
89	13.775869648961198	20.805456286175918
89	13.775869648961198	109.90631719323072
89	13.775869648961198	100.77332048570136
89	13.775869648961198	126.52510403435079
89	13.775869648961198	146.15915971430613
89	13.775869648961198	14.758875819849905
89	13.775869648961198	21.090498099380945
89	13.775869648961198	31.352089245130806
89	13.775869648961198	88.59756847391752
89	13.775869648961198	160.85092386567865
89	13.775869648961198	87.80123307962236
89	13.775869648961198	46.60570690370064
89	13.775869648961198	25.828653102194995
89	13.775869648961198	35.70987063507271
89	13.775869648961198	23.055004477549318
89	13.775869648961198	51.717589919136536
89	13.775869648961198	77.85474104010855
89	13.775869648961198	37.3863610938028
89	13.775869648961198	112.35073500717562
89	13.775869648961198	705.913320241748
89	13.775869648961198	95.04037333038924
89	13.775869648961198	28.49826073903229
89	13.775869648961198	23.865109618271486
89	13.775869648961198	115.70979876833538
89	13.775869648961198	75.21137146787308
89	13.775869648961198	7.960592634282225
89	13.775869648961198	55.668668903676775
89	13.775869648961198	45.28046597306168
89	13.775869648961198	23.108784676496924
89	13.775869648961198	92.63519311409671
89	13.775869648961198	38.379445366897954
89	13.775869648961198	37.18092061086468
89	13.775869648961198	6.48867313373677
89	13.775869648961198	12.638393588485194
89	13.775869648961198	53.63662920155795
89	13.775869648961198	48.00027712747456
89	13.775869648961198	88.68398374016074
89	13.775869648961198	76.06997702085071
89	13.775869648961198	71.89082318487057
89	13.775869648961198	26.02187542410601
89	13.775869648961198	20.2134369082779
89	13.775869648961198	55.392110397394404
89	13.775869648961198	50.517411382154876
89	13.775869648961198	120.95201257411962
89	13.775869648961198	366.93879745622667
89	13.775869648961198	159.69271590263608
89	13.775869648961198	44.37884064714733
89	13.775869648961198	79.20101281301459
89	13.775869648961198	58.02884533177478
89	13.775869648961198	21.19510967176655
89	13.775869648961198	226.80284451036624
89	13.775869648961198	8.404968072708492
89	13.775869648961198	7.835761963160534
