26	64.8887152416024	220.74641120874543
26	64.8887152416024	4856.736990712145
26	64.8887152416024	135.0554858768479
26	64.8887152416024	186.80046421004272
26	64.8887152416024	49.764543554673324
26	64.8887152416024	136.08848705413132
26	64.8887152416024	105.53874336453752
26	64.8887152416024	45.16686524436234
26	64.8887152416024	77.66685678686149
26	64.8887152416024	14.254405687315977
26	64.8887152416024	104.66385476769719
26	64.8887152416024	388.6969695478774
26	64.8887152416024	170.22956342317264
26	64.8887152416024	90.86441286618627
26	64.8887152416024	77.92905855966865
26	64.8887152416024	237.90337155501572
26	64.8887152416024	566.8475881323495
26	64.8887152416024	186.72418576042185
26	64.8887152416024	170.73844850947677
26	64.8887152416024	918.2135714944753
26	64.8887152416024	197.2558335479316
26	64.8887152416024	46.74417854629173
26	64.8887152416024	85.59123810470349
26	64.8887152416024	103.43750595874475
26	64.8887152416024	449.8481535896936
26	64.8887152416024	230.73392415501698
