25	6.185000414700888	14.934982433489653
25	6.185000414700888	18.56973176812097
25	6.185000414700888	21.957833468446147
25	6.185000414700888	40.81349464719913
25	6.185000414700888	18.263760191751025
25	6.185000414700888	14.526343754047348
25	6.185000414700888	22.711366624319478
25	6.185000414700888	241.46034042070755
25	6.185000414700888	55.89969584402033
25	6.185000414700888	123.387639599678
25	6.185000414700888	4.412964965249967
25	6.185000414700888	2.6154548268484756
25	6.185000414700888	15.340477260735685
25	6.185000414700888	15.644454799900801
25	6.185000414700888	14.936758865770924
25	6.185000414700888	220.9542130712466
25	6.185000414700888	11.16333711260006
25	6.185000414700888	16.52434565319012
25	6.185000414700888	60.35400105932924
25	6.185000414700888	30.72532132181393
25	6.185000414700888	58.08510736558291
25	6.185000414700888	33.29763247527399
25	6.185000414700888	35.447644120984314
25	6.185000414700888	21.754037949209145
25	6.185000414700888	116.21300355567537
