19	4.83779454923832	8.02403533393666
19	4.83779454923832	46.85629365978877
19	4.83779454923832	3.6156437418063008
19	4.83779454923832	34.25414826904448
19	4.83779454923832	6.807670143464754
19	4.83779454923832	86.91142120057086
19	4.83779454923832	21.46227542471796
19	4.83779454923832	21.22809507100091
19	4.83779454923832	27.101180318774208
19	4.83779454923832	22.615036146928624
19	4.83779454923832	7.715541959123564
19	4.83779454923832	30.993050101770386
19	4.83779454923832	9.125228592888877
19	4.83779454923832	18.24055114658901
19	4.83779454923832	59.78827289209849
19	4.83779454923832	26.37165354343732
19	4.83779454923832	28.0006550865077
19	4.83779454923832	47.170925774026536
19	4.83779454923832	11.511238373129151
