43	4.997640052386456	2.9456261073406176
43	4.997640052386456	19.608336799724032
43	4.997640052386456	6.124211044033386
43	4.997640052386456	63.89591376197139
43	4.997640052386456	85.67949941086529
43	4.997640052386456	1.5050104138101492
43	4.997640052386456	13.833250886956733
43	4.997640052386456	8.720212137696292
43	4.997640052386456	8.924363197737284
43	4.997640052386456	6.837666242941132
43	4.997640052386456	17.041207991654076
43	4.997640052386456	9.639048208347797
43	4.997640052386456	7.7135865300282775
43	4.997640052386456	5.327137746441349
43	4.997640052386456	1.9188522377530155
43	4.997640052386456	8.351153347764667
43	4.997640052386456	11.515039843787795
43	4.997640052386456	6.731371066518551
43	4.997640052386456	83.62630590047979
43	4.997640052386456	4.798209972626374
43	4.997640052386456	32.399531897751366
43	4.997640052386456	5.049181669969744
43	4.997640052386456	51.484603251672205
43	4.997640052386456	9.741095047338469
43	4.997640052386456	35.69657504142361
43	4.997640052386456	17.429614052404524
43	4.997640052386456	4.331257744090859
43	4.997640052386456	25.363800689984565
43	4.997640052386456	49.87460683890788
43	4.997640052386456	23.884402969897696
43	4.997640052386456	5.310766328175178
43	4.997640052386456	6.598775059576205
43	4.997640052386456	1.495485566856667
43	4.997640052386456	4.382744553666351
43	4.997640052386456	27.147728897200924
43	4.997640052386456	3.711872594262575
43	4.997640052386456	11.147171619133427
43	4.997640052386456	17.283972431460594
43	4.997640052386456	3.825180403715696
43	4.997640052386456	11.695992636301414
43	4.997640052386456	4.0743503861660875
43	4.997640052386456	53.01709309250416
43	4.997640052386456	8.39067194271035
