29	4966135153.64	84831664445.3
29	4966135153.64	7.98765242963e+12
29	4966135153.64	5.45900281313e+12
29	4966135153.64	2.89565406442e+12
29	4966135153.64	1.15441820648e+13
29	4966135153.64	6.17952643321e+12
29	4966135153.64	2.58792007449e+12
29	4966135153.64	7.3452999369e+12
29	4966135153.64	473399184349.0
29	4966135153.64	2.38587721835e+13
29	4966135153.64	552561491303.0
29	4966135153.64	565770245500.0
29	4966135153.64	9.80197714628e+12
29	4966135153.64	2.07103862199e+13
29	4966135153.64	7.46066263107e+12
29	4966135153.64	1.03178954834e+14
29	4966135153.64	1.40127597224e+12
29	4966135153.64	1.96510656049e+12
29	4966135153.64	5.34605645602e+12
29	4966135153.64	3.19088634573e+12
29	4966135153.64	1.31497158677e+12
29	4966135153.64	3.61531160294e+12
29	4966135153.64	414082184611.0
29	4966135153.64	1.03071929324e+13
29	4966135153.64	875302754860.0
29	4966135153.64	1.12931028289e+13
29	4966135153.64	1.1292301382e+12
29	4966135153.64	706898478394.0
29	4966135153.64	2.80436024472e+12
