38	15.656995797662951	18.624378908059608
38	15.656995797662951	284.5390438396772
38	15.656995797662951	50.59141782591837
38	15.656995797662951	24.076496141917477
38	15.656995797662951	4.255004511948708
38	15.656995797662951	39.870951212752956
38	15.656995797662951	12.607223676997618
38	15.656995797662951	7.976386565585298
38	15.656995797662951	22.779584064399867
38	15.656995797662951	22.432479011577474
38	15.656995797662951	70.30780927081481
38	15.656995797662951	101.40316413187635
38	15.656995797662951	96.27995339532202
38	15.656995797662951	75.03205716691808
38	15.656995797662951	55.62706920785377
38	15.656995797662951	64.50056893920325
38	15.656995797662951	49.90435988732143
38	15.656995797662951	163.06203069233788
38	15.656995797662951	8.60383450091129
38	15.656995797662951	331.72984396806004
38	15.656995797662951	48.291558481646355
38	15.656995797662951	90.83239344212481
38	15.656995797662951	19.069035584907542
38	15.656995797662951	36.84295462116722
38	15.656995797662951	14.723450971654248
38	15.656995797662951	87.57261026926497
38	15.656995797662951	12.787194332200041
38	15.656995797662951	110.0181124014774
38	15.656995797662951	13.085431888660757
38	15.656995797662951	5.990269581388822
38	15.656995797662951	116.47889778164824
38	15.656995797662951	32.18947134265098
38	15.656995797662951	9.202017466767082
38	15.656995797662951	91.42786196312743
38	15.656995797662951	20.858333204905637
38	15.656995797662951	3.482835044241829
38	15.656995797662951	33.14731067505763
38	15.656995797662951	24.40864114663703
