204	75.77086208803728	536.5968527250842
204	75.77086208803728	38.04498723783444
204	75.77086208803728	106.7787696899342
204	75.77086208803728	251.4788251377419
204	75.77086208803728	68.17100747081334
204	75.77086208803728	415.01227167690087
204	75.77086208803728	55.40230403455405
204	75.77086208803728	37.20924832058019
204	75.77086208803728	271.77610912556037
204	75.77086208803728	130.26002033556642
204	75.77086208803728	297.10165769864915
204	75.77086208803728	64.38813278961051
204	75.77086208803728	208.90841781184525
204	75.77086208803728	383.04419213740744
204	75.77086208803728	132.4378220095782
204	75.77086208803728	275.126309885744
204	75.77086208803728	172.49435468154886
204	75.77086208803728	1181.217510919012
204	75.77086208803728	100.59890939150996
204	75.77086208803728	444.27185350766246
204	75.77086208803728	346.7575844509395
204	75.77086208803728	481.8975745956002
204	75.77086208803728	278.3471732881297
204	75.77086208803728	45.85806334737991
204	75.77086208803728	277.88855410337266
204	75.77086208803728	142.57402899325106
204	75.77086208803728	1477.3211730142903
204	75.77086208803728	411.8655404065392
204	75.77086208803728	50.459041027295804
204	75.77086208803728	83.6839795782019
204	75.77086208803728	44.94569960460267
204	75.77086208803728	176.57602245716166
204	75.77086208803728	150.48553256807136
204	75.77086208803728	65.04286324813302
204	75.77086208803728	424.32876421893786
204	75.77086208803728	469.00268209799964
204	75.77086208803728	120.94369886522524
204	75.77086208803728	103.60405949258885
204	75.77086208803728	515.1361819963583
204	75.77086208803728	446.0800734308421
204	75.77086208803728	108.96555727804805
204	75.77086208803728	417.51485671111163
204	75.77086208803728	123.43629869500593
204	75.77086208803728	369.3795541698873
204	75.77086208803728	268.6570613243752
204	75.77086208803728	793.1466723606296
204	75.77086208803728	155.0460126782328
204	75.77086208803728	98.40987877141451
204	75.77086208803728	80.10683159877226
204	75.77086208803728	37.99367436681919
204	75.77086208803728	45.7606218050943
204	75.77086208803728	103.93709655270573
204	75.77086208803728	154.95643685274842
204	75.77086208803728	277.98580992183884
204	75.77086208803728	42.37936062501953
204	75.77086208803728	128.95867762423524
204	75.77086208803728	29.384505819537214
204	75.77086208803728	1694.333142121736
204	75.77086208803728	606.4459780948971
204	75.77086208803728	373.8772074014002
204	75.77086208803728	262.79381848863386
204	75.77086208803728	102.85512218344374
204	75.77086208803728	248.26725355722365
204	75.77086208803728	239.81045178316865
204	75.77086208803728	474.6357571599627
204	75.77086208803728	55.634772720473705
204	75.77086208803728	111.54588089096424
204	75.77086208803728	51.10012920029609
204	75.77086208803728	227.8664390446329
204	75.77086208803728	75.08864477363339
204	75.77086208803728	291.03492380321586
204	75.77086208803728	232.7817276101133
204	75.77086208803728	269.6640446885153
204	75.77086208803728	78.61165605436787
204	75.77086208803728	58.90336748419132
204	75.77086208803728	506.79221148412324
204	75.77086208803728	22.42231003779766
204	75.77086208803728	17.16851720892651
204	75.77086208803728	52.98180136079124
204	75.77086208803728	709.3289003913476
204	75.77086208803728	78.71395561878427
204	75.77086208803728	243.46676315074805
204	75.77086208803728	54.18914441097981
204	75.77086208803728	294.63711991538236
204	75.77086208803728	215.37480554504012
204	75.77086208803728	670.1741441976627
204	75.77086208803728	153.66367715751932
204	75.77086208803728	179.71553321271966
204	75.77086208803728	98.86579682299691
204	75.77086208803728	3678.9198061873954
204	75.77086208803728	25.283838670681398
204	75.77086208803728	761.0971677681747
204	75.77086208803728	415.9476323370936
204	75.77086208803728	201.71881392307478
204	75.77086208803728	519.1407910332102
204	75.77086208803728	245.73070778259503
204	75.77086208803728	334.2631890380993
204	75.77086208803728	84.43558099703766
204	75.77086208803728	2196.408989639867
204	75.77086208803728	156.46567921171504
204	75.77086208803728	205.74371956055356
204	75.77086208803728	215.75485433789027
204	75.77086208803728	117.7414058658142
204	75.77086208803728	129.98918465786994
204	75.77086208803728	219.5235165939614
204	75.77086208803728	213.01249716151517
204	75.77086208803728	479.53891104422263
204	75.77086208803728	194.71076784356296
204	75.77086208803728	518.0606947191354
204	75.77086208803728	201.03423594449956
204	75.77086208803728	1530.3997678505837
204	75.77086208803728	728.7742394116248
204	75.77086208803728	48.352899605219825
204	75.77086208803728	219.6045820889927
204	75.77086208803728	298.50381047014713
204	75.77086208803728	173.52491424476915
204	75.77086208803728	92.3255754315419
204	75.77086208803728	112.63206177453296
204	75.77086208803728	168.07818472185232
204	75.77086208803728	163.2573503430061
204	75.77086208803728	258.97964214739864
204	75.77086208803728	176.79693309128592
204	75.77086208803728	67.17194830757559
204	75.77086208803728	715.2289925466375
204	75.77086208803728	143.96397729435463
204	75.77086208803728	881.1716778660526
204	75.77086208803728	67.24552340352689
204	75.77086208803728	612.3268153231618
204	75.77086208803728	145.38513141619893
204	75.77086208803728	191.57996511160084
204	75.77086208803728	832.6834972849769
204	75.77086208803728	614.2475372819647
204	75.77086208803728	157.1857232800537
204	75.77086208803728	176.74934064706153
204	75.77086208803728	87.96526666735384
204	75.77086208803728	68.15748161897378
204	75.77086208803728	129.69844555510878
204	75.77086208803728	100.21547931038383
204	75.77086208803728	575.523487403981
204	75.77086208803728	195.74997921537934
204	75.77086208803728	18.94404188030959
204	75.77086208803728	105.0000470082995
204	75.77086208803728	973.2944338597027
204	75.77086208803728	196.6127494208216
204	75.77086208803728	493.04012343868266
204	75.77086208803728	87.62432226215088
204	75.77086208803728	428.05758124663845
204	75.77086208803728	151.08353207595025
204	75.77086208803728	163.7800201003813
204	75.77086208803728	462.8737994642138
204	75.77086208803728	96.84917267405498
204	75.77086208803728	332.853324057451
204	75.77086208803728	65.05334191235139
204	75.77086208803728	51.56528591918601
204	75.77086208803728	47.3223344695611
204	75.77086208803728	194.26188455039542
204	75.77086208803728	107.07355366623696
204	75.77086208803728	70.32167039177585
204	75.77086208803728	516.1402102933934
204	75.77086208803728	197.2519782606308
204	75.77086208803728	64.8747290036691
204	75.77086208803728	800.9732816918232
204	75.77086208803728	81.95290400956588
204	75.77086208803728	389.82933953801916
204	75.77086208803728	269.94831979569864
204	75.77086208803728	152.25327715949473
204	75.77086208803728	772.5487411666029
204	75.77086208803728	843.234167941667
204	75.77086208803728	160.54589467388644
204	75.77086208803728	155.48896839255403
204	75.77086208803728	276.3915765680528
204	75.77086208803728	42.38835093448574
204	75.77086208803728	197.44638836979897
204	75.77086208803728	161.73309758345135
204	75.77086208803728	1138.3448222074105
204	75.77086208803728	233.96676442412283
204	75.77086208803728	87.75862366057989
204	75.77086208803728	130.22254427935584
204	75.77086208803728	1028.690001143377
204	75.77086208803728	32.933877169964425
204	75.77086208803728	336.29758295571384
204	75.77086208803728	539.140187152364
204	75.77086208803728	211.56500122931004
204	75.77086208803728	178.73330465827496
204	75.77086208803728	381.22737329118854
204	75.77086208803728	356.6101097571949
204	75.77086208803728	418.00634772233724
204	75.77086208803728	21.9665135093063
204	75.77086208803728	117.82169397630246
204	75.77086208803728	30.491826185051103
204	75.77086208803728	115.34826540873145
204	75.77086208803728	50.30100670768404
204	75.77086208803728	29.919968612186185
204	75.77086208803728	195.59992852725287
204	75.77086208803728	434.1527567936786
204	75.77086208803728	256.88815859055245
204	75.77086208803728	145.25601093071654
204	75.77086208803728	139.74663118549225
204	75.77086208803728	1556.6978785076144
204	75.77086208803728	273.3552901135573
204	75.77086208803728	2367.9687533242027
204	75.77086208803728	223.45846267765165
204	75.77086208803728	299.5166558693221
204	75.77086208803728	175.07633940804274
