32	3.192102414817851	8.122368512898102
32	3.192102414817851	46.25257630778822
32	3.192102414817851	1.9027365219973948
32	3.192102414817851	2.4544752117556956
32	3.192102414817851	4.299399823942508
32	3.192102414817851	4.63012279696573
32	3.192102414817851	36.98536075097244
32	3.192102414817851	7.46351245371854
32	3.192102414817851	7.211297815282432
32	3.192102414817851	1.957572384360344
32	3.192102414817851	3.406766517826416
32	3.192102414817851	6.678710108657741
32	3.192102414817851	0.8076597187460579
32	3.192102414817851	79.0063220243978
32	3.192102414817851	2.016227916098782
32	3.192102414817851	2.109128694864883
32	3.192102414817851	18.941819282299026
32	3.192102414817851	35.415356985832126
32	3.192102414817851	82.36941385005461
32	3.192102414817851	12.627992993852477
32	3.192102414817851	1.8486823783901334
32	3.192102414817851	29.81984681657212
32	3.192102414817851	4.379156814147943
32	3.192102414817851	8.289371825739211
32	3.192102414817851	3.641193041141465
32	3.192102414817851	2.107670740768383
32	3.192102414817851	33.41117590269713
32	3.192102414817851	23.71104309747529
32	3.192102414817851	3.136866950461974
32	3.192102414817851	5.259383257019759
32	3.192102414817851	31.433204675233156
32	3.192102414817851	14.33534735486282
