22	10.77503293672904	7.1131017119912805
22	10.77503293672904	4.707857589245256
22	10.77503293672904	251.6531121310177
22	10.77503293672904	14.22328391883172
22	10.77503293672904	8.297365612998192
22	10.77503293672904	53.728337465812615
22	10.77503293672904	1.623414038598217
22	10.77503293672904	115.55655054258
22	10.77503293672904	129.41550992582862
22	10.77503293672904	71.72142307490618
22	10.77503293672904	54.25722076153306
22	10.77503293672904	32.35601422177129
22	10.77503293672904	7.448519647665998
22	10.77503293672904	43.08058070737053
22	10.77503293672904	15.26894684946303
22	10.77503293672904	38.342717153980395
22	10.77503293672904	26.16210976562789
22	10.77503293672904	3.891861061449413
22	10.77503293672904	21.291059555878125
22	10.77503293672904	50.0515218021236
22	10.77503293672904	24.180834193895397
22	10.77503293672904	116.68500730268221
