69	10.404939402617238	77.81203417841282
69	10.404939402617238	27.76786261091735
69	10.404939402617238	42.77763685725892
69	10.404939402617238	45.939236807509324
69	10.404939402617238	91.16572751213883
69	10.404939402617238	9.364177930838016
69	10.404939402617238	19.164348368176444
69	10.404939402617238	13.39984251140452
69	10.404939402617238	13.973009949737436
69	10.404939402617238	17.469643492868443
69	10.404939402617238	12.020048334864118
69	10.404939402617238	19.884432713381507
69	10.404939402617238	55.8178962703172
69	10.404939402617238	27.634494926282645
69	10.404939402617238	74.17923826940137
69	10.404939402617238	19.179325080953195
69	10.404939402617238	89.5712051272776
69	10.404939402617238	32.40601367710465
69	10.404939402617238	25.512101540545377
69	10.404939402617238	63.48182976537266
69	10.404939402617238	36.76796420845178
69	10.404939402617238	13.15277742764225
69	10.404939402617238	17.899405646827496
69	10.404939402617238	203.44942018624303
69	10.404939402617238	17.096655813408823
69	10.404939402617238	82.74517667484608
69	10.404939402617238	6.440263149613275
69	10.404939402617238	6.26676776410978
69	10.404939402617238	15.454625213669107
69	10.404939402617238	17.963890240127665
69	10.404939402617238	3.4594797458468274
69	10.404939402617238	38.40960046065508
69	10.404939402617238	42.31316485096461
69	10.404939402617238	9.663112623047851
69	10.404939402617238	7.946991555018233
69	10.404939402617238	8.200253888316626
69	10.404939402617238	159.64266995561576
69	10.404939402617238	33.78762751578821
69	10.404939402617238	80.57318428907874
69	10.404939402617238	69.74536360113592
69	10.404939402617238	15.079524179313628
69	10.404939402617238	6.828793872983518
69	10.404939402617238	3.858669612326226
69	10.404939402617238	33.25489166393015
69	10.404939402617238	21.40727501062747
69	10.404939402617238	24.962791231644633
69	10.404939402617238	7.986616230595163
69	10.404939402617238	30.457425728964882
69	10.404939402617238	56.6564032787048
69	10.404939402617238	17.42092800543151
69	10.404939402617238	134.06659356607688
69	10.404939402617238	161.22085910201247
69	10.404939402617238	12.733664216585478
69	10.404939402617238	89.2457325023397
69	10.404939402617238	27.699052343619247
69	10.404939402617238	23.468355849584473
69	10.404939402617238	20.435806576145797
69	10.404939402617238	32.03054427992787
69	10.404939402617238	77.633088766769
69	10.404939402617238	45.74554032076486
69	10.404939402617238	153.28372353736736
69	10.404939402617238	19.73169219068249
69	10.404939402617238	44.05356641920891
69	10.404939402617238	116.14083157879236
69	10.404939402617238	18.91786757714535
69	10.404939402617238	46.04198830291184
69	10.404939402617238	59.290888828743675
69	10.404939402617238	28.077372350833524
69	10.404939402617238	10.683540132340168
