29	20.77236619823856	18.31966950259189
29	20.77236619823856	34.036298357719026
29	20.77236619823856	7.4888182564088694
29	20.77236619823856	38.130541700523914
29	20.77236619823856	61.490763696389095
29	20.77236619823856	74.90201845656286
29	20.77236619823856	26.715367623752815
29	20.77236619823856	8.866977447548667
29	20.77236619823856	108.63260453302838
29	20.77236619823856	28.024654833589484
29	20.77236619823856	71.86015919099646
29	20.77236619823856	11.329412658968755
29	20.77236619823856	6.42267838816154
29	20.77236619823856	49.51354952318724
29	20.77236619823856	33.56119231260419
29	20.77236619823856	61.91176058644782
29	20.77236619823856	9.003774456636496
29	20.77236619823856	449.40354019103984
29	20.77236619823856	1017.0123940537379
29	20.77236619823856	160.74841131798007
29	20.77236619823856	157.183251229675
29	20.77236619823856	205.80760749821386
29	20.77236619823856	293.6958267264885
29	20.77236619823856	152.01106950618546
29	20.77236619823856	34.49615298096349
29	20.77236619823856	11.286621962375555
29	20.77236619823856	61.81300654834504
29	20.77236619823856	902.5507634411213
29	20.77236619823856	78.28411365763574
