54	27.12521241776869	19.57602774758708
54	27.12521241776869	174.57729910120864
54	27.12521241776869	192.21542140357545
54	27.12521241776869	82.54562124333165
54	27.12521241776869	18.323215256148682
54	27.12521241776869	42.84497688992453
54	27.12521241776869	4.856071653794699
54	27.12521241776869	15.559319613614386
54	27.12521241776869	405.7728729609346
54	27.12521241776869	209.00174892578522
54	27.12521241776869	69.05587874678666
54	27.12521241776869	33.61113973170617
54	27.12521241776869	50.848620818200985
54	27.12521241776869	108.45214219828607
54	27.12521241776869	72.63356969651586
54	27.12521241776869	53.83185179511411
54	27.12521241776869	150.96953089931168
54	27.12521241776869	47.95395117282646
54	27.12521241776869	86.66864071080748
54	27.12521241776869	199.50725214346298
54	27.12521241776869	23.773540667261038
54	27.12521241776869	206.24854409206768
54	27.12521241776869	24.916092021948902
54	27.12521241776869	236.37266722676185
54	27.12521241776869	29.702003849237265
54	27.12521241776869	35.185709503011424
54	27.12521241776869	16.617074292800627
54	27.12521241776869	666.3576080191032
54	27.12521241776869	875.5356305948615
54	27.12521241776869	178.3359811486105
54	27.12521241776869	70.16959355540797
54	27.12521241776869	90.71687741719946
54	27.12521241776869	22.555022286613042
54	27.12521241776869	25.749303661124934
54	27.12521241776869	258.2204339247297
54	27.12521241776869	105.16080561758224
54	27.12521241776869	100.87842395493324
54	27.12521241776869	26.87465670546359
54	27.12521241776869	818.0322358904762
54	27.12521241776869	111.6043864370347
54	27.12521241776869	50.075187488993244
54	27.12521241776869	43.93842369161131
54	27.12521241776869	16.847695865151778
54	27.12521241776869	51.83236573377362
54	27.12521241776869	86.27370694033263
54	27.12521241776869	492.7384387079901
54	27.12521241776869	42.55698803013333
54	27.12521241776869	187.18383999774545
54	27.12521241776869	600.5020948404265
54	27.12521241776869	73.59862863627633
54	27.12521241776869	35.64544232040187
54	27.12521241776869	103.17033333863748
54	27.12521241776869	79.55291816315557
54	27.12521241776869	482.3679789270555
