39	5.732618472056147	66.72220481069209
39	5.732618472056147	16.67726149557065
39	5.732618472056147	14.058780818997484
39	5.732618472056147	48.7980161639377
39	5.732618472056147	9.346257644950242
39	5.732618472056147	3.172669444975842
39	5.732618472056147	65.73149621762778
39	5.732618472056147	3.6451863861764195
39	5.732618472056147	3.1556123465365737
39	5.732618472056147	157.0122346988819
39	5.732618472056147	4.792455851454783
39	5.732618472056147	9.26102895616814
39	5.732618472056147	25.818439314330472
39	5.732618472056147	32.62901193629562
39	5.732618472056147	11.73457497270952
39	5.732618472056147	10.94262292294938
39	5.732618472056147	20.668198378353374
39	5.732618472056147	16.90670411682955
39	5.732618472056147	10.296705108087291
39	5.732618472056147	29.290380552381798
39	5.732618472056147	16.03669459765673
39	5.732618472056147	16.494923003620862
39	5.732618472056147	3.1319985857437276
39	5.732618472056147	11.88946276731373
39	5.732618472056147	29.04869325579763
39	5.732618472056147	11.33479058102571
39	5.732618472056147	19.358896496573426
39	5.732618472056147	56.66000217645723
39	5.732618472056147	3.2318691083461193
39	5.732618472056147	19.398266721268847
39	5.732618472056147	85.45503507344469
39	5.732618472056147	4.926049564675186
39	5.732618472056147	14.36278857379483
39	5.732618472056147	15.0670943119237
39	5.732618472056147	24.759799363019738
39	5.732618472056147	88.25728963739321
39	5.732618472056147	47.44614027781045
39	5.732618472056147	15.047728562744492
39	5.732618472056147	5.661756464732228
