64	5.454514221744259	7.2268396869941744
64	5.454514221744259	5.798789467485283
64	5.454514221744259	4.173414843004703
64	5.454514221744259	31.068161101961344
64	5.454514221744259	5.635182012420033
64	5.454514221744259	16.902509115223165
64	5.454514221744259	46.44269496499538
64	5.454514221744259	28.68300735052362
64	5.454514221744259	30.044836623316943
64	5.454514221744259	26.051751023613768
64	5.454514221744259	29.186770170792954
64	5.454514221744259	31.404913859425392
64	5.454514221744259	38.16395667978911
64	5.454514221744259	9.465473444271607
64	5.454514221744259	10.568170901306036
64	5.454514221744259	8.853954991840194
64	5.454514221744259	19.876290397853545
64	5.454514221744259	2.169228706055759
64	5.454514221744259	4.323115798596242
64	5.454514221744259	47.81977182270276
64	5.454514221744259	20.03972279027506
64	5.454514221744259	118.82088382895326
64	5.454514221744259	32.11150106604454
64	5.454514221744259	12.69582856435653
64	5.454514221744259	4.396285166713112
64	5.454514221744259	45.33109722419791
64	5.454514221744259	35.61457357933139
64	5.454514221744259	27.55140222194288
64	5.454514221744259	26.034977980402946
64	5.454514221744259	10.631541578698279
64	5.454514221744259	9.840671613161065
64	5.454514221744259	20.633087567604708
64	5.454514221744259	29.91469511441373
64	5.454514221744259	46.38091946020187
64	5.454514221744259	11.386531397337448
64	5.454514221744259	12.654160040045136
64	5.454514221744259	4.724863956486431
64	5.454514221744259	12.847332290564397
64	5.454514221744259	20.55231816368932
64	5.454514221744259	30.998563706953437
64	5.454514221744259	8.412672421052124
64	5.454514221744259	6.548795944622224
64	5.454514221744259	5.147858656608597
64	5.454514221744259	127.4514478290225
64	5.454514221744259	30.23316702890579
64	5.454514221744259	3.0042661919716678
64	5.454514221744259	7.481341630931521
64	5.454514221744259	83.47271720754918
64	5.454514221744259	15.61099004952053
64	5.454514221744259	176.94323768533638
64	5.454514221744259	40.96276627338394
64	5.454514221744259	25.78575441494026
64	5.454514221744259	24.664499033026534
64	5.454514221744259	1.6160217702782473
64	5.454514221744259	34.748055784143254
64	5.454514221744259	30.092498535552167
64	5.454514221744259	16.24708452535611
64	5.454514221744259	16.878812928076
64	5.454514221744259	14.925708967918565
64	5.454514221744259	23.53984099503732
64	5.454514221744259	77.50240054854699
64	5.454514221744259	21.153444373733997
64	5.454514221744259	40.87051885077394
64	5.454514221744259	39.606189410129765
