27	4.972587547177082	5.5092419541350335
27	4.972587547177082	127.06764186644557
27	4.972587547177082	36.86590563450092
27	4.972587547177082	10.470682919514513
27	4.972587547177082	4.901076123630834
27	4.972587547177082	8.135718140716229
27	4.972587547177082	9.409338007772703
27	4.972587547177082	21.67073330737663
27	4.972587547177082	4.72648906370689
27	4.972587547177082	7.105498178851866
27	4.972587547177082	88.05966993136717
27	4.972587547177082	20.539534335087392
27	4.972587547177082	41.7547461806183
27	4.972587547177082	20.622478140661258
27	4.972587547177082	8.693616355780366
27	4.972587547177082	24.489458862315388
27	4.972587547177082	6.971727742275511
27	4.972587547177082	1.8033008311634258
27	4.972587547177082	15.44065600630138
27	4.972587547177082	22.834048521626325
27	4.972587547177082	6.649423421836029
27	4.972587547177082	55.42585949558745
27	4.972587547177082	17.64887373558333
27	4.972587547177082	21.659124508529015
27	4.972587547177082	49.891890790529935
27	4.972587547177082	10.147140216843786
27	4.972587547177082	7.330716476323842
