53	14.078890708483591	45.04008070636217
53	14.078890708483591	17.539923572675114
53	14.078890708483591	27.18549773920618
53	14.078890708483591	39.0773856979434
53	14.078890708483591	16.24527946950833
53	14.078890708483591	13.094154270785884
53	14.078890708483591	51.19364470567033
53	14.078890708483591	145.82104405178492
53	14.078890708483591	21.418877036048716
53	14.078890708483591	26.95937924289912
53	14.078890708483591	184.65925245475475
53	14.078890708483591	357.09892009901586
53	14.078890708483591	73.9825368293169
53	14.078890708483591	34.000475185524515
53	14.078890708483591	89.61997684461517
53	14.078890708483591	41.96765067691979
53	14.078890708483591	46.75869983129302
53	14.078890708483591	13.826900282144802
53	14.078890708483591	10.463489372086606
53	14.078890708483591	89.01425537117817
53	14.078890708483591	41.77525712126762
53	14.078890708483591	98.59409080501783
53	14.078890708483591	33.1811232386841
53	14.078890708483591	8.497575509441129
53	14.078890708483591	22.37595630713618
53	14.078890708483591	7.436194973629347
53	14.078890708483591	35.833952475578904
53	14.078890708483591	31.966051711881978
53	14.078890708483591	21.96816787869998
53	14.078890708483591	101.7296006973218
53	14.078890708483591	13.219427441091506
53	14.078890708483591	11.1703935361188
53	14.078890708483591	21.572625348179205
53	14.078890708483591	41.29260150168871
53	14.078890708483591	62.38031829285482
53	14.078890708483591	8.15088068520141
53	14.078890708483591	130.33026606277926
53	14.078890708483591	61.25858847317297
53	14.078890708483591	79.1058325110624
53	14.078890708483591	11.413889553410009
53	14.078890708483591	44.26538890012753
53	14.078890708483591	52.67977780212655
53	14.078890708483591	9.024225527698167
53	14.078890708483591	107.04877454775712
53	14.078890708483591	11.43012859388748
53	14.078890708483591	19.61494684041333
53	14.078890708483591	7.316969110566047
53	14.078890708483591	110.98231110598776
53	14.078890708483591	12.767305492956584
53	14.078890708483591	61.7543976243083
53	14.078890708483591	68.29459576089394
53	14.078890708483591	49.8831892977789
53	14.078890708483591	40.69931255079515
