26	2.2459213132563547	4.776865178191277
26	2.2459213132563547	5.5820571195762945
26	2.2459213132563547	5.152887616003534
26	2.2459213132563547	9.99747206537304
26	2.2459213132563547	9.89252524940916
26	2.2459213132563547	11.889069828817792
26	2.2459213132563547	12.666368966198585
26	2.2459213132563547	45.50153853712435
26	2.2459213132563547	5.539844603862756
26	2.2459213132563547	2.4500131940230077
26	2.2459213132563547	12.47446229272545
26	2.2459213132563547	11.700611623334156
26	2.2459213132563547	3.1103894069646807
26	2.2459213132563547	3.47751337380512
26	2.2459213132563547	18.229852097693584
26	2.2459213132563547	4.753784773483337
26	2.2459213132563547	9.915366313434747
26	2.2459213132563547	13.448167220138794
26	2.2459213132563547	1.6256063422304428
26	2.2459213132563547	6.0813808328220516
26	2.2459213132563547	28.673246017250367
26	2.2459213132563547	5.5482813575410095
26	2.2459213132563547	170.43127339522434
26	2.2459213132563547	17.617902124086477
26	2.2459213132563547	5.583913692989753
26	2.2459213132563547	43.934390553157854
