20	8.747716761821676	38.60745090113559
20	8.747716761821676	32.95596964589823
20	8.747716761821676	39.526855410277456
20	8.747716761821676	114.49859011058689
20	8.747716761821676	4.567789761697162
20	8.747716761821676	12.791376504763829
20	8.747716761821676	18.64868534254829
20	8.747716761821676	83.93253562093832
20	8.747716761821676	9.66769274012085
20	8.747716761821676	58.35177666571886
20	8.747716761821676	46.90713222980566
20	8.747716761821676	28.786771433023127
20	8.747716761821676	76.45573500625083
20	8.747716761821676	32.83386341209533
20	8.747716761821676	3.5545704076888147
20	8.747716761821676	51.774097533510336
20	8.747716761821676	27.889512145053494
20	8.747716761821676	37.0140927975182
20	8.747716761821676	44.83277665445788
20	8.747716761821676	10.319968457608766
