23	1.0509230675055947	4.308683106983251
23	1.0509230675055947	4.223568730769286
23	1.0509230675055947	3.725824017479907
23	1.0509230675055947	1.860380620250568
23	1.0509230675055947	7.621514267065608
23	1.0509230675055947	6.546660795983784
23	1.0509230675055947	9.118917686795601
23	1.0509230675055947	4.374880468425303
23	1.0509230675055947	9.805947905009965
23	1.0509230675055947	0.36030631798704194
23	1.0509230675055947	4.96095328987351
23	1.0509230675055947	5.312372369672837
23	1.0509230675055947	0.5050376157806111
23	1.0509230675055947	1.247182913324089
23	1.0509230675055947	2.781479440681458
23	1.0509230675055947	4.165581303928673
23	1.0509230675055947	15.114178641572922
23	1.0509230675055947	4.932050324527948
23	1.0509230675055947	2.9239864083118703
23	1.0509230675055947	0.2575897567650988
23	1.0509230675055947	1.6410023430028922
23	1.0509230675055947	4.562307211425428
23	1.0509230675055947	2.0494174982965387
