23	9.830326429628364	9.521246824765184
23	9.830326429628364	93.0195488149315
23	9.830326429628364	19.063803823846825
23	9.830326429628364	92.98554723143808
23	9.830326429628364	3.889673178135167
23	9.830326429628364	16.644534962372823
23	9.830326429628364	80.47497627587815
23	9.830326429628364	13.324881201188324
23	9.830326429628364	15.75116699641886
23	9.830326429628364	3.7300599997069286
23	9.830326429628364	31.887276033014512
23	9.830326429628364	5.547274184657438
23	9.830326429628364	30.835458005387107
23	9.830326429628364	6.99110156780968
23	9.830326429628364	13.997015907076783
23	9.830326429628364	65.50274502400899
23	9.830326429628364	5.397445218478581
23	9.830326429628364	14.563447542237517
23	9.830326429628364	13.963692803377006
23	9.830326429628364	18.865769036519435
23	9.830326429628364	14.812049548495978
23	9.830326429628364	76.44945706144273
23	9.830326429628364	99.02937620656485
