43	5.297329737244065	17.660650258049188
43	5.297329737244065	20.84636501917152
43	5.297329737244065	55.63063989055078
43	5.297329737244065	46.07680294905925
43	5.297329737244065	34.04707562381317
43	5.297329737244065	29.086916305960074
43	5.297329737244065	15.800257985933959
43	5.297329737244065	38.200945973332686
43	5.297329737244065	13.340522966598485
43	5.297329737244065	10.996957537501354
43	5.297329737244065	7.7377677751538005
43	5.297329737244065	15.703406306248501
43	5.297329737244065	28.756280079392212
43	5.297329737244065	3.4125035263476513
43	5.297329737244065	19.46951609389112
43	5.297329737244065	42.410573056715855
43	5.297329737244065	34.9510379476948
43	5.297329737244065	5.6402619429434555
43	5.297329737244065	72.32842303826133
43	5.297329737244065	30.11189964114517
43	5.297329737244065	17.695048812912546
43	5.297329737244065	20.913782319994226
43	5.297329737244065	8.835231575788434
43	5.297329737244065	8.040526672412982
43	5.297329737244065	11.013124516196207
43	5.297329737244065	54.62733811424732
43	5.297329737244065	10.659561974332677
43	5.297329737244065	29.703188968252377
43	5.297329737244065	8.741170233570267
43	5.297329737244065	14.22530680187604
43	5.297329737244065	5.149892955502706
43	5.297329737244065	10.15108337011016
43	5.297329737244065	27.619358775058117
43	5.297329737244065	20.744623708926614
43	5.297329737244065	9.50005543128225
43	5.297329737244065	4.532647710979366
43	5.297329737244065	10.149382180682027
43	5.297329737244065	7.701887355439214
43	5.297329737244065	31.56637173356903
43	5.297329737244065	22.913503017487724
43	5.297329737244065	10.02616154501964
43	5.297329737244065	17.466685422242065
43	5.297329737244065	46.539949942190525
