51	9.254269306202795	9.932643924930435
51	9.254269306202795	11.581079775307655
51	9.254269306202795	9.916476602117987
51	9.254269306202795	18.849852468663677
51	9.254269306202795	10.414772092382037
51	9.254269306202795	45.69832517803391
51	9.254269306202795	10.08483511517668
51	9.254269306202795	11.387866528197057
51	9.254269306202795	41.68597509349327
51	9.254269306202795	90.72627288359948
51	9.254269306202795	14.102079406113663
51	9.254269306202795	98.91418395532257
51	9.254269306202795	64.56178776389784
51	9.254269306202795	65.34734790769348
51	9.254269306202795	31.611100014655204
51	9.254269306202795	22.383057436114026
51	9.254269306202795	8.786585786524439
51	9.254269306202795	7.693891040241464
51	9.254269306202795	82.76456676274567
51	9.254269306202795	525.0250514970254
51	9.254269306202795	21.656941144917976
51	9.254269306202795	8.332352880129074
51	9.254269306202795	10.887756148017786
51	9.254269306202795	9.909953638788336
51	9.254269306202795	54.824240533547844
51	9.254269306202795	66.02563605756335
51	9.254269306202795	24.20235118732768
51	9.254269306202795	16.73490246415924
51	9.254269306202795	81.51101335397568
51	9.254269306202795	88.73557635611151
51	9.254269306202795	80.88260868037702
51	9.254269306202795	31.443870942889586
51	9.254269306202795	5.76301361548923
51	9.254269306202795	9.52346479782397
51	9.254269306202795	9.45340402491076
51	9.254269306202795	66.85851773153371
51	9.254269306202795	16.88530500658138
51	9.254269306202795	25.71405087888755
51	9.254269306202795	19.011378312746263
51	9.254269306202795	76.96398340724312
51	9.254269306202795	36.7404593838523
51	9.254269306202795	12.54938135769559
51	9.254269306202795	13.444075643947272
51	9.254269306202795	54.565794485220415
51	9.254269306202795	11.354029756967355
51	9.254269306202795	7.186470492991391
51	9.254269306202795	39.37596764660816
51	9.254269306202795	28.87659647755946
51	9.254269306202795	25.49920026026882
51	9.254269306202795	45.93365783197695
51	9.254269306202795	56.66050143776256
