29	3.8558748612098706	25.693099741839376
29	3.8558748612098706	24.405024332329234
29	3.8558748612098706	2.487716951034106
29	3.8558748612098706	9.435406349461172
29	3.8558748612098706	5.874203566875422
29	3.8558748612098706	11.681482270568619
29	3.8558748612098706	17.738122833005065
29	3.8558748612098706	25.71799681057088
29	3.8558748612098706	3.9842794987670853
29	3.8558748612098706	3.7906942240607555
29	3.8558748612098706	9.022345191285861
29	3.8558748612098706	3.7571391652725445
29	3.8558748612098706	4.352777487850992
29	3.8558748612098706	17.052059739624752
29	3.8558748612098706	27.37800382445722
29	3.8558748612098706	13.409108869269462
29	3.8558748612098706	31.91773645354853
29	3.8558748612098706	14.049128542948736
29	3.8558748612098706	1.9605070440987744
29	3.8558748612098706	15.963460191537342
29	3.8558748612098706	5.507215073998525
29	3.8558748612098706	7.8930718617284805
29	3.8558748612098706	15.44632740280003
29	3.8558748612098706	1.0466095072861201
29	3.8558748612098706	16.115713109154495
29	3.8558748612098706	2.082629298004526
29	3.8558748612098706	37.55137855872251
29	3.8558748612098706	40.870877218419665
29	3.8558748612098706	31.33680321034866
