52	10.846039461117721	32.79672690922163
52	10.846039461117721	56.11752088613273
52	10.846039461117721	27.1329154541613
52	10.846039461117721	23.54838819838308
52	10.846039461117721	37.731502547838616
52	10.846039461117721	11.924311984934407
52	10.846039461117721	9.624433652300409
52	10.846039461117721	177.25054098025535
52	10.846039461117721	134.58552865197743
52	10.846039461117721	25.69157620004355
52	10.846039461117721	18.13527749625774
52	10.846039461117721	5.960196688036229
52	10.846039461117721	151.8329573828392
52	10.846039461117721	28.390357380342255
52	10.846039461117721	247.10924366316917
52	10.846039461117721	38.1806536451908
52	10.846039461117721	133.47015228065595
52	10.846039461117721	116.39515460362529
52	10.846039461117721	50.32861038221807
52	10.846039461117721	8.275837257592212
52	10.846039461117721	20.79870108662362
52	10.846039461117721	23.50844183531589
52	10.846039461117721	13.081096332680895
52	10.846039461117721	88.49562288836916
52	10.846039461117721	47.40098826287353
52	10.846039461117721	2.4746855881140606
52	10.846039461117721	7.995934891732999
52	10.846039461117721	151.44766741871967
52	10.846039461117721	22.40486678649898
52	10.846039461117721	14.515646201229114
52	10.846039461117721	4.3033587520238905
52	10.846039461117721	73.0679303876344
52	10.846039461117721	10.200930243670342
52	10.846039461117721	5.894794688732774
52	10.846039461117721	18.964091484071485
52	10.846039461117721	20.270285295231258
52	10.846039461117721	17.89798108039658
52	10.846039461117721	32.233075306650086
52	10.846039461117721	243.0366710729676
52	10.846039461117721	22.330337320608617
52	10.846039461117721	5.214933534240913
52	10.846039461117721	2.868082539101006
52	10.846039461117721	36.318037660398026
52	10.846039461117721	21.900561713685168
52	10.846039461117721	7.214946373772216
52	10.846039461117721	37.523892850726284
52	10.846039461117721	497.6354664370529
52	10.846039461117721	91.63810203556253
52	10.846039461117721	40.03503991956864
52	10.846039461117721	35.34222786916696
52	10.846039461117721	10.098511173758148
52	10.846039461117721	81.11712345262842
