41	10.207423579318606	12.950811336130968
41	10.207423579318606	27.41981813917081
41	10.207423579318606	17.818746905644655
41	10.207423579318606	76.57996208718201
41	10.207423579318606	3.0929082500612757
41	10.207423579318606	30.269420889458303
41	10.207423579318606	19.62311686879517
41	10.207423579318606	34.141089156672486
41	10.207423579318606	16.35805903607776
41	10.207423579318606	74.66220879797878
41	10.207423579318606	350.62004644511734
41	10.207423579318606	47.60959440207116
41	10.207423579318606	81.5233352075678
41	10.207423579318606	47.550321567172226
41	10.207423579318606	6.892594499967227
41	10.207423579318606	14.488961573114356
41	10.207423579318606	45.90904388746515
41	10.207423579318606	11.146078609671248
41	10.207423579318606	567.7615062484764
41	10.207423579318606	7.4243244347659445
41	10.207423579318606	27.457402317002227
41	10.207423579318606	4.178227882085589
41	10.207423579318606	65.2050112146506
41	10.207423579318606	47.935376951769555
41	10.207423579318606	9.94208955963023
41	10.207423579318606	17.782256169685883
41	10.207423579318606	8.016306113270067
41	10.207423579318606	136.261011333448
41	10.207423579318606	24.95427281281334
41	10.207423579318606	43.517415390089944
41	10.207423579318606	471.66180414805586
41	10.207423579318606	91.67997901573423
41	10.207423579318606	51.05812672127263
41	10.207423579318606	3.6940505948399673
41	10.207423579318606	21.32187205796253
41	10.207423579318606	100.82707373127609
41	10.207423579318606	11.64702366990787
41	10.207423579318606	81.4198077404649
41	10.207423579318606	68.0840049122508
41	10.207423579318606	7.90547914855656
41	10.207423579318606	13.568670669836738
