21	2393341085.2	1.87441795802e+12
21	2393341085.2	45461344620.6
21	2393341085.2	1.31320153537e+12
21	2393341085.2	6.02462476903e+12
21	2393341085.2	403231429652.0
21	2393341085.2	238421755847.0
21	2393341085.2	117733870269.0
21	2393341085.2	236211564726.0
21	2393341085.2	6.69597628223e+12
21	2393341085.2	159535168573.0
21	2393341085.2	3.15442007854e+12
21	2393341085.2	2.3191898755e+12
21	2393341085.2	97108195635.7
21	2393341085.2	4.48741285479e+12
21	2393341085.2	2.53675740661e+12
21	2393341085.2	878934022675.0
21	2393341085.2	255328127822.0
21	2393341085.2	720201599894.0
21	2393341085.2	235114810643.0
21	2393341085.2	2.45036971159e+12
21	2393341085.2	3.11208492341e+12
