178	12.668669552859	3.109602659129093
178	12.668669552859	19.931284577755513
178	12.668669552859	62.22072758517645
178	12.668669552859	16.08131819873715
178	12.668669552859	55.828883147763655
178	12.668669552859	14.032700584137055
178	12.668669552859	86.0212388140898
178	12.668669552859	27.014919126056245
178	12.668669552859	19.03859084918333
178	12.668669552859	40.247488900423875
178	12.668669552859	142.52008422470684
178	12.668669552859	72.73875708325677
178	12.668669552859	42.77157681067758
178	12.668669552859	213.83502315576203
178	12.668669552859	56.063373385901926
178	12.668669552859	60.45620509173747
178	12.668669552859	95.67116075253014
178	12.668669552859	42.18971077565261
178	12.668669552859	170.04381524570363
178	12.668669552859	5.993470176144386
178	12.668669552859	38.5421534133347
178	12.668669552859	197.5788345660848
178	12.668669552859	34.97951326436567
178	12.668669552859	20.400653557522446
178	12.668669552859	51.148076975092245
178	12.668669552859	9.06784771699121
178	12.668669552859	116.80014437267512
178	12.668669552859	32.84993985876054
178	12.668669552859	7.655757071765369
178	12.668669552859	21.39447330227982
178	12.668669552859	26.676555166378233
178	12.668669552859	36.71396577825105
178	12.668669552859	66.86319094708172
178	12.668669552859	25.340343812806534
178	12.668669552859	64.40370063283628
178	12.668669552859	40.05596425460856
178	12.668669552859	166.49989360651423
178	12.668669552859	74.71291208863575
178	12.668669552859	23.614422179177126
178	12.668669552859	51.12635118518726
178	12.668669552859	12.05087664203153
178	12.668669552859	53.40157496849478
178	12.668669552859	109.58952809402453
178	12.668669552859	26.993431245960952
178	12.668669552859	14.96150277268412
178	12.668669552859	33.778072959359406
178	12.668669552859	55.68518593729893
178	12.668669552859	19.36631264761486
178	12.668669552859	138.8264245385303
178	12.668669552859	30.195616438464523
178	12.668669552859	38.1077734472214
178	12.668669552859	67.86260547110565
178	12.668669552859	103.9777722034387
178	12.668669552859	103.93050903548925
178	12.668669552859	43.82003500798155
178	12.668669552859	162.1502443829292
178	12.668669552859	11.375144143386345
178	12.668669552859	160.6756763710561
178	12.668669552859	27.263210017399054
178	12.668669552859	69.84676110593944
178	12.668669552859	65.13328821321554
178	12.668669552859	6.034047205370125
178	12.668669552859	21.259877841435518
178	12.668669552859	17.658540781684426
178	12.668669552859	23.651297780664866
178	12.668669552859	12.8427767773585
178	12.668669552859	55.41314435494431
178	12.668669552859	62.82989383369566
178	12.668669552859	18.22808740475508
178	12.668669552859	13.58839500328762
178	12.668669552859	45.86295441689148
178	12.668669552859	23.210413639232385
178	12.668669552859	1.9594890325901488
178	12.668669552859	11.842939625497806
178	12.668669552859	10.772247014548242
178	12.668669552859	266.4091733385601
178	12.668669552859	96.02311111203853
178	12.668669552859	97.45323543467185
178	12.668669552859	26.920135904020263
178	12.668669552859	44.95161921961828
178	12.668669552859	13.838545527158383
178	12.668669552859	29.978898195259784
178	12.668669552859	22.618363145257256
178	12.668669552859	17.423247929717125
178	12.668669552859	20.13340331327347
178	12.668669552859	13.380408559407073
178	12.668669552859	18.43751266325388
178	12.668669552859	28.32320414550217
178	12.668669552859	15.268786827569176
178	12.668669552859	22.325845084163866
178	12.668669552859	33.98810936793763
178	12.668669552859	354.9765064848271
178	12.668669552859	8.092986007833778
178	12.668669552859	70.00226070633794
178	12.668669552859	35.2854056006911
178	12.668669552859	14.419734796920595
178	12.668669552859	10.881777689519744
178	12.668669552859	5.028141299717443
178	12.668669552859	183.89231328198608
178	12.668669552859	10.538941051733984
178	12.668669552859	15.289279281927532
178	12.668669552859	4.278285524119708
178	12.668669552859	84.09484419761945
178	12.668669552859	4.985559837007581
178	12.668669552859	54.39431388746323
178	12.668669552859	26.173266342882602
178	12.668669552859	49.31471630654947
178	12.668669552859	47.98803948533966
178	12.668669552859	63.504901108636275
178	12.668669552859	122.45929610438017
178	12.668669552859	15.810028001856539
178	12.668669552859	32.27114053924414
178	12.668669552859	11.66838507723986
178	12.668669552859	39.718853973872086
178	12.668669552859	14.14625940892359
178	12.668669552859	7.521224785391946
178	12.668669552859	37.79936362284223
178	12.668669552859	263.9685353407786
178	12.668669552859	10.178230857549666
178	12.668669552859	127.9825653187903
178	12.668669552859	60.77650329212631
178	12.668669552859	32.96845934554274
178	12.668669552859	48.23273885409262
178	12.668669552859	68.77052876432023
178	12.668669552859	40.89264254506328
178	12.668669552859	51.262942578898304
178	12.668669552859	54.442414278212134
178	12.668669552859	32.09135292104102
178	12.668669552859	35.88206170631692
178	12.668669552859	34.64105911812629
178	12.668669552859	22.637357361141024
178	12.668669552859	232.48774045826826
178	12.668669552859	33.32621911014293
178	12.668669552859	145.23603829815065
178	12.668669552859	45.27273310450859
178	12.668669552859	97.83808584132895
178	12.668669552859	396.0176932398967
178	12.668669552859	22.552775292649695
178	12.668669552859	57.590518345968285
178	12.668669552859	20.05213363766981
178	12.668669552859	32.634953863564654
178	12.668669552859	33.1458010802535
178	12.668669552859	4.598487552362453
178	12.668669552859	38.77130702059662
178	12.668669552859	296.09032484477166
178	12.668669552859	21.956739728597288
178	12.668669552859	60.97731227136083
178	12.668669552859	20.71628821768795
178	12.668669552859	31.850494428572322
178	12.668669552859	20.63392758283821
178	12.668669552859	98.89615936335301
178	12.668669552859	36.02994725319279
178	12.668669552859	29.660104575605203
178	12.668669552859	45.869793651769655
178	12.668669552859	58.60804811056956
178	12.668669552859	181.32761375671322
178	12.668669552859	77.90084310105199
178	12.668669552859	10.930112044065249
178	12.668669552859	74.51166720484505
178	12.668669552859	96.63490172883549
178	12.668669552859	4.049691201020726
178	12.668669552859	25.49779375996641
178	12.668669552859	231.5839321557951
178	12.668669552859	64.84667734814529
178	12.668669552859	45.532180132632746
178	12.668669552859	37.966385005297255
178	12.668669552859	60.65703516784552
178	12.668669552859	27.805261528209233
178	12.668669552859	9.407424806023178
178	12.668669552859	54.400802209602055
178	12.668669552859	44.71831244689102
178	12.668669552859	7.070127170834071
178	12.668669552859	83.32336617665679
178	12.668669552859	52.02107769762122
178	12.668669552859	76.92543954780432
178	12.668669552859	81.5066599247833
178	12.668669552859	42.14156074562308
178	12.668669552859	45.30242127380856
