26	6.50796046422596	14.30302018044149
26	6.50796046422596	6.281562616865445
26	6.50796046422596	16.124675112746296
26	6.50796046422596	6.049845649061947
26	6.50796046422596	20.951564545503132
26	6.50796046422596	4.195394848906326
26	6.50796046422596	38.81761147529346
26	6.50796046422596	15.149975733871758
26	6.50796046422596	6.719890744491806
26	6.50796046422596	4.247235787238836
26	6.50796046422596	23.154073222985122
26	6.50796046422596	17.865103155925546
26	6.50796046422596	8.256533772555592
26	6.50796046422596	11.022708290228925
26	6.50796046422596	29.009484723779895
26	6.50796046422596	17.372512854175596
26	6.50796046422596	22.661474811011946
26	6.50796046422596	42.96072422841909
26	6.50796046422596	23.056457668781622
26	6.50796046422596	2.2925282719844504
26	6.50796046422596	67.79836235776396
26	6.50796046422596	17.188223824971328
26	6.50796046422596	22.913154800536866
26	6.50796046422596	6.826397085177868
26	6.50796046422596	64.11650479910294
26	6.50796046422596	15.930180409531276
