18	13.728804052938438	353.21691906610573
18	13.728804052938438	140.27966861712926
18	13.728804052938438	31.12260947135727
18	13.728804052938438	51.83641175666195
18	13.728804052938438	226.51720402541304
18	13.728804052938438	86.11797313004612
18	13.728804052938438	82.31865219630862
18	13.728804052938438	27.31267748105834
18	13.728804052938438	5.96775258005873
18	13.728804052938438	20.94275213393745
18	13.728804052938438	88.1841147477359
18	13.728804052938438	15.073754886670857
18	13.728804052938438	110.4058159981906
18	13.728804052938438	65.86874377706395
18	13.728804052938438	101.6182277321546
18	13.728804052938438	16.776070909312946
18	13.728804052938438	50.17584592206668
18	13.728804052938438	54.733259489796374
