19	4.249469645188879	37.219412108626074
19	4.249469645188879	3.2230436535936713
19	4.249469645188879	11.092089316664076
19	4.249469645188879	15.263466595471279
19	4.249469645188879	10.969117828215465
19	4.249469645188879	3.2453552519670508
19	4.249469645188879	22.009984269411238
19	4.249469645188879	4.5473069443917264
19	4.249469645188879	6.041598354088988
19	4.249469645188879	7.86956560809822
19	4.249469645188879	8.318452219759617
19	4.249469645188879	25.41241459359844
19	4.249469645188879	32.69719276809026
19	4.249469645188879	7.929357684525334
19	4.249469645188879	13.75637841331097
19	4.249469645188879	0.9140156587339063
19	4.249469645188879	15.341687520214286
19	4.249469645188879	33.08886030941291
19	4.249469645188879	17.350914404677994
