150	11.557881827318765	34.56242595003014
150	11.557881827318765	23.736778654956947
150	11.557881827318765	15.679392677318038
150	11.557881827318765	38.1674242918859
150	11.557881827318765	32.99383816945426
150	11.557881827318765	15.780483357858534
150	11.557881827318765	354.44799057396546
150	11.557881827318765	14.620857680631975
150	11.557881827318765	23.412529863714155
150	11.557881827318765	11.441249635616998
150	11.557881827318765	3.459534576578123
150	11.557881827318765	45.08289209318277
150	11.557881827318765	38.417301550360236
150	11.557881827318765	52.99726503299027
150	11.557881827318765	22.423542349363302
150	11.557881827318765	43.35042907786845
150	11.557881827318765	25.79897512879628
150	11.557881827318765	22.907807527743802
150	11.557881827318765	39.81505968200265
150	11.557881827318765	4.854441037289514
150	11.557881827318765	144.57123537983085
150	11.557881827318765	55.48127774790897
150	11.557881827318765	54.779110451172954
150	11.557881827318765	18.870769546960457
150	11.557881827318765	27.767319341847713
150	11.557881827318765	10.805437339432952
150	11.557881827318765	36.622680681964866
150	11.557881827318765	23.16237998620513
150	11.557881827318765	65.4813263624473
150	11.557881827318765	59.36917513976048
150	11.557881827318765	4.050383241891546
150	11.557881827318765	113.1161566261036
150	11.557881827318765	52.93596497131075
150	11.557881827318765	45.06849622479324
150	11.557881827318765	20.331458225827642
150	11.557881827318765	19.464538115641005
150	11.557881827318765	8.975664836448102
150	11.557881827318765	11.75051940565617
150	11.557881827318765	24.205736249140624
150	11.557881827318765	38.2425547173573
150	11.557881827318765	30.778110409148542
150	11.557881827318765	35.413129621955896
150	11.557881827318765	41.69864451287716
150	11.557881827318765	31.652368338739564
150	11.557881827318765	63.498224580674076
150	11.557881827318765	16.46775931771341
150	11.557881827318765	58.50410366309727
150	11.557881827318765	35.970265253327696
150	11.557881827318765	29.468621475794357
150	11.557881827318765	33.92048644460361
150	11.557881827318765	12.004158874891868
150	11.557881827318765	34.87500746497419
150	11.557881827318765	110.84387503361206
150	11.557881827318765	88.78953403762031
150	11.557881827318765	31.09413155564349
150	11.557881827318765	70.57656447583227
150	11.557881827318765	30.594266251411184
150	11.557881827318765	21.013627146129085
150	11.557881827318765	25.353076933405426
150	11.557881827318765	8.565235252317636
150	11.557881827318765	65.34648776198566
150	11.557881827318765	23.41634829925221
150	11.557881827318765	40.86842929653814
150	11.557881827318765	24.746935758808448
150	11.557881827318765	203.18708061693084
150	11.557881827318765	3.5510150248277434
150	11.557881827318765	15.65936459085863
150	11.557881827318765	36.21722588828771
150	11.557881827318765	61.04368756564239
150	11.557881827318765	20.359417657627954
150	11.557881827318765	20.358374184037746
150	11.557881827318765	17.72814867126085
150	11.557881827318765	86.18049235451431
150	11.557881827318765	577.7129304250584
150	11.557881827318765	12.702105142484955
150	11.557881827318765	258.2705760347484
150	11.557881827318765	112.63369879519692
150	11.557881827318765	13.654233191760708
150	11.557881827318765	199.0963220105028
150	11.557881827318765	43.29485236481639
150	11.557881827318765	7.316031602370088
150	11.557881827318765	35.78289470961866
150	11.557881827318765	17.33616211401223
150	11.557881827318765	34.3799868732068
150	11.557881827318765	7.857376931865034
150	11.557881827318765	55.928346113680114
150	11.557881827318765	91.34492030864094
150	11.557881827318765	29.7619514930454
150	11.557881827318765	22.668321568683297
150	11.557881827318765	14.885054531952653
150	11.557881827318765	57.509978333618335
150	11.557881827318765	23.443486435130342
150	11.557881827318765	28.668635161470295
150	11.557881827318765	30.76384873169563
150	11.557881827318765	74.19873642442143
150	11.557881827318765	7.145183330408695
150	11.557881827318765	32.80122691912773
150	11.557881827318765	50.92559540208648
150	11.557881827318765	12.661399343839777
150	11.557881827318765	14.656762026851107
150	11.557881827318765	13.896868709464712
150	11.557881827318765	13.884377974141254
150	11.557881827318765	54.19882403863987
150	11.557881827318765	31.565180387211637
150	11.557881827318765	38.97796017692196
150	11.557881827318765	10.657964380942394
150	11.557881827318765	23.283010708348396
150	11.557881827318765	12.608993769155035
150	11.557881827318765	91.94955963387535
150	11.557881827318765	81.0551560803261
150	11.557881827318765	3.586749495018388
150	11.557881827318765	25.241220677262305
150	11.557881827318765	39.99488337929496
150	11.557881827318765	35.24049792159713
150	11.557881827318765	112.58463095285946
150	11.557881827318765	5.963835117588331
150	11.557881827318765	47.510149349517526
150	11.557881827318765	8.89823295654059
150	11.557881827318765	23.766102706028278
150	11.557881827318765	7.923220022377765
150	11.557881827318765	5.910266672857465
150	11.557881827318765	49.6929747142963
150	11.557881827318765	53.34837422287115
150	11.557881827318765	37.764561991785605
150	11.557881827318765	6.452028054146048
150	11.557881827318765	76.74514395240764
150	11.557881827318765	19.586446651516525
150	11.557881827318765	27.69185731989849
150	11.557881827318765	14.090704362889198
150	11.557881827318765	66.96376552489362
150	11.557881827318765	12.916913375423158
150	11.557881827318765	36.730692202465185
150	11.557881827318765	500.2723641472178
150	11.557881827318765	9.290151846027246
150	11.557881827318765	15.793099103094235
150	11.557881827318765	49.18694176084881
150	11.557881827318765	57.68748096397114
150	11.557881827318765	142.60959429897778
150	11.557881827318765	25.63970651808802
150	11.557881827318765	16.059733554884424
150	11.557881827318765	217.39203885774876
150	11.557881827318765	8.877886986619716
150	11.557881827318765	67.1679319832026
150	11.557881827318765	5.480106034983117
150	11.557881827318765	62.98325141023043
150	11.557881827318765	25.168176643695546
150	11.557881827318765	23.29967211406954
150	11.557881827318765	53.49386912308648
150	11.557881827318765	5.2153057026546135
150	11.557881827318765	32.047323927014375
