17	6.7640440110463205	18.97742225273177
17	6.7640440110463205	5.008233594182514
17	6.7640440110463205	3.1660764318329013
17	6.7640440110463205	5.658850617092625
17	6.7640440110463205	90.16370006902277
17	6.7640440110463205	13.67135736481772
17	6.7640440110463205	51.76839564620767
17	6.7640440110463205	5.457914336962355
17	6.7640440110463205	38.38953502494137
17	6.7640440110463205	13.36090574195636
17	6.7640440110463205	13.66519419996297
17	6.7640440110463205	55.75872575954783
17	6.7640440110463205	90.03351777760703
17	6.7640440110463205	33.61983492010667
17	6.7640440110463205	38.30226113313418
17	6.7640440110463205	27.27657194571628
17	6.7640440110463205	17.155226203080698
