130	12.161720822381486	75.94677181933902
130	12.161720822381486	62.67298002563815
130	12.161720822381486	4.490227112905226
130	12.161720822381486	5.980218808248831
130	12.161720822381486	23.95060096093295
130	12.161720822381486	23.60594706851518
130	12.161720822381486	137.79856800052914
130	12.161720822381486	14.722390465748836
130	12.161720822381486	48.047604217415156
130	12.161720822381486	20.871484132077207
130	12.161720822381486	59.934207762754156
130	12.161720822381486	14.461151813874814
130	12.161720822381486	39.88528767136076
130	12.161720822381486	50.74995489829698
130	12.161720822381486	2.011022669865133
130	12.161720822381486	132.9152998410745
130	12.161720822381486	22.385688870785895
130	12.161720822381486	29.07270426418273
130	12.161720822381486	33.987071199354496
130	12.161720822381486	9.256146541396415
130	12.161720822381486	100.92213631037497
130	12.161720822381486	79.30635055221171
130	12.161720822381486	69.33870838087955
130	12.161720822381486	17.660660810567286
130	12.161720822381486	348.6756448116434
130	12.161720822381486	39.238707330889696
130	12.161720822381486	24.78405312745434
130	12.161720822381486	16.94384673332211
130	12.161720822381486	31.48161245255469
130	12.161720822381486	188.28416210513763
130	12.161720822381486	75.52329085317754
130	12.161720822381486	110.79508061435523
130	12.161720822381486	33.461355301232096
130	12.161720822381486	139.4074398224255
130	12.161720822381486	187.46968385665593
130	12.161720822381486	15.1337275571071
130	12.161720822381486	155.36845888820537
130	12.161720822381486	32.69493444334039
130	12.161720822381486	14.197165749660428
130	12.161720822381486	53.009839448325366
130	12.161720822381486	84.83937196046882
130	12.161720822381486	113.03991370150695
130	12.161720822381486	36.957594529337165
130	12.161720822381486	131.0670651533116
130	12.161720822381486	17.276576920357094
130	12.161720822381486	353.5647028787256
130	12.161720822381486	60.43826180681358
130	12.161720822381486	530.604156204621
130	12.161720822381486	6.755691904195119
130	12.161720822381486	52.85125123947011
130	12.161720822381486	27.163863003810153
130	12.161720822381486	81.98334178390421
130	12.161720822381486	6.648365908797788
130	12.161720822381486	15.176390269776935
130	12.161720822381486	34.11809584994175
130	12.161720822381486	34.15447334976125
130	12.161720822381486	71.34979978213221
130	12.161720822381486	4.329757483600807
130	12.161720822381486	31.770478668627327
130	12.161720822381486	54.16678995833357
130	12.161720822381486	18.003559413164197
130	12.161720822381486	56.39657711275036
130	12.161720822381486	35.733306677308896
130	12.161720822381486	178.80737132575197
130	12.161720822381486	11.375655376850093
130	12.161720822381486	32.9544349340176
130	12.161720822381486	48.94313424245374
130	12.161720822381486	6.9198931446705405
130	12.161720822381486	10.047306060234131
130	12.161720822381486	18.561846426222846
130	12.161720822381486	111.02819051298958
130	12.161720822381486	26.707273393218408
130	12.161720822381486	80.20076054570585
130	12.161720822381486	45.25456198353599
130	12.161720822381486	19.15406678657787
130	12.161720822381486	18.13536551940391
130	12.161720822381486	19.46361638619478
130	12.161720822381486	29.202991378378194
130	12.161720822381486	37.52822273532269
130	12.161720822381486	111.63612504661747
130	12.161720822381486	49.928750760106034
130	12.161720822381486	23.753847610046353
130	12.161720822381486	16.67168550909648
130	12.161720822381486	21.47378724487399
130	12.161720822381486	104.81523252139431
130	12.161720822381486	96.82111050339563
130	12.161720822381486	29.57535249108433
130	12.161720822381486	6.715827826360008
130	12.161720822381486	2469.609310077583
130	12.161720822381486	28.21463098136964
130	12.161720822381486	72.6244192292772
130	12.161720822381486	139.37899616184626
130	12.161720822381486	15.329205324456037
130	12.161720822381486	91.48358462822297
130	12.161720822381486	69.97119761872197
130	12.161720822381486	103.30487420187116
130	12.161720822381486	3.4749126916978113
130	12.161720822381486	9.2121638726418
130	12.161720822381486	63.45762648811324
130	12.161720822381486	2.7654323742986247
130	12.161720822381486	202.75954585656862
130	12.161720822381486	60.677248622731184
130	12.161720822381486	20.481408320358003
130	12.161720822381486	48.95460552540217
130	12.161720822381486	38.0825223381219
130	12.161720822381486	70.52516474549502
130	12.161720822381486	28.67000436060505
130	12.161720822381486	20.488572508674352
130	12.161720822381486	193.51518035208366
130	12.161720822381486	50.362655362877184
130	12.161720822381486	29.880166907522778
130	12.161720822381486	54.4182973075126
130	12.161720822381486	45.26359009405875
130	12.161720822381486	137.55349263900513
130	12.161720822381486	24.058106710355332
130	12.161720822381486	35.762825632047004
130	12.161720822381486	42.13788996806799
130	12.161720822381486	236.4317663071409
130	12.161720822381486	59.170674185505185
130	12.161720822381486	92.59219573785094
130	12.161720822381486	14.534622039443956
130	12.161720822381486	41.87359591290704
130	12.161720822381486	22.876636404409794
130	12.161720822381486	12.09428589751551
130	12.161720822381486	215.73428092838734
130	12.161720822381486	38.19269884167389
130	12.161720822381486	6.665380311325424
130	12.161720822381486	45.73921064327263
130	12.161720822381486	271.08450403098067
130	12.161720822381486	13.944409587782555
