20	9.028714685123473	50.91769090835499
20	9.028714685123473	103.99680670894145
20	9.028714685123473	16.477782969424126
20	9.028714685123473	17.16162072237172
20	9.028714685123473	22.446787565967988
20	9.028714685123473	10.650029240624713
20	9.028714685123473	16.412844768709903
20	9.028714685123473	112.42108567850593
20	9.028714685123473	23.304254457760717
20	9.028714685123473	80.46190001980749
20	9.028714685123473	95.03687593356673
20	9.028714685123473	11.42611497460712
20	9.028714685123473	34.441796813158604
20	9.028714685123473	10.707330186278645
20	9.028714685123473	37.20545390794175
20	9.028714685123473	2.525892633687184
20	9.028714685123473	20.504730850328077
20	9.028714685123473	10.604793981284196
20	9.028714685123473	78.85211719891386
20	9.028714685123473	23.71281856738704
