260	4.7285501100305	4.203977602507799
260	4.7285501100305	37.30299287681467
260	4.7285501100305	6.451928683260172
260	4.7285501100305	5.706177493697584
260	4.7285501100305	12.669703587984689
260	4.7285501100305	3.165167156794008
260	4.7285501100305	12.701014193546246
260	4.7285501100305	15.416692504912007
260	4.7285501100305	23.08483333977337
260	4.7285501100305	7.519480459600754
260	4.7285501100305	127.53415604536437
260	4.7285501100305	0.9985561856349373
260	4.7285501100305	7.571011654154019
260	4.7285501100305	115.28469181030145
260	4.7285501100305	97.48491521567217
260	4.7285501100305	7.152116929536876
260	4.7285501100305	5.476971691333984
260	4.7285501100305	108.1921618453229
260	4.7285501100305	17.88120182161221
260	4.7285501100305	15.99442102105942
260	4.7285501100305	2.105598957958405
260	4.7285501100305	90.44957610021343
260	4.7285501100305	5.484712604640715
260	4.7285501100305	97.00873203133811
260	4.7285501100305	7.853294971929557
260	4.7285501100305	4.250307260666736
260	4.7285501100305	51.41817176617991
260	4.7285501100305	19.43132655404212
260	4.7285501100305	19.148725566286135
260	4.7285501100305	4.843320727181801
260	4.7285501100305	13.7365185860038
260	4.7285501100305	7.274913519441975
260	4.7285501100305	2.9538229987280773
260	4.7285501100305	9.457763055709872
260	4.7285501100305	6.60878457406352
260	4.7285501100305	25.069776699384757
260	4.7285501100305	9.198096372747811
260	4.7285501100305	44.07735122667562
260	4.7285501100305	42.768818588390786
260	4.7285501100305	6.0707721832674695
260	4.7285501100305	5.2413555220684245
260	4.7285501100305	5.495866293578282
260	4.7285501100305	10.744361195475129
260	4.7285501100305	58.99592268709415
260	4.7285501100305	4.1635022806239945
260	4.7285501100305	60.10027160879679
260	4.7285501100305	8.703607457059661
260	4.7285501100305	32.088659248142584
260	4.7285501100305	4.590060285978048
260	4.7285501100305	1.727449044244023
260	4.7285501100305	5.040888251656833
260	4.7285501100305	5.355552576294817
260	4.7285501100305	20.656773487093414
260	4.7285501100305	7.222261633818734
260	4.7285501100305	12.268990829507537
260	4.7285501100305	8.304306040184446
260	4.7285501100305	33.32565962726489
260	4.7285501100305	79.50106103310044
260	4.7285501100305	4.365870276004016
260	4.7285501100305	40.07028716407062
260	4.7285501100305	15.370596542324526
260	4.7285501100305	7.6799401232387705
260	4.7285501100305	11.868308874410802
260	4.7285501100305	18.17503121277804
260	4.7285501100305	27.748785741556922
260	4.7285501100305	10.28819112435137
260	4.7285501100305	11.108371648251243
260	4.7285501100305	9.63448936688123
260	4.7285501100305	3.553166264874637
260	4.7285501100305	1.6005520179920487
260	4.7285501100305	1.9965226269032776
260	4.7285501100305	22.699548060279863
260	4.7285501100305	10.616781654275233
260	4.7285501100305	19.92986040057717
260	4.7285501100305	4.426462488229499
260	4.7285501100305	11.591264396961641
260	4.7285501100305	22.707336175254664
260	4.7285501100305	8.54074616135177
260	4.7285501100305	29.101295258594522
260	4.7285501100305	397.9724358728601
260	4.7285501100305	20.922792483280336
260	4.7285501100305	8.637823206002562
260	4.7285501100305	19.19417368507968
260	4.7285501100305	30.68300447666889
260	4.7285501100305	17.615837473676475
260	4.7285501100305	2.459734959382093
260	4.7285501100305	71.97381492740988
260	4.7285501100305	12.85532640644659
260	4.7285501100305	5.4163352471311335
260	4.7285501100305	26.330697793787188
260	4.7285501100305	2.072328928212996
260	4.7285501100305	9.42799386121605
260	4.7285501100305	10.139879299309243
260	4.7285501100305	1.8801897620719306
260	4.7285501100305	1.8922340090773384
260	4.7285501100305	8.739756270906879
260	4.7285501100305	5.53527185242995
260	4.7285501100305	24.95564699126105
260	4.7285501100305	4.319026235030413
260	4.7285501100305	11.84564559808351
260	4.7285501100305	27.96806125510694
260	4.7285501100305	2.9361774397951583
260	4.7285501100305	3.308499719225941
260	4.7285501100305	16.789481281591236
260	4.7285501100305	17.358593828913538
260	4.7285501100305	24.863335273890122
260	4.7285501100305	2.556611117370557
260	4.7285501100305	22.866697326207138
260	4.7285501100305	11.454508973922767
260	4.7285501100305	2.6855692811165426
260	4.7285501100305	3.404957283488093
260	4.7285501100305	14.198108434313351
260	4.7285501100305	23.59779564212875
260	4.7285501100305	31.655711211655614
260	4.7285501100305	23.68232028103189
260	4.7285501100305	19.393783078098366
260	4.7285501100305	12.46508751983745
260	4.7285501100305	7.939967356319944
260	4.7285501100305	25.704665739643445
260	4.7285501100305	29.468106648604653
260	4.7285501100305	4.112204705349124
260	4.7285501100305	22.216768832698065
260	4.7285501100305	32.24680716722782
260	4.7285501100305	32.96403904604146
260	4.7285501100305	6.810093497132629
260	4.7285501100305	29.32759103907534
260	4.7285501100305	11.623334471058252
260	4.7285501100305	17.550989140205157
260	4.7285501100305	11.44802735013262
260	4.7285501100305	22.455673145884173
260	4.7285501100305	3.589583911134316
260	4.7285501100305	26.67815271284923
260	4.7285501100305	5.681034490353604
260	4.7285501100305	7.301977707146703
260	4.7285501100305	35.74889951577061
260	4.7285501100305	35.97356939660903
260	4.7285501100305	30.63559475693002
260	4.7285501100305	5.617255074722033
260	4.7285501100305	18.979045926112857
260	4.7285501100305	17.308018463021565
260	4.7285501100305	5.013922533642443
260	4.7285501100305	18.211561627331186
260	4.7285501100305	30.081782901659345
260	4.7285501100305	2.6098185418092683
260	4.7285501100305	4.2526737346589725
260	4.7285501100305	88.04317628247335
260	4.7285501100305	5.513100773505536
260	4.7285501100305	4.348253750824227
260	4.7285501100305	6.033650351312137
260	4.7285501100305	2.687030209941987
260	4.7285501100305	21.53802580781179
260	4.7285501100305	3.628766868132805
260	4.7285501100305	8.6687582645729
260	4.7285501100305	30.927175182942666
260	4.7285501100305	4.06840611653822
260	4.7285501100305	35.91720779629448
260	4.7285501100305	8.835374075721273
260	4.7285501100305	7.989963392005735
260	4.7285501100305	6.719658871480747
260	4.7285501100305	10.576864474368548
260	4.7285501100305	8.45896826769795
260	4.7285501100305	15.163131399213277
260	4.7285501100305	24.907678293805738
260	4.7285501100305	3.222629478357378
260	4.7285501100305	2.41443433802522
260	4.7285501100305	112.22910978578102
260	4.7285501100305	7.569644184935985
260	4.7285501100305	8.856954960167371
260	4.7285501100305	129.63184715779352
260	4.7285501100305	17.59638130269312
260	4.7285501100305	173.9879068017257
260	4.7285501100305	33.64429016996968
260	4.7285501100305	8.07884362661516
260	4.7285501100305	2.430814666226398
260	4.7285501100305	10.51287537069465
260	4.7285501100305	6.104454749278267
260	4.7285501100305	29.08465377211526
260	4.7285501100305	14.046467906298023
260	4.7285501100305	3.0272687858936322
260	4.7285501100305	8.476543154969086
260	4.7285501100305	6.604114234743853
260	4.7285501100305	60.33266520514742
260	4.7285501100305	8.934219512207678
260	4.7285501100305	50.84633127464313
260	4.7285501100305	21.66057275778145
260	4.7285501100305	0.6233698994586284
260	4.7285501100305	34.692122396783766
260	4.7285501100305	20.870936742423112
260	4.7285501100305	26.98892555946018
260	4.7285501100305	12.72619670443379
260	4.7285501100305	12.751609932227508
260	4.7285501100305	22.474630970547796
260	4.7285501100305	8.957818368109129
260	4.7285501100305	72.7724539285235
260	4.7285501100305	17.11846558222658
260	4.7285501100305	15.283022983659318
260	4.7285501100305	12.355032336574064
260	4.7285501100305	8.74241035307368
260	4.7285501100305	7.700898776038814
260	4.7285501100305	18.30719421148703
260	4.7285501100305	18.888155885634998
260	4.7285501100305	8.837201624041867
260	4.7285501100305	25.892358671026628
260	4.7285501100305	1.2672208723652627
260	4.7285501100305	16.51027716319769
260	4.7285501100305	29.12077671983055
260	4.7285501100305	15.194849625448905
260	4.7285501100305	45.520687371730126
260	4.7285501100305	50.91907744687018
260	4.7285501100305	7.955226688268187
260	4.7285501100305	115.67906053282375
260	4.7285501100305	7.845694104638772
260	4.7285501100305	2.3726825538855625
260	4.7285501100305	4.446497762005632
260	4.7285501100305	16.685641156353515
260	4.7285501100305	30.722432247970882
260	4.7285501100305	15.974060159446559
260	4.7285501100305	4.7611204984357895
260	4.7285501100305	53.5349113700828
260	4.7285501100305	9.741522244196148
260	4.7285501100305	6.0688729766284055
260	4.7285501100305	7.9658077267088965
260	4.7285501100305	65.72244661797595
260	4.7285501100305	7.7788917036893155
260	4.7285501100305	128.49490443363052
260	4.7285501100305	3.4787349265042895
260	4.7285501100305	51.8220748198237
260	4.7285501100305	9.881556627641578
260	4.7285501100305	11.898781854703277
260	4.7285501100305	40.73261268460478
260	4.7285501100305	77.03657165610868
260	4.7285501100305	2.9086179885000982
260	4.7285501100305	44.29847508089156
260	4.7285501100305	11.060797903730233
260	4.7285501100305	2.979579439801511
260	4.7285501100305	6.078804633113976
260	4.7285501100305	65.55484942264464
260	4.7285501100305	16.502726134029164
260	4.7285501100305	32.23727298398447
260	4.7285501100305	117.22513009262586
260	4.7285501100305	8.755115662931749
260	4.7285501100305	2.6303011826957454
260	4.7285501100305	37.35204411771748
260	4.7285501100305	8.337127693557756
260	4.7285501100305	7.242477603564985
260	4.7285501100305	8.059722544158793
260	4.7285501100305	10.540216439440067
260	4.7285501100305	7.66024405300007
260	4.7285501100305	14.310997101935833
260	4.7285501100305	10.154282630346813
260	4.7285501100305	10.065616675785535
260	4.7285501100305	32.12070438765482
260	4.7285501100305	60.24970370566997
260	4.7285501100305	6.523440335099443
260	4.7285501100305	11.075993092698523
260	4.7285501100305	20.244714299179492
260	4.7285501100305	4.461402298054113
260	4.7285501100305	15.576748815341164
260	4.7285501100305	2.4807487397256556
260	4.7285501100305	5.8417422837882444
