13	3.8984272984510504	8.785163912289526
13	3.8984272984510504	7.383134609114398
13	3.8984272984510504	8.873168264788472
13	3.8984272984510504	6.808883241342392
13	3.8984272984510504	3.8711279816372057
13	3.8984272984510504	2.4398220888929822
13	3.8984272984510504	13.945088284046461
13	3.8984272984510504	17.843479267169222
13	3.8984272984510504	1.5071767628329584
13	3.8984272984510504	44.41942821151617
13	3.8984272984510504	5.500699233672286
13	3.8984272984510504	35.15712722957791
13	3.8984272984510504	2.0318225353638493
