27	1.6349866210896085	0.4026552631222746
27	1.6349866210896085	9.579527382938576
27	1.6349866210896085	6.3275478533952825
27	1.6349866210896085	52.72342903460571
27	1.6349866210896085	5.832502488483429
27	1.6349866210896085	2.2109768753918586
27	1.6349866210896085	2.842162492127757
27	1.6349866210896085	2.3500242553994735
27	1.6349866210896085	2.2367780437221456
27	1.6349866210896085	0.6833513567522388
27	1.6349866210896085	5.815473443582524
27	1.6349866210896085	11.41461451245943
27	1.6349866210896085	2.6133016231413553
27	1.6349866210896085	74.52566754743196
27	1.6349866210896085	20.684831839962108
27	1.6349866210896085	2.2934928664367473
27	1.6349866210896085	9.376052829897764
27	1.6349866210896085	1.3432328937661213
27	1.6349866210896085	1.5050765397968693
27	1.6349866210896085	96.49517659333917
27	1.6349866210896085	18.876133524448406
27	1.6349866210896085	3.3743181212001088
27	1.6349866210896085	2.5930469296546463
27	1.6349866210896085	2.566527632263181
27	1.6349866210896085	9.014727919798819
27	1.6349866210896085	7.9533658582801285
27	1.6349866210896085	1.2432212468573214
