15	4.793340673400889	33.219361976455204
15	4.793340673400889	8.572543594368936
15	4.793340673400889	5.747771464642329
15	4.793340673400889	16.157209845602523
15	4.793340673400889	10.081163899348011
15	4.793340673400889	4.994108569125684
15	4.793340673400889	235.73885013017943
15	4.793340673400889	36.78091299668605
15	4.793340673400889	44.70423323444911
15	4.793340673400889	58.00162547045517
15	4.793340673400889	24.21047807792541
15	4.793340673400889	53.217291994023974
15	4.793340673400889	13.438660008813732
15	4.793340673400889	15.132235158677577
15	4.793340673400889	18.770034999001535
