30	24.940732677917957	80.44465546114023
30	24.940732677917957	64.13428395421046
30	24.940732677917957	78.85677715549939
30	24.940732677917957	96.04498088507408
30	24.940732677917957	103.7807066489811
30	24.940732677917957	34.121761108619225
30	24.940732677917957	333.76654243507113
30	24.940732677917957	44.75975536454182
30	24.940732677917957	53.81721361230255
30	24.940732677917957	123.61966429809998
30	24.940732677917957	138.04464331051705
30	24.940732677917957	98.2497061199909
30	24.940732677917957	88.49900586317884
30	24.940732677917957	50.34283851131959
30	24.940732677917957	206.18628260834947
30	24.940732677917957	126.15731385186321
30	24.940732677917957	130.96814336425177
30	24.940732677917957	187.0932558271703
30	24.940732677917957	14.377349541163598
30	24.940732677917957	49.56204627608096
30	24.940732677917957	312.8370743721588
30	24.940732677917957	167.3991516190739
30	24.940732677917957	42.42269108715588
30	24.940732677917957	112.23890826819472
30	24.940732677917957	37.37606719282775
30	24.940732677917957	90.27394489145729
30	24.940732677917957	37.170971761435005
30	24.940732677917957	160.52527197420218
30	24.940732677917957	47.06678056719355
30	24.940732677917957	20.87267401578299
