22	19.0753729711882	112.0359928394374
22	19.0753729711882	51.846239792002706
22	19.0753729711882	76.94418241586582
22	19.0753729711882	44.98616585360321
22	19.0753729711882	91.82962990329409
22	19.0753729711882	192.16975069180953
22	19.0753729711882	82.04222504920538
22	19.0753729711882	54.40762983521252
22	19.0753729711882	29.37285423956497
22	19.0753729711882	17.80351434404494
22	19.0753729711882	68.41583809040677
22	19.0753729711882	47.75599399874653
22	19.0753729711882	168.1955245086322
22	19.0753729711882	157.90621128215903
22	19.0753729711882	28.423251005472043
22	19.0753729711882	249.25540431569948
22	19.0753729711882	59.43610564056516
22	19.0753729711882	207.50746574338865
22	19.0753729711882	80.59520720007032
22	19.0753729711882	22.283589590993707
22	19.0753729711882	349.67099089260284
22	19.0753729711882	59.43774542133265
