30	6.1200230933283954	0.8750895874531747
30	6.1200230933283954	69.13229433755288
30	6.1200230933283954	10.931906520219698
30	6.1200230933283954	9.351914764387462
30	6.1200230933283954	21.046766771679415
30	6.1200230933283954	22.481588898368027
30	6.1200230933283954	7.878285713722501
30	6.1200230933283954	38.70275672099569
30	6.1200230933283954	24.858300526870888
30	6.1200230933283954	12.045521270480656
30	6.1200230933283954	18.52927201819668
30	6.1200230933283954	8.902201464563094
30	6.1200230933283954	20.826044490679948
30	6.1200230933283954	4.304626270103866
30	6.1200230933283954	93.31689007261467
30	6.1200230933283954	17.53849713070897
30	6.1200230933283954	83.33303219785432
30	6.1200230933283954	116.77186572535722
30	6.1200230933283954	18.221106295310264
30	6.1200230933283954	23.1904896687808
30	6.1200230933283954	29.292518250069833
30	6.1200230933283954	9.42023199366126
30	6.1200230933283954	32.12157260651275
30	6.1200230933283954	75.14784820282574
30	6.1200230933283954	5.140905771611184
30	6.1200230933283954	8.921962924304127
30	6.1200230933283954	5.150927380073169
30	6.1200230933283954	10.205937101084329
30	6.1200230933283954	4.826724198556294
30	6.1200230933283954	13.52686452146005
