13	3.5391443967688523	2.2765146284225954
13	3.5391443967688523	1.3366399061235799
13	3.5391443967688523	6.3945414995643555
13	3.5391443967688523	4.11326073482311
13	3.5391443967688523	27.156697628424777
13	3.5391443967688523	1.4292479385465287
13	3.5391443967688523	24.536725165077858
13	3.5391443967688523	5.739378667292811
13	3.5391443967688523	7.826097983793384
13	3.5391443967688523	5.233489718976288
13	3.5391443967688523	2.259476048960686
13	3.5391443967688523	3.836834647288924
13	3.5391443967688523	4.115829801900336
