46	1288513428.1634326	346520412910.6905
46	1288513428.1634326	49303389179.14946
46	1288513428.1634326	320570956594.36194
46	1288513428.1634326	11727028840029.24
46	1288513428.1634326	523874602187.4497
46	1288513428.1634326	993531885070.8943
46	1288513428.1634326	784539844178.7588
46	1288513428.1634326	1429183387466.0557
46	1288513428.1634326	4615486466849.454
46	1288513428.1634326	49799610858.867355
46	1288513428.1634326	42355796589.24669
46	1288513428.1634326	431008866320.0566
46	1288513428.1634326	341971492725.5031
46	1288513428.1634326	142741090016.89673
46	1288513428.1634326	1816302297037.1182
46	1288513428.1634326	3752517726335.4204
46	1288513428.1634326	169789514794.74576
46	1288513428.1634326	2877604927576.6455
46	1288513428.1634326	59551309876.26704
46	1288513428.1634326	476290464529.4629
46	1288513428.1634326	43049791426.93184
46	1288513428.1634326	4213459736119.1045
46	1288513428.1634326	658372346748.5995
46	1288513428.1634326	57750892508963.06
46	1288513428.1634326	8128327767933.178
46	1288513428.1634326	713364837070.7532
46	1288513428.1634326	394061583592.0024
46	1288513428.1634326	80401206292.4396
46	1288513428.1634326	6449616190956.105
46	1288513428.1634326	758315807884.7546
46	1288513428.1634326	3053254771456.0796
46	1288513428.1634326	455197696223.9406
46	1288513428.1634326	603213317710.383
46	1288513428.1634326	8740382696390.1875
46	1288513428.1634326	373312310927.52985
46	1288513428.1634326	745357350098.2808
46	1288513428.1634326	607834542138.3475
46	1288513428.1634326	302126926044.7188
46	1288513428.1634326	570691576090.8168
46	1288513428.1634326	1748278309937.2356
46	1288513428.1634326	1303824707900.9824
46	1288513428.1634326	2703086091388.7954
46	1288513428.1634326	2418323673010.91
46	1288513428.1634326	19465901659.998978
46	1288513428.1634326	52989399497.61083
46	1288513428.1634326	1083529663342.4579
