150	19.040419929888362	48.48852068570482
150	19.040419929888362	76.15562406329889
150	19.040419929888362	81.12536614642295
150	19.040419929888362	14.783859585700792
150	19.040419929888362	45.26238049343989
150	19.040419929888362	7.683102191003347
150	19.040419929888362	7.15601963067876
150	19.040419929888362	640.3293758985225
150	19.040419929888362	11.216867990264179
150	19.040419929888362	449.5478603074058
150	19.040419929888362	437.58673673361164
150	19.040419929888362	54.962985696967905
150	19.040419929888362	58.08267796546425
150	19.040419929888362	89.44584954249218
150	19.040419929888362	10.160189848730681
150	19.040419929888362	337.0855717951944
150	19.040419929888362	22.140854542702883
150	19.040419929888362	33.627620283373254
150	19.040419929888362	9.099428656512924
150	19.040419929888362	16.64493739066958
150	19.040419929888362	846.4025603384856
150	19.040419929888362	91.87605254535137
150	19.040419929888362	89.49118272321108
150	19.040419929888362	8.701210024817552
150	19.040419929888362	20.182384098501448
150	19.040419929888362	34.926681071879415
150	19.040419929888362	51.68434104331359
150	19.040419929888362	32.97302925789473
150	19.040419929888362	134.31088299795033
150	19.040419929888362	23.425603678167974
150	19.040419929888362	23.089427887362405
150	19.040419929888362	65.49653294845415
150	19.040419929888362	44.64637161370007
150	19.040419929888362	27.586144048128634
150	19.040419929888362	17.4785997097096
150	19.040419929888362	147.1808698381105
150	19.040419929888362	31.83943094529784
150	19.040419929888362	16.24543095022991
150	19.040419929888362	1003.4701686826539
150	19.040419929888362	59.22257331345692
150	19.040419929888362	88.83513613919132
150	19.040419929888362	60.40229778486527
150	19.040419929888362	105.14253713182381
150	19.040419929888362	40.95863772539412
150	19.040419929888362	31.693521502477275
150	19.040419929888362	167.40857965358822
150	19.040419929888362	30.712653764611424
150	19.040419929888362	25.27439954368487
150	19.040419929888362	43.547755156055416
150	19.040419929888362	18.096615397067662
150	19.040419929888362	22.162330460820506
150	19.040419929888362	45.798869226737786
150	19.040419929888362	25.792188794366137
150	19.040419929888362	62.66334090621094
150	19.040419929888362	64.03727015336034
150	19.040419929888362	41.46589451258793
150	19.040419929888362	16.833286292345022
150	19.040419929888362	125.14943417038675
150	19.040419929888362	3.7484100047727997
150	19.040419929888362	8.888230082290566
150	19.040419929888362	19.3243836805714
150	19.040419929888362	20.968173483079717
150	19.040419929888362	7.770643268678757
150	19.040419929888362	7.21430583425787
150	19.040419929888362	13.198897644155124
150	19.040419929888362	6.547356630973657
150	19.040419929888362	81.59437807320627
150	19.040419929888362	10.278181485386243
150	19.040419929888362	56.96127655511437
150	19.040419929888362	236.86083206943854
150	19.040419929888362	76.48789506360295
150	19.040419929888362	116.73031562096173
150	19.040419929888362	39.22567308783589
150	19.040419929888362	108.55451791010755
150	19.040419929888362	50.942463966237135
150	19.040419929888362	20.336628576315256
150	19.040419929888362	63.17224729552388
150	19.040419929888362	14.14814100466474
150	19.040419929888362	104.62450591221155
150	19.040419929888362	236.863939767299
150	19.040419929888362	35.8605740794451
150	19.040419929888362	19.516717266910366
150	19.040419929888362	119.13833094437291
150	19.040419929888362	22.02916338511341
150	19.040419929888362	59.04368202466947
150	19.040419929888362	27.529544860604318
150	19.040419929888362	194.0755503823005
150	19.040419929888362	28.420071040119183
150	19.040419929888362	24.80393207174764
150	19.040419929888362	63.7165690921597
150	19.040419929888362	22.788379964804385
150	19.040419929888362	15.732554552078714
150	19.040419929888362	161.40110626057378
150	19.040419929888362	85.71710120489192
150	19.040419929888362	18.200310365007272
150	19.040419929888362	195.35979914662235
150	19.040419929888362	5.836602616248131
150	19.040419929888362	98.36049954021925
150	19.040419929888362	28.21751666843421
150	19.040419929888362	5.664700313390477
150	19.040419929888362	31.50640138819723
150	19.040419929888362	44.054959046697945
150	19.040419929888362	9.25727955641881
150	19.040419929888362	27.07693479593615
150	19.040419929888362	57.80647985918006
150	19.040419929888362	157.6718390912857
150	19.040419929888362	74.55395409172837
150	19.040419929888362	30.54328328777085
150	19.040419929888362	72.52186487957164
150	19.040419929888362	40.3070115089729
150	19.040419929888362	55.51795329884417
150	19.040419929888362	14.311882934909717
150	19.040419929888362	55.299163858757474
150	19.040419929888362	38.3033726787991
150	19.040419929888362	102.15748868693706
150	19.040419929888362	120.5471596682672
150	19.040419929888362	15.448626212359878
150	19.040419929888362	34.47094604891845
150	19.040419929888362	11.9291737832352
150	19.040419929888362	27.8533988768494
150	19.040419929888362	25.62285419699171
150	19.040419929888362	85.65824349490775
150	19.040419929888362	90.65561195420925
150	19.040419929888362	93.16407964491343
150	19.040419929888362	25.07986781725563
150	19.040419929888362	224.1047317562267
150	19.040419929888362	27.99263922722487
150	19.040419929888362	28.808929620846662
150	19.040419929888362	20.563894095397526
150	19.040419929888362	96.17078345184441
150	19.040419929888362	44.6586511164094
150	19.040419929888362	56.35332589439944
150	19.040419929888362	55.90966310200963
150	19.040419929888362	78.07250798052284
150	19.040419929888362	48.8933533804751
150	19.040419929888362	20.224926511563236
150	19.040419929888362	32.628478419250236
150	19.040419929888362	244.168001005447
150	19.040419929888362	438.2568355508248
150	19.040419929888362	211.36517512459574
150	19.040419929888362	54.44851972663265
150	19.040419929888362	53.92170838547282
150	19.040419929888362	588.3136922636736
150	19.040419929888362	36.57622266111159
150	19.040419929888362	75.4603821535842
150	19.040419929888362	13.98163849032902
150	19.040419929888362	50.16395849381416
150	19.040419929888362	29.126667762036995
150	19.040419929888362	17.00015406016825
150	19.040419929888362	69.58632952883347
