13	30.18375993478791	162.09718633945621
13	30.18375993478791	43.864182162444145
13	30.18375993478791	329.349394226592
13	30.18375993478791	46.39422531372583
13	30.18375993478791	221.62213938229436
13	30.18375993478791	78.83635502603185
13	30.18375993478791	42.20306778317854
13	30.18375993478791	18.801383571846713
13	30.18375993478791	141.75871867244538
13	30.18375993478791	49.8886412395162
13	30.18375993478791	77.28141985497496
13	30.18375993478791	14.738076677494515
13	30.18375993478791	53.30986140878339
