18	2.9596576271589288	7.048937471818473
18	2.9596576271589288	12.587238415454971
18	2.9596576271589288	13.663780246857357
18	2.9596576271589288	9.46830250708496
18	2.9596576271589288	6.877970305570166
18	2.9596576271589288	3.7096302325502357
18	2.9596576271589288	5.4953096659221226
18	2.9596576271589288	18.790255591567536
18	2.9596576271589288	6.141957228503667
18	2.9596576271589288	10.941733837566867
18	2.9596576271589288	20.382419230572975
18	2.9596576271589288	1.7265619919114472
18	2.9596576271589288	5.02645550332829
18	2.9596576271589288	6.9972320009072995
18	2.9596576271589288	1.8863204101830682
18	2.9596576271589288	2.0710018583853236
18	2.9596576271589288	21.245660866354196
18	2.9596576271589288	3.0787119310512256
