13	20.5545763913275	69.68615428805964
13	20.5545763913275	51.19645236056801
13	20.5545763913275	47.194951839501414
13	20.5545763913275	23.514202876575702
13	20.5545763913275	112.98715839159472
13	20.5545763913275	156.5072954908161
13	20.5545763913275	104.70026927809835
13	20.5545763913275	125.16347191759935
13	20.5545763913275	24.301442568925257
13	20.5545763913275	29.126776121938537
13	20.5545763913275	63.87920415740327
13	20.5545763913275	48.120956511482646
13	20.5545763913275	87.75331477456741
