50	22.743643158305158	684.0358535699993
50	22.743643158305158	59.39403255787947
50	22.743643158305158	22.883814126829442
50	22.743643158305158	124.88541078995326
50	22.743643158305158	33.93817094740382
50	22.743643158305158	95.11579863470148
50	22.743643158305158	123.24743480100844
50	22.743643158305158	47.61597495909757
50	22.743643158305158	59.344457849451686
50	22.743643158305158	20.23099616149609
50	22.743643158305158	13.087466948419237
50	22.743643158305158	92.84010421853944
50	22.743643158305158	19.76446070814688
50	22.743643158305158	30.207040409309407
50	22.743643158305158	124.89464306178044
50	22.743643158305158	369.26080390339354
50	22.743643158305158	114.40727965007332
50	22.743643158305158	349.7125286394041
50	22.743643158305158	224.6279803883677
50	22.743643158305158	38.1993671226396
50	22.743643158305158	118.67779925434566
50	22.743643158305158	53.16755280130026
50	22.743643158305158	8.709439732575088
50	22.743643158305158	20.737143344964075
50	22.743643158305158	9.059460135410882
50	22.743643158305158	9.372478256744307
50	22.743643158305158	245.98035077410583
50	22.743643158305158	99.93034276123181
50	22.743643158305158	33.41252239717935
50	22.743643158305158	19.307056019927504
50	22.743643158305158	92.94387271134244
50	22.743643158305158	2.532807695665276
50	22.743643158305158	106.97884949531422
50	22.743643158305158	12.664421569060098
50	22.743643158305158	38.86940753668738
50	22.743643158305158	522.8314398662103
50	22.743643158305158	66.32056478154767
50	22.743643158305158	238.16559266648903
50	22.743643158305158	93.24462279475208
50	22.743643158305158	226.78487423363248
50	22.743643158305158	519.7615897586448
50	22.743643158305158	37.281710689225626
50	22.743643158305158	49.878061518193974
50	22.743643158305158	96.59739744035524
50	22.743643158305158	37.536862345516965
50	22.743643158305158	100.93746724047908
50	22.743643158305158	16.67035303445735
50	22.743643158305158	223.2171463210524
50	22.743643158305158	71.72763052678485
50	22.743643158305158	30.747744199673154
