41	6.833884264942417	0.6176647602928292
41	6.833884264942417	6.631298772796483
41	6.833884264942417	15.881528964275438
41	6.833884264942417	20.921894360841534
41	6.833884264942417	40.152484495198124
41	6.833884264942417	7.833903472752577
41	6.833884264942417	169.98924134917468
41	6.833884264942417	32.16546697494719
41	6.833884264942417	11.83455458780774
41	6.833884264942417	3.5705320130253044
41	6.833884264942417	33.28336413752064
41	6.833884264942417	30.048080783243897
41	6.833884264942417	8.864100220130089
41	6.833884264942417	29.197952756143778
41	6.833884264942417	22.72310026279996
41	6.833884264942417	11.724264115259828
41	6.833884264942417	37.188210206905794
41	6.833884264942417	3.0242904566898337
41	6.833884264942417	21.14441498063436
41	6.833884264942417	9.675196557445672
41	6.833884264942417	66.5976280516666
41	6.833884264942417	33.39404849841418
41	6.833884264942417	5.015154057110465
41	6.833884264942417	8.487576502414472
41	6.833884264942417	87.51819312888769
41	6.833884264942417	8.0364192114112
41	6.833884264942417	26.913454325981885
41	6.833884264942417	152.51976919849903
41	6.833884264942417	12.55815049056044
41	6.833884264942417	155.7035598012665
41	6.833884264942417	24.138225622588145
41	6.833884264942417	10.876350253268827
41	6.833884264942417	43.02744276257513
41	6.833884264942417	28.73336983222777
41	6.833884264942417	116.63291990359943
41	6.833884264942417	13.634949383173675
41	6.833884264942417	21.17781700131846
41	6.833884264942417	27.615383711905874
41	6.833884264942417	17.226687640315696
41	6.833884264942417	15.43556336798645
41	6.833884264942417	8.320443311709809
