60	5.086308491529178	5.889036030654231
60	5.086308491529178	14.494474023571264
60	5.086308491529178	54.478288199278424
60	5.086308491529178	9.88071244617209
60	5.086308491529178	3.222699105326272
60	5.086308491529178	12.619801815226587
60	5.086308491529178	5.387083771076782
60	5.086308491529178	5.328671463072895
60	5.086308491529178	29.63412066311238
60	5.086308491529178	26.083491737516564
60	5.086308491529178	3.0867762599255206
60	5.086308491529178	14.478919262858541
60	5.086308491529178	1.6095579405590843
60	5.086308491529178	61.17631612785772
60	5.086308491529178	2.901085845216888
60	5.086308491529178	17.281180573908518
60	5.086308491529178	16.17037103899169
60	5.086308491529178	79.82488812699285
60	5.086308491529178	21.44762156938008
60	5.086308491529178	9.41083817869977
60	5.086308491529178	19.974455655670525
60	5.086308491529178	3.533369984581672
60	5.086308491529178	35.61584831759707
60	5.086308491529178	2.6803297685342997
60	5.086308491529178	19.385502136232198
60	5.086308491529178	26.64832510891285
60	5.086308491529178	19.12899124082126
60	5.086308491529178	51.535995302411955
60	5.086308491529178	13.07287858886922
60	5.086308491529178	68.13126017106504
60	5.086308491529178	75.94504319457205
60	5.086308491529178	68.59335933685085
60	5.086308491529178	11.101501158447109
60	5.086308491529178	8.62337423029829
60	5.086308491529178	21.869253481167533
60	5.086308491529178	22.18319515061022
60	5.086308491529178	2.2832949956540975
60	5.086308491529178	5.921621205702765
60	5.086308491529178	24.14478680073507
60	5.086308491529178	34.76984489846184
60	5.086308491529178	19.762929505523267
60	5.086308491529178	5.546412134473629
60	5.086308491529178	26.788716737181026
60	5.086308491529178	14.695009300062608
60	5.086308491529178	3.6255779043431273
60	5.086308491529178	1.7355471111416072
60	5.086308491529178	25.122158511876957
60	5.086308491529178	6.073389201506771
60	5.086308491529178	52.346293431693894
60	5.086308491529178	19.808949216519338
60	5.086308491529178	6.897281010592808
60	5.086308491529178	10.20904862728923
60	5.086308491529178	22.837242121631697
60	5.086308491529178	9.123147327211322
60	5.086308491529178	8.633164713720465
60	5.086308491529178	9.580704403784978
60	5.086308491529178	26.18300077185473
60	5.086308491529178	1.1376161432531897
60	5.086308491529178	35.43532231158508
60	5.086308491529178	29.125919734744947
