16	10.516893301453218	33.96274800139817
16	10.516893301453218	130.78025367203216
16	10.516893301453218	42.82563347520108
16	10.516893301453218	56.88018168066191
16	10.516893301453218	15.131247688319208
16	10.516893301453218	19.79533860822554
16	10.516893301453218	13.785009849908425
16	10.516893301453218	34.47040964155736
16	10.516893301453218	27.98074213684662
16	10.516893301453218	42.968650137930155
16	10.516893301453218	45.644659141400524
16	10.516893301453218	31.851802686474535
16	10.516893301453218	64.20757818596049
16	10.516893301453218	25.571530786035307
16	10.516893301453218	16.693438845552844
16	10.516893301453218	312.6553675524259
