21	22.81944155468705	98.0300676541339
21	22.81944155468705	41.80558833359896
21	22.81944155468705	58.44115244221671
21	22.81944155468705	65.43745375812581
21	22.81944155468705	37.312069749983976
21	22.81944155468705	94.91990837537092
21	22.81944155468705	20.101566025253817
21	22.81944155468705	7.883353044690476
21	22.81944155468705	73.13093238021591
21	22.81944155468705	212.28405781995895
21	22.81944155468705	207.01386618695457
21	22.81944155468705	49.090801352351
21	22.81944155468705	19.589212458809094
21	22.81944155468705	49.683502357545684
21	22.81944155468705	30.04136822938904
21	22.81944155468705	31.40419651531637
21	22.81944155468705	74.73759811572076
21	22.81944155468705	22.819484485212765
21	22.81944155468705	39.427938447918336
21	22.81944155468705	262.8567493213816
21	22.81944155468705	125.8319611324984
