40	4.329228736270004	7.040016947650786
40	4.329228736270004	3.5148552150939327
40	4.329228736270004	15.377552323082272
40	4.329228736270004	3.5141191365907343
40	4.329228736270004	39.020673062974886
40	4.329228736270004	4.32838168294064
40	4.329228736270004	4.674337567009276
40	4.329228736270004	4.020819377243776
40	4.329228736270004	7.0661369777901175
40	4.329228736270004	18.12555822934893
40	4.329228736270004	7.208746643467478
40	4.329228736270004	60.630041226421845
40	4.329228736270004	16.789188713282858
40	4.329228736270004	6.030580429465117
40	4.329228736270004	14.924463904387474
40	4.329228736270004	22.526763544918936
40	4.329228736270004	3.038306593270614
40	4.329228736270004	20.36774827057554
40	4.329228736270004	16.645953530096826
40	4.329228736270004	1.9104000263348415
40	4.329228736270004	26.494208494227042
40	4.329228736270004	33.79014793032196
40	4.329228736270004	18.631884411674935
40	4.329228736270004	10.067827957154416
40	4.329228736270004	22.995900559964113
40	4.329228736270004	2.5820787202651903
40	4.329228736270004	10.986297192639356
40	4.329228736270004	12.035876277675497
40	4.329228736270004	0.8582945633927304
40	4.329228736270004	6.17180346447289
40	4.329228736270004	83.52260142870337
40	4.329228736270004	7.793653108322315
40	4.329228736270004	60.202772467763026
40	4.329228736270004	18.458239656014957
40	4.329228736270004	9.084625985686152
40	4.329228736270004	5.7158686692463965
40	4.329228736270004	4.114986685573016
40	4.329228736270004	43.460589253203196
40	4.329228736270004	18.57684513087955
40	4.329228736270004	4.779781701476166
