98	1.817304593465388	3.1631314449972296
98	1.817304593465388	3.0306948328605974
98	1.817304593465388	9.689291728683564
98	1.817304593465388	0.5105502108845013
98	1.817304593465388	4.094328110003865
98	1.817304593465388	10.019130167920753
98	1.817304593465388	6.054137068150513
98	1.817304593465388	11.504588070893535
98	1.817304593465388	3.9302014027216785
98	1.817304593465388	2.1544971927906524
98	1.817304593465388	11.273720021918685
98	1.817304593465388	2.1311687626668556
98	1.817304593465388	38.114832765919566
98	1.817304593465388	1.9157316107134337
98	1.817304593465388	5.879414287142634
98	1.817304593465388	2.9984154097297124
98	1.817304593465388	2.271897366451151
98	1.817304593465388	1.7955427846804008
98	1.817304593465388	0.5643026095532855
98	1.817304593465388	1.4861147918744018
98	1.817304593465388	24.201827066745462
98	1.817304593465388	4.257933315931495
98	1.817304593465388	29.689277698901744
98	1.817304593465388	2.7724765311416304
98	1.817304593465388	3.676943604485263
98	1.817304593465388	48.713257408342976
98	1.817304593465388	7.691415352343783
98	1.817304593465388	9.41393605783857
98	1.817304593465388	4.151170125720705
98	1.817304593465388	15.009269990219414
98	1.817304593465388	6.3125962357275585
98	1.817304593465388	7.665213046431399
98	1.817304593465388	14.641178325791893
98	1.817304593465388	5.062404841157168
98	1.817304593465388	6.603762505461448
98	1.817304593465388	4.309894810631806
98	1.817304593465388	4.071272925552725
98	1.817304593465388	22.498075202578466
98	1.817304593465388	16.918376327902788
98	1.817304593465388	6.449265692453399
98	1.817304593465388	4.3157144884622705
98	1.817304593465388	2.3900419584787467
98	1.817304593465388	49.069231433799246
98	1.817304593465388	3.785617075773944
98	1.817304593465388	24.13784685239385
98	1.817304593465388	0.5125540795633557
98	1.817304593465388	11.401765739903306
98	1.817304593465388	4.441166496720873
98	1.817304593465388	1.3552016018322575
98	1.817304593465388	1.9248810175587703
98	1.817304593465388	1.336723577014905
98	1.817304593465388	10.08437816322906
98	1.817304593465388	7.06488165090202
98	1.817304593465388	3.5578782136497504
98	1.817304593465388	3.406660274271659
98	1.817304593465388	9.485887803217857
98	1.817304593465388	33.40516705382759
98	1.817304593465388	1.0871374997510332
98	1.817304593465388	45.16497787216228
98	1.817304593465388	1.5312540062200222
98	1.817304593465388	3.426820896862643
98	1.817304593465388	5.539572399216241
98	1.817304593465388	18.93183334165807
98	1.817304593465388	3.2355347359205187
98	1.817304593465388	9.116099676399642
98	1.817304593465388	10.761237113021481
98	1.817304593465388	3.407634138136163
98	1.817304593465388	4.317361749088813
98	1.817304593465388	3.4547095065338023
98	1.817304593465388	2.4547388442135456
98	1.817304593465388	13.542968065438359
98	1.817304593465388	14.344393854417902
98	1.817304593465388	1.3069319515952211
98	1.817304593465388	42.44722731730166
98	1.817304593465388	1.009020721774588
98	1.817304593465388	7.287277435845114
98	1.817304593465388	13.574558963786572
98	1.817304593465388	10.849873254286566
98	1.817304593465388	19.91061927053122
98	1.817304593465388	3.8155686058949194
98	1.817304593465388	11.913277381727788
98	1.817304593465388	21.485243469780038
98	1.817304593465388	2.2260667188818033
98	1.817304593465388	2.2178643584467563
98	1.817304593465388	17.39358756603369
98	1.817304593465388	7.781157424584538
98	1.817304593465388	23.42885989737846
98	1.817304593465388	18.8339680829823
98	1.817304593465388	44.499859858735654
98	1.817304593465388	2.0776125004124446
98	1.817304593465388	1.6116235360020599
98	1.817304593465388	25.22947593099236
98	1.817304593465388	37.09698132435502
98	1.817304593465388	12.216507879928969
98	1.817304593465388	3.8263392212683436
98	1.817304593465388	0.8991467637751014
98	1.817304593465388	2.476021476133965
98	1.817304593465388	28.793140492259994
