83	10.691200332823279	9.209370839898446
83	10.691200332823279	73.76338527288337
83	10.691200332823279	63.23221901550618
83	10.691200332823279	261.92549331186314
83	10.691200332823279	19.139560574344873
83	10.691200332823279	27.55395353806646
83	10.691200332823279	15.826642160109808
83	10.691200332823279	161.78027639069123
83	10.691200332823279	32.713075934338946
83	10.691200332823279	39.02336767506167
83	10.691200332823279	11.650956279860042
83	10.691200332823279	23.55580739552582
83	10.691200332823279	146.28961620576527
83	10.691200332823279	26.39335172128145
83	10.691200332823279	32.74826050129653
83	10.691200332823279	23.622999089577615
83	10.691200332823279	19.08153826612399
83	10.691200332823279	92.49901362729565
83	10.691200332823279	158.26282898853728
83	10.691200332823279	20.586941729675715
83	10.691200332823279	28.613456815918664
83	10.691200332823279	11.016153196692667
83	10.691200332823279	22.484721501980655
83	10.691200332823279	45.848919241781665
83	10.691200332823279	61.38563117425713
83	10.691200332823279	14.170240880712926
83	10.691200332823279	35.831289548359585
83	10.691200332823279	94.79290974328435
83	10.691200332823279	32.483203539759984
83	10.691200332823279	52.392345901537794
83	10.691200332823279	15.541309878821476
83	10.691200332823279	82.36621070681254
83	10.691200332823279	62.55584841282826
83	10.691200332823279	41.731758455957504
83	10.691200332823279	161.30447436417296
83	10.691200332823279	25.927570003384055
83	10.691200332823279	3.3917578274272278
83	10.691200332823279	12.486523900127326
83	10.691200332823279	15.897817696027657
83	10.691200332823279	36.62091640553682
83	10.691200332823279	21.9196291887436
83	10.691200332823279	20.96562462657777
83	10.691200332823279	142.0640226588006
83	10.691200332823279	15.351110326613082
83	10.691200332823279	42.637553888714486
83	10.691200332823279	5.436607111765642
83	10.691200332823279	250.61792083837992
83	10.691200332823279	27.303933443079696
83	10.691200332823279	7.932516887385157
83	10.691200332823279	38.3086802363064
83	10.691200332823279	17.212518080676393
83	10.691200332823279	11.921121425023172
83	10.691200332823279	43.65520745905657
83	10.691200332823279	10.372045704021986
83	10.691200332823279	44.733972627712795
83	10.691200332823279	54.786234219273474
83	10.691200332823279	12.945644998835336
83	10.691200332823279	19.833685146230323
83	10.691200332823279	29.658557905017435
83	10.691200332823279	45.70204750775294
83	10.691200332823279	59.55944775621931
83	10.691200332823279	132.42893297680487
83	10.691200332823279	6.784065848992631
83	10.691200332823279	29.14896932691442
83	10.691200332823279	111.45502257012674
83	10.691200332823279	43.32268990617447
83	10.691200332823279	38.01228633916258
83	10.691200332823279	21.87497480635624
83	10.691200332823279	28.85027152187573
83	10.691200332823279	19.07797276897445
83	10.691200332823279	31.840181620090103
83	10.691200332823279	23.90206451925314
83	10.691200332823279	19.953998554013964
83	10.691200332823279	95.81034495266437
83	10.691200332823279	34.77253354589341
83	10.691200332823279	11.333310328037344
83	10.691200332823279	14.05419929729137
83	10.691200332823279	79.04776627268093
83	10.691200332823279	61.44847855399901
83	10.691200332823279	178.7524760820678
83	10.691200332823279	9.437681500751918
83	10.691200332823279	18.3242381859221
83	10.691200332823279	117.95901767946758
